IGOR
WAVES/D/O sweep,sig(1) 
BEGIN
2570000000 7.604600e+03 
2571500000 7.572075e+03 
2573000000 7.568375e+03 
2574500000 7.567075e+03 
2.576000e+09 7.570675e+03 
2.577500e+09 7.548650e+03 
2.579000e+09 7.556775e+03 
2580500000 7.597650e+03 
2582000000 7.589650e+03 
2583500000 7.566850e+03 
2585000000 7.593525e+03 
2586500000 7593 
2588000000 7.590150e+03 
2.589500e+09 7.608525e+03 
2.591000e+09 7.585125e+03 
2592500000 7.578050e+03 
2594000000 7.588675e+03 
2595500000 7.564800e+03 
2597000000 7.582150e+03 
2598500000 7.574275e+03 
2.600000e+09 7.590750e+03 
2.601500e+09 7.572825e+03 
2.603000e+09 7.581275e+03 
2604500000 7.564825e+03 
2606000000 7.578025e+03 
2607500000 7.578675e+03 
2609000000 7.567125e+03 
2610500000 7.570350e+03 
2612000000 7.587050e+03 
2.613500e+09 7.565175e+03 
2615000000 7.570825e+03 
2616500000 7.564025e+03 
2618000000 7.584725e+03 
2619500000 7.592625e+03 
2621000000 7.574575e+03 
2622500000 7.559850e+03 
2.624000e+09 7.566600e+03 
2.625500e+09 7.569650e+03 
2627000000 7.536800e+03 
2628500000 7.518125e+03 
2630000000 7.515250e+03 
2631500000 7.489625e+03 
2633000000 7.489100e+03 
2634500000 7.489900e+03 
2636000000 7.499700e+03 
2.637500e+09 7.475350e+03 
2639000000 7.524350e+03 
2640500000 7.511750e+03 
2642000000 7.533600e+03 
2643500000 7.565425e+03 
2645000000 7.575375e+03 
2646500000 7565 
2.648000e+09 7.566625e+03 
2.649500e+09 7.566925e+03 
2651000000 7.600125e+03 
2652500000 7.557925e+03 
2654000000 7.589925e+03 
2655500000 7.604325e+03 
2657000000 7.575375e+03 
2658500000 7.581775e+03 
2.660000e+09 7.594425e+03 
2.661500e+09 7.578900e+03 
2663000000 7.573475e+03 
2664500000 7.576975e+03 
2666000000 7.582375e+03 
2667500000 7.594125e+03 
2669000000 7.595050e+03 
2670500000 7.604475e+03 
2672000000 7.605425e+03 
2673500000 7.567775e+03 
2675000000 7.602250e+03 
2676500000 7.613575e+03 
2678000000 7.562425e+03 
2679500000 7.601625e+03 
2681000000 7.579375e+03 
2682500000 7.590525e+03 
2.684000e+09 7.574375e+03 
2685500000 7.577475e+03 
2687000000 7.585250e+03 
2688500000 7.596150e+03 
2690000000 7.600875e+03 
2691500000 7.585375e+03 
2693000000 7.607375e+03 
2694500000 7.587600e+03 
2.696000e+09 7.596450e+03 
2697500000 7.566450e+03 
2699000000 7.545925e+03 
2700500000 7.570525e+03 
2702000000 7.567825e+03 
2703500000 7.547550e+03 
2705000000 7.535050e+03 
2706500000 7.531125e+03 
2708000000 7.532025e+03 
2709500000 7.548925e+03 
2711000000 7.539275e+03 
2712500000 7.534800e+03 
2714000000 7.521850e+03 
2715500000 7.552525e+03 
2717000000 7.556250e+03 
2718500000 7.560250e+03 
2.720000e+09 7.546525e+03 
2721500000 7.564575e+03 
2723000000 7.572050e+03 
2724500000 7.568775e+03 
2726000000 7.574450e+03 
2727500000 7.552825e+03 
2729000000 7.584200e+03 
2730500000 7.571500e+03 
2732000000 7.590625e+03 
2733500000 7.591325e+03 
2735000000 7.579475e+03 
2736500000 7.571725e+03 
2738000000 7.574325e+03 
2739500000 7.586575e+03 
2741000000 7.577725e+03 
2742500000 7.558375e+03 
2744000000 7.569700e+03 
2745500000 7.554300e+03 
2747000000 7.575225e+03 
2748500000 7.586225e+03 
2750000000 7.586725e+03 
2751500000 7.580825e+03 
2753000000 7.573550e+03 
2754500000 7.560450e+03 
2756000000 7.563550e+03 
2757500000 7.569750e+03 
2759000000 7.556375e+03 
2760500000 7.582975e+03 
2762000000 7.572550e+03 
2763500000 7.557175e+03 
2765000000 7.586475e+03 
2766500000 7.578800e+03 
2768000000 7.574100e+03 
2769500000 7.562125e+03 
2771000000 7.562500e+03 
2772500000 7.586575e+03 
2774000000 7.571325e+03 
2775500000 7.545925e+03 
2777000000 7.577275e+03 
2778500000 7.567075e+03 
2.780000e+09 7.571350e+03 
2781500000 7.548950e+03 
2783000000 7.560800e+03 
2784500000 7.552575e+03 
2786000000 7.575725e+03 
2787500000 7.576225e+03 
2789000000 7.582050e+03 
2790500000 7.561750e+03 
2792000000 7.569950e+03 
2793500000 7.566325e+03 
2795000000 7.580125e+03 
2796500000 7.579275e+03 
2798000000 7.577700e+03 
2799500000 7.588325e+03 
2801000000 7.563525e+03 
2802500000 7.562275e+03 
2.804000e+09 7.574300e+03 
2805500000 7541 
2807000000 7.578700e+03 
2808500000 7.566075e+03 
2810000000 7.570875e+03 
2811500000 7.571750e+03 
2813000000 7560 
2814500000 7.575425e+03 
2816000000 7.560275e+03 
2817500000 7.578450e+03 
2819000000 7.570625e+03 
2820500000 7.550525e+03 
2822000000 7.572075e+03 
2823500000 7.555825e+03 
2825000000 7.561700e+03 
2826500000 7.566450e+03 
2.828000e+09 7.571600e+03 
2829500000 7.553575e+03 
2831000000 7.583700e+03 
2832500000 7.556500e+03 
2834000000 7.580800e+03 
2835500000 7.563075e+03 
2837000000 7.555750e+03 
2.838500e+09 7.562800e+03 
2840000000 7.545700e+03 
2841500000 7.560425e+03 
2843000000 7.534300e+03 
2844500000 7.557225e+03 
2846000000 7.550100e+03 
2847500000 7.548875e+03 
2849000000 7.534525e+03 
2.850500e+09 7.538200e+03 
2.852000e+09 7.515675e+03 
2853500000 7.512050e+03 
2855000000 7.521200e+03 
2856500000 7.548400e+03 
2858000000 7.567075e+03 
2859500000 7.563300e+03 
2861000000 7.550775e+03 
2.862500e+09 7.555850e+03 
2864000000 7.548825e+03 
2865500000 7.569625e+03 
2867000000 7584 
2868500000 7.566975e+03 
2870000000 7.545250e+03 

END
