IGOR
WAVES/D/O sweep,sig(1) 
BEGIN
2570000000 7.477525e+03 
2571500000 7.480225e+03 
2573000000 7.502800e+03 
2574500000 7.513150e+03 
2.576000e+09 7.495350e+03 
2.577500e+09 7.488350e+03 
2.579000e+09 7.496800e+03 
2580500000 7.498200e+03 
2582000000 7.522700e+03 
2583500000 7.473900e+03 
2585000000 7.498725e+03 
2586500000 7.500550e+03 
2588000000 7.489200e+03 
2.589500e+09 7.497950e+03 
2.591000e+09 7.509200e+03 
2592500000 7.473550e+03 
2594000000 7.499275e+03 
2595500000 7.483075e+03 
2597000000 7.487250e+03 
2598500000 7.494375e+03 
2.600000e+09 7.504550e+03 
2.601500e+09 7.510800e+03 
2.603000e+09 7.506100e+03 
2604500000 7.496400e+03 
2606000000 7.479800e+03 
2607500000 7.484100e+03 
2609000000 7.483275e+03 
2610500000 7.517950e+03 
2612000000 7.504050e+03 
2.613500e+09 7.489725e+03 
2615000000 7.489525e+03 
2616500000 7.485800e+03 
2618000000 7.508250e+03 
2619500000 7.484125e+03 
2621000000 7.512125e+03 
2622500000 7.508925e+03 
2.624000e+09 7.485375e+03 
2.625500e+09 7.474325e+03 
2627000000 7.484425e+03 
2628500000 7.510350e+03 
2630000000 7.523350e+03 
2631500000 7.488075e+03 
2633000000 7.496550e+03 
2634500000 7.509925e+03 
2636000000 7.504525e+03 
2.637500e+09 7.504850e+03 
2639000000 7.511225e+03 
2640500000 7.502125e+03 
2642000000 7.540325e+03 
2643500000 7.507400e+03 
2645000000 7.518250e+03 
2646500000 7.516300e+03 
2.648000e+09 7.523650e+03 
2.649500e+09 7.527500e+03 
2651000000 7.514750e+03 
2652500000 7.521325e+03 
2654000000 7.493325e+03 
2655500000 7.488300e+03 
2657000000 7.524525e+03 
2658500000 7.492450e+03 
2.660000e+09 7.483375e+03 
2.661500e+09 7.466650e+03 
2663000000 7.469450e+03 
2664500000 7.460150e+03 
2666000000 7.449075e+03 
2667500000 7.432775e+03 
2669000000 7.415775e+03 
2670500000 7.433375e+03 
2672000000 7414 
2673500000 7.421575e+03 
2675000000 7.433050e+03 
2676500000 7.426350e+03 
2678000000 7.459775e+03 
2679500000 7.443750e+03 
2681000000 7.436475e+03 
2682500000 7.461975e+03 
2.684000e+09 7.445025e+03 
2685500000 7.465200e+03 
2687000000 7.464250e+03 
2688500000 7.461250e+03 
2690000000 7.487250e+03 
2691500000 7.500800e+03 
2693000000 7.470975e+03 
2694500000 7.493400e+03 
2.696000e+09 7.493325e+03 
2697500000 7.506625e+03 
2699000000 7.517650e+03 
2700500000 7.508450e+03 
2702000000 7512 
2703500000 7.500275e+03 
2705000000 7.510675e+03 
2706500000 7.507825e+03 
2708000000 7.505775e+03 
2709500000 7.495025e+03 
2711000000 7.524175e+03 
2712500000 7.503550e+03 
2714000000 7.521575e+03 
2715500000 7.521150e+03 
2717000000 7.531125e+03 
2718500000 7.513525e+03 
2.720000e+09 7.508175e+03 
2721500000 7.500475e+03 
2723000000 7.527025e+03 
2724500000 7.514900e+03 
2726000000 7.520500e+03 
2727500000 7.513275e+03 
2729000000 7.531750e+03 
2730500000 7.514525e+03 
2732000000 7512 
2733500000 7.511525e+03 
2735000000 7.527300e+03 
2736500000 7.499500e+03 
2738000000 7.522625e+03 
2739500000 7.515675e+03 
2741000000 7.487775e+03 
2742500000 7.499150e+03 
2744000000 7.519425e+03 
2745500000 7.518775e+03 
2747000000 7.513750e+03 
2748500000 7.502650e+03 
2750000000 7.495350e+03 
2751500000 7.525625e+03 
2753000000 7.509550e+03 
2754500000 7.499500e+03 
2756000000 7.494700e+03 
2757500000 7.502700e+03 
2759000000 7.497100e+03 
2760500000 7.495725e+03 
2762000000 7.492775e+03 
2763500000 7.502225e+03 
2765000000 7.492850e+03 
2766500000 7.501550e+03 
2768000000 7.501025e+03 
2769500000 7.493125e+03 
2771000000 7.493575e+03 
2772500000 7.517175e+03 
2774000000 7515 
2775500000 7.475525e+03 
2777000000 7.494625e+03 
2778500000 7.490025e+03 
2.780000e+09 7.491325e+03 
2781500000 7.485175e+03 
2783000000 7.482425e+03 
2784500000 7.504875e+03 
2786000000 7.500725e+03 
2787500000 7.491500e+03 
2789000000 7.480250e+03 
2790500000 7.515450e+03 
2792000000 7.507925e+03 
2793500000 7.487300e+03 
2795000000 7.509800e+03 
2796500000 7.512475e+03 
2798000000 7.501975e+03 
2799500000 7.490250e+03 
2801000000 7.505275e+03 
2802500000 7.503700e+03 
2.804000e+09 7.490400e+03 
2805500000 7.495550e+03 
2807000000 7.479675e+03 
2808500000 7.495475e+03 
2810000000 7.494725e+03 
2811500000 7.483800e+03 
2813000000 7.497200e+03 
2814500000 7.487100e+03 
2816000000 7.467650e+03 
2817500000 7.481325e+03 
2819000000 7.466650e+03 
2820500000 7.447450e+03 
2822000000 7.454725e+03 
2823500000 7.450275e+03 
2825000000 7.434150e+03 
2826500000 7.433050e+03 
2.828000e+09 7.435675e+03 
2829500000 7.426275e+03 
2831000000 7.421325e+03 
2832500000 7.405200e+03 
2834000000 7.420650e+03 
2835500000 7.395875e+03 
2837000000 7.403475e+03 
2.838500e+09 7.386325e+03 
2840000000 7.392675e+03 
2841500000 7.403075e+03 
2843000000 7.409800e+03 
2844500000 7.395500e+03 
2846000000 7.445525e+03 
2847500000 7.430400e+03 
2849000000 7.441250e+03 
2.850500e+09 7.480925e+03 
2.852000e+09 7.453275e+03 
2853500000 7.478750e+03 
2855000000 7.475100e+03 
2856500000 7.484525e+03 
2858000000 7.477075e+03 
2859500000 7.482625e+03 
2861000000 7.444125e+03 
2.862500e+09 7.468675e+03 
2864000000 7.485650e+03 
2865500000 7.495775e+03 
2867000000 7.468150e+03 
2868500000 7.485825e+03 
2870000000 7.493975e+03 

END
