IGOR
WAVES/D/O sweep,sig(1) 
BEGIN
2570000000 7.609616e+03 
2571500000 7.612969e+03 
2573000000 7.612038e+03 
2574500000 7.615523e+03 
2.576000e+09 7.613121e+03 
2.577500e+09 7.612791e+03 
2.579000e+09 7.611545e+03 
2580500000 7.607946e+03 
2582000000 7.613948e+03 
2583500000 7.614419e+03 
2585000000 7.614281e+03 
2586500000 7.613622e+03 
2588000000 7.612844e+03 
2.589500e+09 7.611277e+03 
2.591000e+09 7.609565e+03 
2592500000 7.615060e+03 
2594000000 7.613780e+03 
2595500000 7.617583e+03 
2597000000 7.611934e+03 
2598500000 7.612013e+03 
2.600000e+09 7.614559e+03 
2.601500e+09 7.614473e+03 
2.603000e+09 7.611502e+03 
2604500000 7.615192e+03 
2606000000 7.614005e+03 
2607500000 7.617272e+03 
2609000000 7.611449e+03 
2610500000 7.610841e+03 
2612000000 7.609733e+03 
2.613500e+09 7.612236e+03 
2615000000 7.613177e+03 
2616500000 7.613115e+03 
2618000000 7.614473e+03 
2619500000 7.616042e+03 
2621000000 7.611002e+03 
2622500000 7.610710e+03 
2.624000e+09 7.614314e+03 
2.625500e+09 7.613162e+03 
2627000000 7.611616e+03 
2628500000 7.612920e+03 
2630000000 7.609524e+03 
2631500000 7.609884e+03 
2633000000 7.606191e+03 
2634500000 7.597727e+03 
2636000000 7.596477e+03 
2.637500e+09 7.586073e+03 
2639000000 7.577294e+03 
2640500000 7.559925e+03 
2642000000 7.552899e+03 
2643500000 7.542033e+03 
2645000000 7.536570e+03 
2646500000 7.528293e+03 
2.648000e+09 7.530312e+03 
2.649500e+09 7.531387e+03 
2651000000 7.538093e+03 
2652500000 7.544156e+03 
2654000000 7.558540e+03 
2655500000 7.572321e+03 
2657000000 7.582524e+03 
2658500000 7.586669e+03 
2.660000e+09 7.593010e+03 
2.661500e+09 7.600043e+03 
2663000000 7.602742e+03 
2664500000 7.605745e+03 
2666000000 7.612929e+03 
2667500000 7.612604e+03 
2669000000 7.614616e+03 
2670500000 7.615479e+03 
2672000000 7.614269e+03 
2673500000 7.613209e+03 
2675000000 7.614621e+03 
2676500000 7.616791e+03 
2678000000 7.614555e+03 
2679500000 7.612725e+03 
2681000000 7.613398e+03 
2682500000 7.611895e+03 
2.684000e+09 7.613573e+03 
2685500000 7.607952e+03 
2687000000 7.605396e+03 
2688500000 7.600266e+03 
2690000000 7.595940e+03 
2691500000 7.592702e+03 
2693000000 7.582856e+03 
2694500000 7.569994e+03 
2.696000e+09 7.571224e+03 
2697500000 7.564938e+03 
2699000000 7.556327e+03 
2700500000 7.555134e+03 
2702000000 7.559662e+03 
2703500000 7.565620e+03 
2705000000 7.570892e+03 
2706500000 7.574051e+03 
2708000000 7.583783e+03 
2709500000 7.591490e+03 
2711000000 7.599570e+03 
2712500000 7.603773e+03 
2714000000 7.604335e+03 
2715500000 7.613147e+03 
2717000000 7.610474e+03 
2718500000 7.615553e+03 
2.720000e+09 7.613167e+03 
2721500000 7.613557e+03 
2723000000 7.616517e+03 
2724500000 7.610594e+03 
2726000000 7.611907e+03 
2727500000 7.614781e+03 
2729000000 7.616931e+03 
2730500000 7.610216e+03 
2732000000 7.615052e+03 
2733500000 7.610305e+03 
2735000000 7.611309e+03 
2736500000 7.613225e+03 
2738000000 7.610373e+03 
2739500000 7.612759e+03 
2741000000 7.607558e+03 
2742500000 7.606234e+03 
2744000000 7.611942e+03 
2745500000 7.610641e+03 
2747000000 7.611715e+03 
2748500000 7.610791e+03 
2750000000 7.611258e+03 
2751500000 7.609724e+03 
2753000000 7.612248e+03 
2754500000 7.609812e+03 
2756000000 7.609657e+03 
2757500000 7.604845e+03 
2759000000 7.607572e+03 
2760500000 7.610966e+03 
2762000000 7.608820e+03 
2763500000 7.608723e+03 
2765000000 7.612658e+03 
2766500000 7.606907e+03 
2768000000 7.609061e+03 
2769500000 7.605997e+03 
2771000000 7.608323e+03 
2772500000 7.609784e+03 
2774000000 7.611895e+03 
2775500000 7.612353e+03 
2777000000 7.604778e+03 
2778500000 7.605013e+03 
2.780000e+09 7.608962e+03 
2781500000 7.607884e+03 
2783000000 7.605917e+03 
2784500000 7.610463e+03 
2786000000 7.608725e+03 
2787500000 7.606911e+03 
2789000000 7.605723e+03 
2790500000 7.608329e+03 
2792000000 7.609011e+03 
2793500000 7.607681e+03 
2795000000 7.608083e+03 
2796500000 7.606236e+03 
2798000000 7.610004e+03 
2799500000 7.608664e+03 
2801000000 7.608526e+03 
2802500000 7.608523e+03 
2.804000e+09 7.608173e+03 
2805500000 7.608497e+03 
2807000000 7.605024e+03 
2808500000 7.605710e+03 
2810000000 7.607691e+03 
2811500000 7.601688e+03 
2813000000 7.607770e+03 
2814500000 7.606527e+03 
2816000000 7.607667e+03 
2817500000 7.607791e+03 
2819000000 7.604562e+03 
2820500000 7.605084e+03 
2822000000 7.607345e+03 
2823500000 7.606593e+03 
2825000000 7.605709e+03 
2826500000 7.607183e+03 
2.828000e+09 7.605889e+03 
2829500000 7.606593e+03 
2831000000 7.597086e+03 
2832500000 7.592844e+03 
2834000000 7.588397e+03 
2835500000 7.585839e+03 
2837000000 7.581066e+03 
2.838500e+09 7.575246e+03 
2840000000 7.575690e+03 
2841500000 7.568530e+03 
2843000000 7.574414e+03 
2844500000 7.571027e+03 
2846000000 7.577897e+03 
2847500000 7.581550e+03 
2849000000 7.583229e+03 
2.850500e+09 7.592207e+03 
2.852000e+09 7.591408e+03 
2853500000 7.594985e+03 
2855000000 7.600589e+03 
2856500000 7.599623e+03 
2858000000 7.600391e+03 
2859500000 7.598798e+03 
2861000000 7.600984e+03 
2.862500e+09 7.604825e+03 
2864000000 7.605058e+03 
2865500000 7.606384e+03 
2867000000 7.605441e+03 
2868500000 7.607010e+03 
2870000000 7.604091e+03 

END
X//SEQUENCE PARAMETERS
X//meas
X//SPCM
X//meas2
X//PD0 not connected
X//bGo
X//0
X//bExp
X//0
X//bTomo
X//false
X//m
X//2.77
X//name
X//ESR
X//From
X//2.57
X//To
X//2.87
X//bSweep1log
X//0
X//N
X//201
X//From2
X//0
X//bSweep2log
X//0
X//bSweep2
X//0
X//To2
X//200
X//N2
X//21
X//From3
X//0
X//bSweep3log
X//0
X//bSweep3
X//0
X//To3
X//200
X//N3
X//21
X//pi
X//200
X//halfpi
X//100
X//interval
X//5000
X//readout
X//10000
X//misc
X//10
X//CtrGateDur
X//400
X//bWarmUpAOM
X//0
X//bTrack
X//1
X//saveRaw
X//0
X//post_init_wait
X//5000
X//post_MW_wait
X//1000
X//P1Pulse
X//0
X//TrackPointN
X//13
X//DEERpi
X//200
X//DEERt
X//5000
X//bAAR
X//1
X//Repeat
X//60000
X//Average
X//99999
X//bCust
X//0
X//measPD
X//0
X//ctrN
X//1
X//bRaman
X//0
X//NSweepParam
X//201
X//bGoAfterAvg
X//1
X//bRandom
X//0
X//dataN
X//1
X//refCounts
X//6092631.5789
X//iAverage
X//32
X//bCtr
X//0
X//bLiO
X//1
