IGOR
WAVES/D/O sweep,sig(1) 
BEGIN
2570000000 7.477675e+03 
2571500000 7.474525e+03 
2573000000 7.486575e+03 
2574500000 7.502900e+03 
2.576000e+09 7.492075e+03 
2.577500e+09 7.488075e+03 
2.579000e+09 7.493750e+03 
2580500000 7.495300e+03 
2582000000 7.492050e+03 
2583500000 7.483575e+03 
2585000000 7.490150e+03 
2586500000 7.497175e+03 
2588000000 7.479775e+03 
2.589500e+09 7.474375e+03 
2.591000e+09 7.494150e+03 
2592500000 7.496075e+03 
2594000000 7.504425e+03 
2595500000 7.493500e+03 
2597000000 7.491150e+03 
2598500000 7.487425e+03 
2.600000e+09 7.488350e+03 
2.601500e+09 7.485100e+03 
2.603000e+09 7.500250e+03 
2604500000 7.486400e+03 
2606000000 7.496550e+03 
2607500000 7.481800e+03 
2609000000 7.521725e+03 
2610500000 7.513950e+03 
2612000000 7.498175e+03 
2.613500e+09 7.498725e+03 
2615000000 7.485675e+03 
2616500000 7.478925e+03 
2618000000 7.487050e+03 
2619500000 7.494400e+03 
2621000000 7.508275e+03 
2622500000 7.497925e+03 
2.624000e+09 7.486625e+03 
2.625500e+09 7.501050e+03 
2627000000 7.514225e+03 
2628500000 7.481575e+03 
2630000000 7.484375e+03 
2631500000 7.482500e+03 
2633000000 7.481625e+03 
2634500000 7.506800e+03 
2636000000 7.492050e+03 
2.637500e+09 7.480500e+03 
2639000000 7.491025e+03 
2640500000 7494 
2642000000 7.497850e+03 
2643500000 7.515800e+03 
2645000000 7.486650e+03 
2646500000 7.505125e+03 
2.648000e+09 7.473700e+03 
2.649500e+09 7.475725e+03 
2651000000 7.503900e+03 
2652500000 7.512575e+03 
2654000000 7.491300e+03 
2655500000 7.478325e+03 
2657000000 7.479225e+03 
2658500000 7.474500e+03 
2.660000e+09 7.456275e+03 
2.661500e+09 7.446300e+03 
2663000000 7.447525e+03 
2664500000 7.451650e+03 
2666000000 7.407375e+03 
2667500000 7.430050e+03 
2669000000 7.438600e+03 
2670500000 7.420325e+03 
2672000000 7409 
2673500000 7.414350e+03 
2675000000 7.447900e+03 
2676500000 7.439275e+03 
2678000000 7.450150e+03 
2679500000 7.460125e+03 
2681000000 7.456150e+03 
2682500000 7.446500e+03 
2.684000e+09 7.467625e+03 
2685500000 7.442100e+03 
2687000000 7.455950e+03 
2688500000 7.474325e+03 
2690000000 7.467625e+03 
2691500000 7.457100e+03 
2693000000 7.494325e+03 
2694500000 7.492850e+03 
2.696000e+09 7.480500e+03 
2697500000 7.498200e+03 
2699000000 7495 
2700500000 7.507925e+03 
2702000000 7.492125e+03 
2703500000 7.490900e+03 
2705000000 7.484125e+03 
2706500000 7.478175e+03 
2708000000 7.495900e+03 
2709500000 7.478350e+03 
2711000000 7.475125e+03 
2712500000 7.478650e+03 
2714000000 7.472175e+03 
2715500000 7.496650e+03 
2717000000 7.469175e+03 
2718500000 7.481150e+03 
2.720000e+09 7.486125e+03 
2721500000 7.483975e+03 
2723000000 7.474925e+03 
2724500000 7.506675e+03 
2726000000 7.485450e+03 
2727500000 7.502525e+03 
2729000000 7.485850e+03 
2730500000 7.489100e+03 
2732000000 7.499675e+03 
2733500000 7.498650e+03 
2735000000 7.488950e+03 
2736500000 7.498400e+03 
2738000000 7.498200e+03 
2739500000 7.508950e+03 
2741000000 7.516350e+03 
2742500000 7.488425e+03 
2744000000 7.497875e+03 
2745500000 7.490425e+03 
2747000000 7.496900e+03 
2748500000 7.486500e+03 
2750000000 7503 
2751500000 7.488775e+03 
2753000000 7.485950e+03 
2754500000 7.479300e+03 
2756000000 7.485750e+03 
2757500000 7.484075e+03 
2759000000 7.461350e+03 
2760500000 7.484550e+03 
2762000000 7.477425e+03 
2763500000 7.460450e+03 
2765000000 7.462225e+03 
2766500000 7.472825e+03 
2768000000 7.456600e+03 
2769500000 7.474675e+03 
2771000000 7.458600e+03 
2772500000 7.458675e+03 
2774000000 7.478825e+03 
2775500000 7.495175e+03 
2777000000 7.497350e+03 
2778500000 7.505700e+03 
2.780000e+09 7.505975e+03 
2781500000 7.503200e+03 
2783000000 7.483375e+03 
2784500000 7.500825e+03 
2786000000 7.504925e+03 
2787500000 7.498650e+03 
2789000000 7465 
2790500000 7.501450e+03 
2792000000 7.493975e+03 
2793500000 7.492100e+03 
2795000000 7.479800e+03 
2796500000 7.509050e+03 
2798000000 7.477050e+03 
2799500000 7.481175e+03 
2801000000 7.470975e+03 
2802500000 7.470975e+03 
2.804000e+09 7.483325e+03 
2805500000 7.477500e+03 
2807000000 7.468150e+03 
2808500000 7.482175e+03 
2810000000 7.468400e+03 
2811500000 7.486950e+03 
2813000000 7.476150e+03 
2814500000 7.485700e+03 
2816000000 7.472450e+03 
2817500000 7.476375e+03 
2819000000 7.477425e+03 
2820500000 7.488150e+03 
2822000000 7.466350e+03 
2823500000 7.473425e+03 
2825000000 7.444425e+03 
2826500000 7.467800e+03 
2.828000e+09 7.458975e+03 
2829500000 7.483975e+03 
2831000000 7.456900e+03 
2832500000 7.445500e+03 
2834000000 7.436250e+03 
2835500000 7.436375e+03 
2837000000 7.444925e+03 
2.838500e+09 7.444825e+03 
2840000000 7.435250e+03 
2841500000 7.433650e+03 
2843000000 7.441150e+03 
2844500000 7.455125e+03 
2846000000 7.455675e+03 
2847500000 7.479250e+03 
2849000000 7.491350e+03 
2.850500e+09 7.471025e+03 
2.852000e+09 7.482375e+03 
2853500000 7.478575e+03 
2855000000 7.489550e+03 
2856500000 7.493375e+03 
2858000000 7.500175e+03 
2859500000 7.482475e+03 
2861000000 7.496275e+03 
2.862500e+09 7.494250e+03 
2864000000 7.497425e+03 
2865500000 7.493300e+03 
2867000000 7.502875e+03 
2868500000 7.487225e+03 
2870000000 7504 

END
