IGOR
WAVES/D/O sweep,sig(1) 
BEGIN
2570000000 7.167225e+03 
2571500000 7.184750e+03 
2573000000 7.186450e+03 
2574500000 7.173525e+03 
2.576000e+09 7.204100e+03 
2.577500e+09 7.191175e+03 
2.579000e+09 7.204450e+03 
2580500000 7.220825e+03 
2582000000 7.217300e+03 
2583500000 7.190950e+03 
2585000000 7.193075e+03 
2586500000 7.187850e+03 
2588000000 7.193550e+03 
2.589500e+09 7.196225e+03 
2.591000e+09 7.200625e+03 
2592500000 7.200725e+03 
2594000000 7.183750e+03 
2595500000 7.197100e+03 
2597000000 7.168150e+03 
2598500000 7.186625e+03 
2.600000e+09 7.204200e+03 
2.601500e+09 7.202525e+03 
2.603000e+09 7.189125e+03 
2604500000 7.203975e+03 
2606000000 7.187675e+03 
2607500000 7.184450e+03 
2609000000 7.168650e+03 
2610500000 7.183825e+03 
2612000000 7202 
2.613500e+09 7.190125e+03 
2615000000 7.194150e+03 
2616500000 7.184225e+03 
2618000000 7.191300e+03 
2619500000 7.190550e+03 
2621000000 7.175850e+03 
2622500000 7.186725e+03 
2.624000e+09 7.196925e+03 
2.625500e+09 7.193750e+03 
2627000000 7.179875e+03 
2628500000 7.200200e+03 
2630000000 7.185775e+03 
2631500000 7.182350e+03 
2633000000 7.183825e+03 
2634500000 7204 
2636000000 7.191725e+03 
2.637500e+09 7.177800e+03 
2639000000 7.206750e+03 
2640500000 7.203525e+03 
2642000000 7.190650e+03 
2643500000 7.202850e+03 
2645000000 7.181300e+03 
2646500000 7.170275e+03 
2.648000e+09 7.195400e+03 
2.649500e+09 7.191775e+03 
2651000000 7.196250e+03 
2652500000 7.201950e+03 
2654000000 7.202250e+03 
2655500000 7.181750e+03 
2657000000 7.199650e+03 
2658500000 7.189050e+03 
2.660000e+09 7.189975e+03 
2.661500e+09 7.226675e+03 
2663000000 7.186675e+03 
2664500000 7.191175e+03 
2666000000 7.199100e+03 
2667500000 7.179600e+03 
2669000000 7.175475e+03 
2670500000 7.190850e+03 
2672000000 7.161225e+03 
2673500000 7.170150e+03 
2675000000 7.184275e+03 
2676500000 7.165900e+03 
2678000000 7.165250e+03 
2679500000 7.173575e+03 
2681000000 7.190375e+03 
2682500000 7.155700e+03 
2.684000e+09 7174 
2685500000 7.165925e+03 
2687000000 7.177200e+03 
2688500000 7.189775e+03 
2690000000 7.199400e+03 
2691500000 7.207700e+03 
2693000000 7.190375e+03 
2694500000 7.193750e+03 
2.696000e+09 7.193575e+03 
2697500000 7.194650e+03 
2699000000 7.205550e+03 
2700500000 7.181250e+03 
2702000000 7.176350e+03 
2703500000 7.181425e+03 
2705000000 7.185325e+03 
2706500000 7.188775e+03 
2708000000 7.169525e+03 
2709500000 7.151825e+03 
2711000000 7.142275e+03 
2712500000 7.118675e+03 
2714000000 7.135550e+03 
2715500000 7.110650e+03 
2717000000 7.125325e+03 
2718500000 7152 
2.720000e+09 7.130525e+03 
2721500000 7.143850e+03 
2723000000 7.129325e+03 
2724500000 7.144200e+03 
2726000000 7.146525e+03 
2727500000 7.181550e+03 
2729000000 7.206175e+03 
2730500000 7.197800e+03 
2732000000 7.199675e+03 
2733500000 7.208950e+03 
2735000000 7.204750e+03 
2736500000 7.219150e+03 
2738000000 7.187325e+03 
2739500000 7.211625e+03 
2741000000 7.212875e+03 
2742500000 7.192400e+03 
2744000000 7.204950e+03 
2745500000 7.185725e+03 
2747000000 7.203025e+03 
2748500000 7.196750e+03 
2750000000 7194 
2751500000 7.185300e+03 
2753000000 7.196550e+03 
2754500000 7.168975e+03 
2756000000 7.170050e+03 
2757500000 7.165675e+03 
2759000000 7.144600e+03 
2760500000 7.129125e+03 
2762000000 7.123625e+03 
2763500000 7.117950e+03 
2765000000 7.113825e+03 
2766500000 7.117125e+03 
2768000000 7.122350e+03 
2769500000 7.124775e+03 
2771000000 7.132200e+03 
2772500000 7.157800e+03 
2774000000 7.173675e+03 
2775500000 7.173100e+03 
2777000000 7.182425e+03 
2778500000 7.226875e+03 
2.780000e+09 7.223925e+03 
2781500000 7.203725e+03 
2783000000 7.202375e+03 
2784500000 7.190900e+03 
2786000000 7.184975e+03 
2787500000 7.208150e+03 
2789000000 7.209475e+03 
2790500000 7.187350e+03 
2792000000 7.191925e+03 
2793500000 7.160275e+03 
2795000000 7.190475e+03 
2796500000 7.169875e+03 
2798000000 7.149875e+03 
2799500000 7.167825e+03 
2801000000 7.176250e+03 
2802500000 7.170325e+03 
2.804000e+09 7.172400e+03 
2805500000 7.173275e+03 
2807000000 7.174900e+03 
2808500000 7.193425e+03 
2810000000 7.172375e+03 
2811500000 7.197725e+03 
2813000000 7.172300e+03 
2814500000 7.219525e+03 
2816000000 7.184950e+03 
2817500000 7.196725e+03 
2819000000 7.201875e+03 
2820500000 7.230675e+03 
2822000000 7219 
2823500000 7.224525e+03 
2825000000 7.217525e+03 
2826500000 7.208650e+03 
2.828000e+09 7.190800e+03 
2829500000 7.201750e+03 
2831000000 7.191700e+03 
2832500000 7.211675e+03 
2834000000 7.217275e+03 
2835500000 7.219500e+03 
2837000000 7.204950e+03 
2.838500e+09 7.199150e+03 
2840000000 7.216975e+03 
2841500000 7.214075e+03 
2843000000 7.188475e+03 
2844500000 7.195350e+03 
2846000000 7.192425e+03 
2847500000 7.205575e+03 
2849000000 7.215800e+03 
2.850500e+09 7.200025e+03 
2.852000e+09 7.218675e+03 
2853500000 7.210025e+03 
2855000000 7205 
2856500000 7.224450e+03 
2858000000 7.203825e+03 
2859500000 7.213800e+03 
2861000000 7.208225e+03 
2.862500e+09 7.196800e+03 
2864000000 7.207375e+03 
2865500000 7.217100e+03 
2867000000 7.211925e+03 
2868500000 7.203200e+03 
2870000000 7.211325e+03 

END
