IGOR
WAVES/D/O sweep,sig(1) 
BEGIN
2470000000 7.443325e+03 
2472000000 7.454450e+03 
2474000000 7.443025e+03 
2476000000 7435 
2478000000 7.430375e+03 
2480000000 7.448300e+03 
2482000000 7.452575e+03 
2484000000 7.447325e+03 
2486000000 7.441950e+03 
2488000000 7.460875e+03 
2490000000 7.430450e+03 
2492000000 7446 
2494000000 7.430975e+03 
2496000000 7.443575e+03 
2498000000 7.468800e+03 
2500000000 7.477375e+03 
2502000000 7.451225e+03 
2504000000 7.461900e+03 
2506000000 7.424700e+03 
2508000000 7.440875e+03 
2510000000 7.417425e+03 
2512000000 7.436700e+03 
2514000000 7.430750e+03 
2516000000 7448 
2518000000 7.450625e+03 
2520000000 7.440200e+03 
2.522000e+09 7.437075e+03 
2524000000 7.467950e+03 
2.526000e+09 7.455300e+03 
2528000000 7.439325e+03 
2.530000e+09 7.441275e+03 
2532000000 7.442300e+03 
2.534000e+09 7.458700e+03 
2536000000 7.446575e+03 
2.538000e+09 7.470375e+03 
2540000000 7.444225e+03 
2.542000e+09 7.443700e+03 
2544000000 7.421075e+03 
2.546000e+09 7.437350e+03 
2548000000 7.450725e+03 
2.550000e+09 7.432150e+03 
2552000000 7.450775e+03 
2.554000e+09 7.439275e+03 
2556000000 7.409300e+03 
2.558000e+09 7.444125e+03 
2560000000 7.423150e+03 
2.562000e+09 7.446025e+03 
2564000000 7.427225e+03 
2.566000e+09 7.454675e+03 
2568000000 7.450375e+03 
2.570000e+09 7.441475e+03 
2572000000 7.446800e+03 
2.574000e+09 7.441150e+03 
2576000000 7.436425e+03 
2.578000e+09 7.443025e+03 
2580000000 7.441450e+03 
2.582000e+09 7.461375e+03 
2584000000 7.443950e+03 
2.586000e+09 7.438600e+03 
2588000000 7.456400e+03 
2.590000e+09 7.431600e+03 
2592000000 7.443050e+03 
2.594000e+09 7.434075e+03 
2596000000 7.460050e+03 
2.598000e+09 7.456425e+03 
2600000000 7.429500e+03 
2.602000e+09 7.429850e+03 
2604000000 7.430825e+03 
2.606000e+09 7.468100e+03 
2608000000 7.425225e+03 
2.610000e+09 7.427400e+03 
2612000000 7.460725e+03 
2.614000e+09 7.450700e+03 
2616000000 7.428450e+03 
2.618000e+09 7.424250e+03 
2620000000 7.426600e+03 
2.622000e+09 7.424200e+03 
2624000000 7.408875e+03 
2.626000e+09 7.424700e+03 
2628000000 7.415675e+03 
2.630000e+09 7.396875e+03 
2632000000 7.415075e+03 
2.634000e+09 7.395050e+03 
2636000000 7.395650e+03 
2.638000e+09 7.403925e+03 
2640000000 7.404400e+03 
2.642000e+09 7.431500e+03 
2644000000 7.430500e+03 
2646000000 7.450025e+03 
2648000000 7.418050e+03 
2.650000e+09 7.419150e+03 
2652000000 7.452800e+03 
2654000000 7.445175e+03 
2656000000 7.457400e+03 
2.658000e+09 7.458325e+03 
2660000000 7.437775e+03 
2662000000 7.416850e+03 
2664000000 7.445950e+03 
2.666000e+09 7.432525e+03 
2668000000 7.447725e+03 
2670000000 7.423825e+03 
2672000000 7.449800e+03 
2.674000e+09 7.435175e+03 
2676000000 7433 
2678000000 7.437875e+03 
2680000000 7.457400e+03 
2.682000e+09 7433 
2684000000 7.431925e+03 
2686000000 7436 
2688000000 7.463100e+03 
2.690000e+09 7.427400e+03 
2692000000 7.413950e+03 
2694000000 7.405125e+03 
2696000000 7.361525e+03 
2698000000 7.382325e+03 
2700000000 7.356200e+03 
2702000000 7.361100e+03 
2704000000 7.358525e+03 
2706000000 7.377775e+03 
2708000000 7.385050e+03 
2710000000 7.425625e+03 
2712000000 7.415750e+03 
2714000000 7.434150e+03 
2716000000 7.449125e+03 
2718000000 7.442650e+03 
2720000000 7.430350e+03 
2722000000 7.482200e+03 
2724000000 7445 
2726000000 7.463450e+03 
2728000000 7.438400e+03 
2730000000 7.442600e+03 
2732000000 7.434525e+03 
2734000000 7.439550e+03 
2736000000 7.462475e+03 
2738000000 7.450325e+03 
2740000000 7.427275e+03 
2742000000 7.440875e+03 
2744000000 7.435100e+03 
2746000000 7.458925e+03 
2748000000 7.452975e+03 
2750000000 7.424050e+03 
2752000000 7.458050e+03 
2754000000 7.440475e+03 
2756000000 7.454550e+03 
2758000000 7.448250e+03 
2760000000 7.439525e+03 
2762000000 7.450475e+03 
2764000000 7.458900e+03 
2766000000 7.448350e+03 
2768000000 7.449625e+03 
2770000000 7.445650e+03 
2.772000e+09 7.431950e+03 
2774000000 7.426850e+03 
2.776000e+09 7.416500e+03 
2778000000 7.408875e+03 
2.780000e+09 7.404525e+03 
2782000000 7.390250e+03 
2.784000e+09 7.359775e+03 
2786000000 7.361800e+03 
2.788000e+09 7.374150e+03 
2790000000 7.376425e+03 
2.792000e+09 7.414400e+03 
2794000000 7.407550e+03 
2.796000e+09 7.430075e+03 
2798000000 7.449625e+03 
2.800000e+09 7.432600e+03 
2802000000 7.451850e+03 
2.804000e+09 7.468150e+03 
2806000000 7.484275e+03 
2.808000e+09 7.457600e+03 
2810000000 7.443950e+03 
2.812000e+09 7.425925e+03 
2814000000 7.453525e+03 
2.816000e+09 7.488025e+03 
2818000000 7.450900e+03 
2.820000e+09 7.461875e+03 
2822000000 7.429825e+03 
2.824000e+09 7.459875e+03 
2826000000 7.468400e+03 
2.828000e+09 7.474400e+03 
2830000000 7.436650e+03 
2832000000 7427 
2834000000 7.429600e+03 
2.836000e+09 7.439500e+03 
2838000000 7.439775e+03 
2.840000e+09 7.396800e+03 
2842000000 7.410950e+03 
2.844000e+09 7.406200e+03 
2846000000 7.425875e+03 
2848000000 7.429375e+03 
2850000000 7.426325e+03 
2.852000e+09 7.410675e+03 
2854000000 7.439150e+03 
2.856000e+09 7.436500e+03 
2858000000 7.437100e+03 
2.860000e+09 7.443275e+03 
2862000000 7.438925e+03 
2864000000 7.444600e+03 
2866000000 7.455675e+03 
2.868000e+09 7.452950e+03 
2870000000 7.442200e+03 

END
