IGOR
WAVES/D/O sweep,sig(1) 
BEGIN
2570000000 7.570275e+03 
2571500000 7.574875e+03 
2573000000 7.578225e+03 
2574500000 7.587825e+03 
2.576000e+09 7.571925e+03 
2.577500e+09 7.572650e+03 
2.579000e+09 7.567100e+03 
2580500000 7.559825e+03 
2582000000 7.578525e+03 
2583500000 7.572175e+03 
2585000000 7.576325e+03 
2586500000 7.590050e+03 
2588000000 7.582975e+03 
2.589500e+09 7.562250e+03 
2.591000e+09 7.578575e+03 
2592500000 7.596300e+03 
2594000000 7.584175e+03 
2595500000 7.595625e+03 
2597000000 7577 
2598500000 7.571775e+03 
2.600000e+09 7.560925e+03 
2.601500e+09 7.579625e+03 
2.603000e+09 7.579875e+03 
2604500000 7.604925e+03 
2606000000 7.573150e+03 
2607500000 7.577875e+03 
2609000000 7.562900e+03 
2610500000 7.575950e+03 
2612000000 7.578900e+03 
2.613500e+09 7.574350e+03 
2615000000 7.570700e+03 
2616500000 7.603150e+03 
2618000000 7.574125e+03 
2619500000 7.560575e+03 
2621000000 7.574425e+03 
2622500000 7.573800e+03 
2.624000e+09 7.574200e+03 
2.625500e+09 7.591325e+03 
2627000000 7.548900e+03 
2628500000 7.586375e+03 
2630000000 7.586725e+03 
2631500000 7.563475e+03 
2633000000 7.561825e+03 
2634500000 7.564225e+03 
2636000000 7.562425e+03 
2.637500e+09 7.544900e+03 
2639000000 7.543525e+03 
2640500000 7.527825e+03 
2642000000 7.505825e+03 
2643500000 7.481650e+03 
2645000000 7.497475e+03 
2646500000 7.467875e+03 
2.648000e+09 7.485750e+03 
2.649500e+09 7.477350e+03 
2651000000 7.490350e+03 
2652500000 7.489625e+03 
2654000000 7.510075e+03 
2655500000 7.545525e+03 
2657000000 7.552900e+03 
2658500000 7.559600e+03 
2.660000e+09 7.563400e+03 
2.661500e+09 7.567675e+03 
2663000000 7.572600e+03 
2664500000 7.582625e+03 
2666000000 7.603350e+03 
2667500000 7.571525e+03 
2669000000 7.568575e+03 
2670500000 7.588675e+03 
2672000000 7.589200e+03 
2673500000 7.591150e+03 
2675000000 7.574700e+03 
2676500000 7.583350e+03 
2678000000 7.583225e+03 
2679500000 7.567225e+03 
2681000000 7.583475e+03 
2682500000 7.571275e+03 
2.684000e+09 7.583375e+03 
2685500000 7.554700e+03 
2687000000 7.572925e+03 
2688500000 7.545750e+03 
2690000000 7.578450e+03 
2691500000 7.570625e+03 
2693000000 7.535900e+03 
2694500000 7.531425e+03 
2.696000e+09 7.533375e+03 
2697500000 7.545175e+03 
2699000000 7.518600e+03 
2700500000 7.530700e+03 
2702000000 7.517425e+03 
2703500000 7.548050e+03 
2705000000 7.544025e+03 
2706500000 7.528050e+03 
2708000000 7.543425e+03 
2709500000 7.547150e+03 
2711000000 7.564775e+03 
2712500000 7.566350e+03 
2714000000 7.577575e+03 
2715500000 7.591350e+03 
2717000000 7.583675e+03 
2718500000 7.587600e+03 
2.720000e+09 7.564600e+03 
2721500000 7.552925e+03 
2723000000 7.562900e+03 
2724500000 7.588175e+03 
2726000000 7.596625e+03 
2727500000 7.577525e+03 
2729000000 7.561325e+03 
2730500000 7.592575e+03 
2732000000 7.579950e+03 
2733500000 7.565900e+03 
2735000000 7.572625e+03 
2736500000 7.589475e+03 
2738000000 7.585525e+03 
2739500000 7.585300e+03 
2741000000 7.579100e+03 
2742500000 7.577075e+03 
2744000000 7.572825e+03 
2745500000 7.576575e+03 
2747000000 7.571200e+03 
2748500000 7.596700e+03 
2750000000 7.574300e+03 
2751500000 7.604500e+03 
2753000000 7.578425e+03 
2754500000 7.586475e+03 
2756000000 7.569900e+03 
2757500000 7.573275e+03 
2759000000 7.587525e+03 
2760500000 7.580750e+03 
2762000000 7.587700e+03 
2763500000 7.582450e+03 
2765000000 7.588775e+03 
2766500000 7.571925e+03 
2768000000 7.575325e+03 
2769500000 7.565250e+03 
2771000000 7.583650e+03 
2772500000 7.575350e+03 
2774000000 7.567925e+03 
2775500000 7.587025e+03 
2777000000 7.580200e+03 
2778500000 7.575975e+03 
2.780000e+09 7.599400e+03 
2781500000 7.591600e+03 
2783000000 7.581225e+03 
2784500000 7.610175e+03 
2786000000 7.597350e+03 
2787500000 7.574250e+03 
2789000000 7.572800e+03 
2790500000 7.580350e+03 
2792000000 7.607025e+03 
2793500000 7.602775e+03 
2795000000 7.605975e+03 
2796500000 7.580175e+03 
2798000000 7.598800e+03 
2799500000 7.601275e+03 
2801000000 7.590850e+03 
2802500000 7.584950e+03 
2.804000e+09 7593 
2805500000 7599 
2807000000 7.595775e+03 
2808500000 7.576500e+03 
2810000000 7578 
2811500000 7.591050e+03 
2813000000 7.597800e+03 
2814500000 7.574975e+03 
2816000000 7.579525e+03 
2817500000 7.598475e+03 
2819000000 7.579850e+03 
2820500000 7.583975e+03 
2822000000 7.594275e+03 
2823500000 7.582400e+03 
2825000000 7.580900e+03 
2826500000 7.589200e+03 
2.828000e+09 7.582925e+03 
2829500000 7.586650e+03 
2831000000 7.558675e+03 
2832500000 7.580750e+03 
2834000000 7.575950e+03 
2835500000 7.584550e+03 
2837000000 7.539825e+03 
2.838500e+09 7.584300e+03 
2840000000 7.555900e+03 
2841500000 7.553650e+03 
2843000000 7.554300e+03 
2844500000 7.575225e+03 
2846000000 7.556650e+03 
2847500000 7.565825e+03 
2849000000 7.564625e+03 
2.850500e+09 7.572725e+03 
2.852000e+09 7.556925e+03 
2853500000 7.574700e+03 
2855000000 7.598875e+03 
2856500000 7.593050e+03 
2858000000 7.598775e+03 
2859500000 7.587650e+03 
2861000000 7.604900e+03 
2.862500e+09 7.597375e+03 
2864000000 7.596550e+03 
2865500000 7.584550e+03 
2867000000 7.594725e+03 
2868500000 7.610675e+03 
2870000000 7.572475e+03 

END
