IGOR
WAVES/D/O sweep,sig(1) 
BEGIN
2570000000 7.611300e+03 
2571500000 7640 
2573000000 7.651500e+03 
2574500000 7.620850e+03 
2.576000e+09 7.622100e+03 
2.577500e+09 7.650350e+03 
2.579000e+09 7.636625e+03 
2580500000 7.622425e+03 
2582000000 7.626850e+03 
2583500000 7.618100e+03 
2585000000 7.637225e+03 
2586500000 7.634050e+03 
2588000000 7.610100e+03 
2.589500e+09 7.625500e+03 
2.591000e+09 7.624650e+03 
2592500000 7.653750e+03 
2594000000 7.614050e+03 
2595500000 7.645125e+03 
2597000000 7.643200e+03 
2598500000 7.625225e+03 
2.600000e+09 7639 
2.601500e+09 7.652050e+03 
2.603000e+09 7.630925e+03 
2604500000 7.625450e+03 
2606000000 7.632825e+03 
2607500000 7.646450e+03 
2609000000 7.642275e+03 
2610500000 7.644775e+03 
2612000000 7.638600e+03 
2.613500e+09 7.626175e+03 
2615000000 7.627275e+03 
2616500000 7.648025e+03 
2618000000 7.649025e+03 
2619500000 7.641350e+03 
2621000000 7.649150e+03 
2622500000 7.661325e+03 
2.624000e+09 7.646825e+03 
2.625500e+09 7.614850e+03 
2627000000 7.648475e+03 
2628500000 7.630125e+03 
2630000000 7.632350e+03 
2631500000 7.634950e+03 
2633000000 7.633675e+03 
2634500000 7.618775e+03 
2636000000 7.623725e+03 
2.637500e+09 7.595150e+03 
2639000000 7.610600e+03 
2640500000 7567 
2642000000 7.558925e+03 
2643500000 7.551600e+03 
2645000000 7.526900e+03 
2646500000 7.530750e+03 
2.648000e+09 7.549100e+03 
2.649500e+09 7.538775e+03 
2651000000 7.550900e+03 
2652500000 7.573375e+03 
2654000000 7.577875e+03 
2655500000 7.583075e+03 
2657000000 7.619975e+03 
2658500000 7.597200e+03 
2.660000e+09 7.596575e+03 
2.661500e+09 7.618975e+03 
2663000000 7.634975e+03 
2664500000 7.616250e+03 
2666000000 7.638850e+03 
2667500000 7.619725e+03 
2669000000 7.649250e+03 
2670500000 7.625325e+03 
2672000000 7.641650e+03 
2673500000 7.618450e+03 
2675000000 7.632350e+03 
2676500000 7.638150e+03 
2678000000 7.626450e+03 
2679500000 7.635700e+03 
2681000000 7.634375e+03 
2682500000 7.635700e+03 
2.684000e+09 7.628175e+03 
2685500000 7.632150e+03 
2687000000 7.641925e+03 
2688500000 7.632800e+03 
2690000000 7.625100e+03 
2691500000 7.605975e+03 
2693000000 7.606975e+03 
2694500000 7.621475e+03 
2.696000e+09 7.602775e+03 
2697500000 7.582375e+03 
2699000000 7.546175e+03 
2700500000 7.566250e+03 
2702000000 7572 
2703500000 7.574200e+03 
2705000000 7.584075e+03 
2706500000 7.582325e+03 
2708000000 7.604550e+03 
2709500000 7.590525e+03 
2711000000 7.614625e+03 
2712500000 7.607325e+03 
2714000000 7.619900e+03 
2715500000 7.635350e+03 
2717000000 7.618600e+03 
2718500000 7.628075e+03 
2.720000e+09 7.633075e+03 
2721500000 7.639250e+03 
2723000000 7.635550e+03 
2724500000 7.615275e+03 
2726000000 7.614725e+03 
2727500000 7.626800e+03 
2729000000 7.629025e+03 
2730500000 7.631475e+03 
2732000000 7.619200e+03 
2733500000 7.618100e+03 
2735000000 7.608075e+03 
2736500000 7.624075e+03 
2738000000 7.632250e+03 
2739500000 7.640700e+03 
2741000000 7.616700e+03 
2742500000 7.618900e+03 
2744000000 7.612050e+03 
2745500000 7.608950e+03 
2747000000 7.621850e+03 
2748500000 7.608825e+03 
2750000000 7.610225e+03 
2751500000 7.641800e+03 
2753000000 7.620325e+03 
2754500000 7.624225e+03 
2756000000 7.637900e+03 
2757500000 7.622625e+03 
2759000000 7.613325e+03 
2760500000 7.625675e+03 
2762000000 7.629800e+03 
2763500000 7.634800e+03 
2765000000 7.619150e+03 
2766500000 7.632550e+03 
2768000000 7.622300e+03 
2769500000 7.621675e+03 
2771000000 7.609550e+03 
2772500000 7.598175e+03 
2774000000 7621 
2775500000 7.603575e+03 
2777000000 7.625825e+03 
2778500000 7.596875e+03 
2.780000e+09 7.599375e+03 
2781500000 7.618450e+03 
2783000000 7598 
2784500000 7.618275e+03 
2786000000 7.608550e+03 
2787500000 7.619125e+03 
2789000000 7.605250e+03 
2790500000 7.603425e+03 
2792000000 7592 
2793500000 7.601275e+03 
2795000000 7.592350e+03 
2796500000 7.595075e+03 
2798000000 7.617925e+03 
2799500000 7.604425e+03 
2801000000 7.609150e+03 
2802500000 7.605900e+03 
2.804000e+09 7594 
2805500000 7.620875e+03 
2807000000 7.600925e+03 
2808500000 7.590650e+03 
2810000000 7.595225e+03 
2811500000 7.600675e+03 
2813000000 7.613625e+03 
2814500000 7.589425e+03 
2816000000 7.586575e+03 
2817500000 7.610100e+03 
2819000000 7.597375e+03 
2820500000 7.594375e+03 
2822000000 7.598275e+03 
2823500000 7.607350e+03 
2825000000 7.596525e+03 
2826500000 7.604050e+03 
2.828000e+09 7589 
2829500000 7.605775e+03 
2831000000 7.583125e+03 
2832500000 7.581150e+03 
2834000000 7.573625e+03 
2835500000 7.600375e+03 
2837000000 7.573475e+03 
2.838500e+09 7.584250e+03 
2840000000 7.540225e+03 
2841500000 7.550725e+03 
2843000000 7.570100e+03 
2844500000 7.576050e+03 
2846000000 7.583650e+03 
2847500000 7.570325e+03 
2849000000 7.583700e+03 
2.850500e+09 7.581750e+03 
2.852000e+09 7.579775e+03 
2853500000 7.591200e+03 
2855000000 7.617200e+03 
2856500000 7.616575e+03 
2858000000 7.615475e+03 
2859500000 7.604525e+03 
2861000000 7.608300e+03 
2.862500e+09 7.610500e+03 
2864000000 7.610200e+03 
2865500000 7.619850e+03 
2867000000 7.604400e+03 
2868500000 7.597100e+03 
2870000000 7.608100e+03 

END
