IGOR
WAVES/D/O sweep,sig(1) 
BEGIN
2570000000 6.648100e+03 
2571500000 6.630375e+03 
2573000000 6.631825e+03 
2574500000 6.629125e+03 
2.576000e+09 6.588800e+03 
2.577500e+09 6.607075e+03 
2.579000e+09 6.594950e+03 
2580500000 6.563375e+03 
2582000000 6.583550e+03 
2583500000 6.564875e+03 
2585000000 6.582275e+03 
2586500000 6.572900e+03 
2588000000 6.621275e+03 
2.589500e+09 6.618300e+03 
2.591000e+09 6.620425e+03 
2592500000 6.632275e+03 
2594000000 6.644475e+03 
2595500000 6.665075e+03 
2597000000 6.646175e+03 
2598500000 6.662900e+03 
2.600000e+09 6651 
2.601500e+09 6.665750e+03 
2.603000e+09 6.665400e+03 
2604500000 6.658300e+03 
2606000000 6.652675e+03 
2607500000 6.661400e+03 
2609000000 6.660125e+03 
2610500000 6.648700e+03 
2612000000 6.663525e+03 
2.613500e+09 6.658400e+03 
2615000000 6.669875e+03 
2616500000 6.654350e+03 
2618000000 6.658750e+03 
2619500000 6.664975e+03 
2621000000 6.650925e+03 
2622500000 6.635750e+03 
2.624000e+09 6.659425e+03 
2.625500e+09 6.669125e+03 
2627000000 6.657150e+03 
2628500000 6.677025e+03 
2630000000 6.637950e+03 
2631500000 6.671825e+03 
2633000000 6.654025e+03 
2634500000 6657 
2636000000 6.666700e+03 
2.637500e+09 6.640950e+03 
2639000000 6.676750e+03 
2640500000 6.656600e+03 
2642000000 6.677650e+03 
2643500000 6.674625e+03 
2645000000 6.646525e+03 
2646500000 6.651750e+03 
2.648000e+09 6.652700e+03 
2.649500e+09 6.668625e+03 
2651000000 6.654525e+03 
2652500000 6.660325e+03 
2654000000 6.663275e+03 
2655500000 6.680675e+03 
2657000000 6.669250e+03 
2658500000 6.673550e+03 
2.660000e+09 6.677800e+03 
2.661500e+09 6.656700e+03 
2663000000 6.647950e+03 
2664500000 6.654525e+03 
2666000000 6.660550e+03 
2667500000 6.653650e+03 
2669000000 6.644225e+03 
2670500000 6.629925e+03 
2672000000 6.631325e+03 
2673500000 6.623325e+03 
2675000000 6.625700e+03 
2676500000 6.625300e+03 
2678000000 6.628725e+03 
2679500000 6.628725e+03 
2681000000 6.626050e+03 
2682500000 6.618775e+03 
2.684000e+09 6.602375e+03 
2685500000 6.626150e+03 
2687000000 6.639875e+03 
2688500000 6.629250e+03 
2690000000 6.660575e+03 
2691500000 6.645925e+03 
2693000000 6.660200e+03 
2694500000 6.669300e+03 
2.696000e+09 6.655775e+03 
2697500000 6.646700e+03 
2699000000 6.659625e+03 
2700500000 6.648300e+03 
2702000000 6.658850e+03 
2703500000 6.643675e+03 
2705000000 6.648650e+03 
2706500000 6.661500e+03 
2708000000 6.665025e+03 
2709500000 6.661250e+03 
2711000000 6.663475e+03 
2712500000 6.666050e+03 
2714000000 6.651875e+03 
2715500000 6.682725e+03 
2717000000 6.658250e+03 
2718500000 6.663700e+03 
2.720000e+09 6.662575e+03 
2721500000 6.644800e+03 
2723000000 6.685325e+03 
2724500000 6.666825e+03 
2726000000 6.670550e+03 
2727500000 6.669800e+03 
2729000000 6.680125e+03 
2730500000 6.673825e+03 
2732000000 6676 
2733500000 6.665700e+03 
2735000000 6.674625e+03 
2736500000 6.657275e+03 
2738000000 6.646975e+03 
2739500000 6.668900e+03 
2741000000 6.685025e+03 
2742500000 6.666425e+03 
2744000000 6.670575e+03 
2745500000 6.661550e+03 
2747000000 6.657875e+03 
2748500000 6.669625e+03 
2750000000 6.676375e+03 
2751500000 6.668550e+03 
2753000000 6.664225e+03 
2754500000 6.664150e+03 
2756000000 6.660475e+03 
2757500000 6.654125e+03 
2759000000 6.658175e+03 
2760500000 6.656900e+03 
2762000000 6.658500e+03 
2763500000 6.660375e+03 
2765000000 6.653500e+03 
2766500000 6.657925e+03 
2768000000 6.659975e+03 
2769500000 6.682475e+03 
2771000000 6.664325e+03 
2772500000 6.652125e+03 
2774000000 6.657450e+03 
2775500000 6.663650e+03 
2777000000 6.670150e+03 
2778500000 6.663100e+03 
2.780000e+09 6.668300e+03 
2781500000 6.643325e+03 
2783000000 6.649275e+03 
2784500000 6.659975e+03 
2786000000 6.665400e+03 
2787500000 6.653350e+03 
2789000000 6.636825e+03 
2790500000 6.663700e+03 
2792000000 6.662375e+03 
2793500000 6.649425e+03 
2795000000 6.649975e+03 
2796500000 6.657525e+03 
2798000000 6.662350e+03 
2799500000 6.653750e+03 
2801000000 6.662325e+03 
2802500000 6.669375e+03 
2.804000e+09 6.683650e+03 
2805500000 6.655175e+03 
2807000000 6.663975e+03 
2808500000 6.672675e+03 
2810000000 6.657225e+03 
2811500000 6.643100e+03 
2813000000 6.666875e+03 
2814500000 6.666800e+03 
2816000000 6.668450e+03 
2817500000 6654 
2819000000 6650 
2820500000 6.650750e+03 
2822000000 6.670900e+03 
2823500000 6.658475e+03 
2825000000 6.664825e+03 
2826500000 6.656550e+03 
2.828000e+09 6.652300e+03 
2829500000 6.643475e+03 
2831000000 6.662750e+03 
2832500000 6.649100e+03 
2834000000 6.666525e+03 
2835500000 6.677350e+03 
2837000000 6.629025e+03 
2.838500e+09 6.644050e+03 
2840000000 6.652725e+03 
2841500000 6.656950e+03 
2843000000 6.675550e+03 
2844500000 6.676300e+03 
2846000000 6.675275e+03 
2847500000 6.661700e+03 
2849000000 6.648425e+03 
2.850500e+09 6.656975e+03 
2.852000e+09 6.662325e+03 
2853500000 6.667775e+03 
2855000000 6.669525e+03 
2856500000 6.654825e+03 
2858000000 6.644300e+03 
2859500000 6.645725e+03 
2861000000 6.636625e+03 
2.862500e+09 6.638400e+03 
2864000000 6.620450e+03 
2865500000 6.600175e+03 
2867000000 6.572900e+03 
2868500000 6.587100e+03 
2870000000 6.608025e+03 

END
