IGOR
WAVES/D/O sweep,sig(1) 
BEGIN
2470000000 7.536600e+03 
2472000000 7.533850e+03 
2474000000 7.507450e+03 
2476000000 7.528275e+03 
2478000000 7.521375e+03 
2480000000 7.536325e+03 
2482000000 7.533875e+03 
2484000000 7.547200e+03 
2486000000 7.533425e+03 
2488000000 7.553325e+03 
2490000000 7.537050e+03 
2492000000 7.543525e+03 
2494000000 7529 
2496000000 7.530175e+03 
2498000000 7549 
2500000000 7.552475e+03 
2502000000 7.530150e+03 
2504000000 7.534825e+03 
2506000000 7.538750e+03 
2508000000 7.534600e+03 
2510000000 7.527575e+03 
2512000000 7.539250e+03 
2514000000 7.536550e+03 
2516000000 7.522525e+03 
2518000000 7.531350e+03 
2520000000 7.540675e+03 
2.522000e+09 7.545500e+03 
2524000000 7.548950e+03 
2.526000e+09 7.548850e+03 
2528000000 7.518200e+03 
2.530000e+09 7.529100e+03 
2532000000 7.515575e+03 
2.534000e+09 7.508925e+03 
2536000000 7.541975e+03 
2.538000e+09 7.547200e+03 
2540000000 7.526825e+03 
2.542000e+09 7.519725e+03 
2544000000 7.538975e+03 
2.546000e+09 7.528125e+03 
2548000000 7.539725e+03 
2.550000e+09 7.540150e+03 
2552000000 7.521525e+03 
2.554000e+09 7.505125e+03 
2556000000 7.524200e+03 
2.558000e+09 7.526875e+03 
2560000000 7.549750e+03 
2.562000e+09 7.507775e+03 
2564000000 7.541875e+03 
2.566000e+09 7.522875e+03 
2568000000 7.524400e+03 
2.570000e+09 7.523175e+03 
2572000000 7.542250e+03 
2.574000e+09 7.512150e+03 
2576000000 7.509675e+03 
2.578000e+09 7.527800e+03 
2580000000 7.523575e+03 
2.582000e+09 7.530075e+03 
2584000000 7.536525e+03 
2.586000e+09 7.524050e+03 
2588000000 7.538650e+03 
2.590000e+09 7.529825e+03 
2592000000 7.513150e+03 
2.594000e+09 7.512425e+03 
2596000000 7.521675e+03 
2.598000e+09 7.527725e+03 
2600000000 7.541600e+03 
2.602000e+09 7.547300e+03 
2604000000 7529 
2.606000e+09 7.498500e+03 
2608000000 7.525325e+03 
2.610000e+09 7.502325e+03 
2612000000 7.556075e+03 
2.614000e+09 7.529600e+03 
2616000000 7.534500e+03 
2.618000e+09 7.539600e+03 
2620000000 7.543125e+03 
2.622000e+09 7.532150e+03 
2624000000 7.512750e+03 
2.626000e+09 7.509075e+03 
2628000000 7.503550e+03 
2.630000e+09 7.499275e+03 
2632000000 7.504525e+03 
2.634000e+09 7.473675e+03 
2636000000 7.487750e+03 
2.638000e+09 7.486325e+03 
2640000000 7.497900e+03 
2.642000e+09 7.488075e+03 
2644000000 7.469075e+03 
2646000000 7.497725e+03 
2648000000 7.512600e+03 
2.650000e+09 7.520450e+03 
2652000000 7513 
2654000000 7.515375e+03 
2656000000 7.515225e+03 
2.658000e+09 7.527800e+03 
2660000000 7.525525e+03 
2662000000 7.531600e+03 
2664000000 7.538850e+03 
2.666000e+09 7.532375e+03 
2668000000 7.530900e+03 
2670000000 7.522350e+03 
2672000000 7.512850e+03 
2.674000e+09 7.492500e+03 
2676000000 7.551275e+03 
2678000000 7.518550e+03 
2680000000 7.508725e+03 
2.682000e+09 7.487425e+03 
2684000000 7459 
2686000000 7.465425e+03 
2688000000 7.433650e+03 
2.690000e+09 7.433850e+03 
2692000000 7.434025e+03 
2694000000 7.452850e+03 
2696000000 7.456650e+03 
2698000000 7.468575e+03 
2700000000 7.479850e+03 
2702000000 7.483525e+03 
2704000000 7.498325e+03 
2706000000 7.501450e+03 
2708000000 7.510925e+03 
2710000000 7.520450e+03 
2712000000 7.494900e+03 
2714000000 7.512875e+03 
2716000000 7.511700e+03 
2718000000 7.499400e+03 
2720000000 7513 
2722000000 7.504675e+03 
2724000000 7.514850e+03 
2726000000 7.517250e+03 
2728000000 7.486325e+03 
2730000000 7.530650e+03 
2732000000 7.507900e+03 
2734000000 7520 
2736000000 7.491125e+03 
2738000000 7.507475e+03 
2740000000 7.485125e+03 
2742000000 7.524325e+03 
2744000000 7.481600e+03 
2746000000 7.507550e+03 
2748000000 7.508050e+03 
2750000000 7.503525e+03 
2752000000 7.518025e+03 
2754000000 7.491075e+03 
2756000000 7.502050e+03 
2758000000 7.491850e+03 
2760000000 7.482175e+03 
2762000000 7.504675e+03 
2764000000 7.500350e+03 
2766000000 7.494075e+03 
2768000000 7.515500e+03 
2770000000 7.512625e+03 
2.772000e+09 7.480675e+03 
2774000000 7.474975e+03 
2.776000e+09 7.506925e+03 
2778000000 7.494525e+03 
2.780000e+09 7.508125e+03 
2782000000 7.505975e+03 
2.784000e+09 7.496800e+03 
2786000000 7.512200e+03 
2.788000e+09 7.509500e+03 
2790000000 7.508575e+03 
2.792000e+09 7.488875e+03 
2794000000 7.476325e+03 
2.796000e+09 7.460025e+03 
2798000000 7.473125e+03 
2.800000e+09 7.439225e+03 
2802000000 7.434800e+03 
2.804000e+09 7.420825e+03 
2806000000 7.427900e+03 
2.808000e+09 7.409650e+03 
2810000000 7.464150e+03 
2.812000e+09 7.469275e+03 
2814000000 7.472400e+03 
2.816000e+09 7.483725e+03 
2818000000 7.516750e+03 
2.820000e+09 7.509225e+03 
2822000000 7.488450e+03 
2.824000e+09 7.504175e+03 
2826000000 7.492675e+03 
2.828000e+09 7.503500e+03 
2830000000 7.470075e+03 
2832000000 7.485950e+03 
2834000000 7.490450e+03 
2.836000e+09 7.499650e+03 
2838000000 7.498750e+03 
2.840000e+09 7.491200e+03 
2842000000 7.473675e+03 
2.844000e+09 7.481175e+03 
2846000000 7.453700e+03 
2848000000 7.457300e+03 
2850000000 7.473350e+03 
2.852000e+09 7.447875e+03 
2854000000 7.487775e+03 
2.856000e+09 7.470300e+03 
2858000000 7.504475e+03 
2.860000e+09 7.477450e+03 
2862000000 7.478300e+03 
2864000000 7.485550e+03 
2866000000 7.499725e+03 
2.868000e+09 7.488075e+03 
2870000000 7.499300e+03 

END
