IGOR
WAVES/D/O sweep,sig(1) 
BEGIN
2570000000 7.582800e+03 
2571500000 7.599475e+03 
2573000000 7.598175e+03 
2574500000 7.592775e+03 
2.576000e+09 7.587075e+03 
2.577500e+09 7573 
2.579000e+09 7.573275e+03 
2580500000 7.593800e+03 
2582000000 7.587175e+03 
2583500000 7.595150e+03 
2585000000 7.595625e+03 
2586500000 7.578200e+03 
2588000000 7.572650e+03 
2.589500e+09 7.598675e+03 
2.591000e+09 7.604275e+03 
2592500000 7.608925e+03 
2594000000 7.581350e+03 
2595500000 7617 
2597000000 7.590175e+03 
2598500000 7.563550e+03 
2.600000e+09 7.599225e+03 
2.601500e+09 7.595875e+03 
2.603000e+09 7.587525e+03 
2604500000 7.579575e+03 
2606000000 7.580200e+03 
2607500000 7.565350e+03 
2609000000 7.588700e+03 
2610500000 7.568700e+03 
2612000000 7.587850e+03 
2.613500e+09 7.596200e+03 
2615000000 7.590850e+03 
2616500000 7.582900e+03 
2618000000 7.569225e+03 
2619500000 7.608975e+03 
2621000000 7.573825e+03 
2622500000 7.574700e+03 
2.624000e+09 7.617375e+03 
2.625500e+09 7.601650e+03 
2627000000 7.581125e+03 
2628500000 7.578700e+03 
2630000000 7.587125e+03 
2631500000 7.598550e+03 
2633000000 7.597475e+03 
2634500000 7.557350e+03 
2636000000 7.551175e+03 
2.637500e+09 7.543125e+03 
2639000000 7.550075e+03 
2640500000 7540 
2642000000 7.521375e+03 
2643500000 7.517050e+03 
2645000000 7.536125e+03 
2646500000 7.502975e+03 
2.648000e+09 7.507375e+03 
2.649500e+09 7.497275e+03 
2651000000 7.509950e+03 
2652500000 7.536100e+03 
2654000000 7.534475e+03 
2655500000 7.544050e+03 
2657000000 7.572825e+03 
2658500000 7564 
2.660000e+09 7.559850e+03 
2.661500e+09 7.588850e+03 
2663000000 7.581525e+03 
2664500000 7.604400e+03 
2666000000 7.578425e+03 
2667500000 7.587025e+03 
2669000000 7.610325e+03 
2670500000 7.586525e+03 
2672000000 7578 
2673500000 7580 
2675000000 7.599775e+03 
2676500000 7.591550e+03 
2678000000 7.586100e+03 
2679500000 7.586200e+03 
2681000000 7.592550e+03 
2682500000 7.591725e+03 
2.684000e+09 7.604650e+03 
2685500000 7.575625e+03 
2687000000 7.577450e+03 
2688500000 7.584375e+03 
2690000000 7.558850e+03 
2691500000 7.599075e+03 
2693000000 7.571400e+03 
2694500000 7.551825e+03 
2.696000e+09 7.540800e+03 
2697500000 7.536750e+03 
2699000000 7.519575e+03 
2700500000 7.540100e+03 
2702000000 7.537650e+03 
2703500000 7.558175e+03 
2705000000 7.539300e+03 
2706500000 7.552150e+03 
2708000000 7.556050e+03 
2709500000 7.562825e+03 
2711000000 7.537400e+03 
2712500000 7.598275e+03 
2714000000 7.561525e+03 
2715500000 7.581375e+03 
2717000000 7.592500e+03 
2718500000 7.593275e+03 
2.720000e+09 7.581575e+03 
2721500000 7.568825e+03 
2723000000 7.590500e+03 
2724500000 7597 
2726000000 7.579875e+03 
2727500000 7.591275e+03 
2729000000 7.568800e+03 
2730500000 7.560600e+03 
2732000000 7.581850e+03 
2733500000 7.587750e+03 
2735000000 7.583775e+03 
2736500000 7.562050e+03 
2738000000 7.587250e+03 
2739500000 7.587850e+03 
2741000000 7.560625e+03 
2742500000 7.588525e+03 
2744000000 7.590650e+03 
2745500000 7.593850e+03 
2747000000 7.593975e+03 
2748500000 7.599500e+03 
2750000000 7.589900e+03 
2751500000 7.584975e+03 
2753000000 7.597250e+03 
2754500000 7.593050e+03 
2756000000 7.585250e+03 
2757500000 7.572675e+03 
2759000000 7.582800e+03 
2760500000 7.581150e+03 
2762000000 7.559775e+03 
2763500000 7.570450e+03 
2765000000 7.590725e+03 
2766500000 7.589525e+03 
2768000000 7.589825e+03 
2769500000 7.594675e+03 
2771000000 7.580050e+03 
2772500000 7.566100e+03 
2774000000 7.606075e+03 
2775500000 7.584600e+03 
2777000000 7.579900e+03 
2778500000 7.583900e+03 
2.780000e+09 7.593675e+03 
2781500000 7.603200e+03 
2783000000 7.582225e+03 
2784500000 7.591875e+03 
2786000000 7.601450e+03 
2787500000 7.580150e+03 
2789000000 7.569250e+03 
2790500000 7.571100e+03 
2792000000 7.583400e+03 
2793500000 7.592050e+03 
2795000000 7.583525e+03 
2796500000 7.580175e+03 
2798000000 7.581050e+03 
2799500000 7.592400e+03 
2801000000 7.580425e+03 
2802500000 7.586700e+03 
2.804000e+09 7.576050e+03 
2805500000 7.607475e+03 
2807000000 7.589900e+03 
2808500000 7.620725e+03 
2810000000 7.597350e+03 
2811500000 7.576700e+03 
2813000000 7.597600e+03 
2814500000 7.578625e+03 
2816000000 7.597600e+03 
2817500000 7.590600e+03 
2819000000 7.597550e+03 
2820500000 7.578850e+03 
2822000000 7.605250e+03 
2823500000 7.593775e+03 
2825000000 7.578175e+03 
2826500000 7.584875e+03 
2.828000e+09 7.597800e+03 
2829500000 7.594800e+03 
2831000000 7.570950e+03 
2832500000 7570 
2834000000 7.579225e+03 
2835500000 7.571575e+03 
2837000000 7.566550e+03 
2.838500e+09 7.563075e+03 
2840000000 7.556450e+03 
2841500000 7.568775e+03 
2843000000 7.563450e+03 
2844500000 7.561075e+03 
2846000000 7.557350e+03 
2847500000 7.564675e+03 
2849000000 7.566300e+03 
2.850500e+09 7.546050e+03 
2.852000e+09 7.571800e+03 
2853500000 7.584250e+03 
2855000000 7.575175e+03 
2856500000 7.596300e+03 
2858000000 7.572850e+03 
2859500000 7.587250e+03 
2861000000 7.596275e+03 
2.862500e+09 7571 
2864000000 7.572350e+03 
2865500000 7.612800e+03 
2867000000 7.606025e+03 
2868500000 7.606675e+03 
2870000000 7.570775e+03 

END
