IGOR
WAVES/D/O sweep,sig(1) 
BEGIN
2870000000 7.517925e+03 
2870650000 7.496025e+03 
2871300000 7.501550e+03 
2871950000 7.475575e+03 
2.872600e+09 7.470825e+03 
2873250000 7.490575e+03 
2873900000 7.488975e+03 
2874550000 7.457550e+03 
2875200000 7.486250e+03 
2.875850e+09 7.467275e+03 
2876500000 7.445825e+03 
2.877150e+09 7.446775e+03 
2877800000 7.443200e+03 
2878450000 7.460050e+03 
2879100000 7.452325e+03 
2879750000 7.465825e+03 
2.880400e+09 7437 
2881050000 7.445325e+03 
2881700000 7.446375e+03 
2882350000 7.446300e+03 
2883000000 7.456750e+03 
2.883650e+09 7.451800e+03 
2884300000 7.435325e+03 
2884950000 7.434350e+03 
2885600000 7.433250e+03 
2886250000 7.464475e+03 
2.886900e+09 7.468900e+03 
2887550000 7.460625e+03 
2888200000 7.468725e+03 
2888850000 7.462700e+03 
2889500000 7.465250e+03 
2890150000 7.488375e+03 
2890800000 7.473325e+03 
2.891450e+09 7.464600e+03 
2892100000 7.484925e+03 
2892750000 7.467125e+03 
2893400000 7.501825e+03 
2894050000 7.492450e+03 
2.894700e+09 7.491575e+03 
2895350000 7.504575e+03 
2896000000 7.483525e+03 
2896650000 7.476225e+03 
2897300000 7.500550e+03 
2.897950e+09 7.489125e+03 
2898600000 7.476275e+03 
2899250000 7.488975e+03 
2899900000 7.490050e+03 
2900550000 7.496575e+03 
2901200000 7.494250e+03 
2901850000 7.495025e+03 
2902500000 7.458875e+03 
2903150000 7.487200e+03 
2903800000 7.482925e+03 
2904450000 7.493300e+03 
2905100000 7493 
2.905750e+09 7.501675e+03 
2906400000 7.490900e+03 
2907050000 7.491475e+03 
2907700000 7.489650e+03 
2908350000 7.487250e+03 
2.909000e+09 7.469725e+03 
2909650000 7.479825e+03 
2910300000 7.492425e+03 
2910950000 7.485275e+03 
2911600000 7.491675e+03 
2912250000 7.473175e+03 
2912900000 7.489050e+03 
2913550000 7.477875e+03 
2914200000 7.484200e+03 
2914850000 7.459325e+03 
2915500000 7.458050e+03 
2916150000 7.481550e+03 
2.916800e+09 7.459550e+03 
2917450000 7.470025e+03 
2918100000 7.466925e+03 
2918750000 7.452025e+03 
2919400000 7.459225e+03 
2.920050e+09 7.450200e+03 
2920700000 7.443825e+03 
2921350000 7.468475e+03 
2922000000 7.469150e+03 
2922650000 7.446900e+03 
2923300000 7.480675e+03 
2923950000 7.456950e+03 
2924600000 7.457150e+03 
2925250000 7.469200e+03 
2925900000 7.459800e+03 
2926550000 7.445725e+03 
2927200000 7.472850e+03 
2927850000 7.447425e+03 
2928500000 7.464475e+03 
2929150000 7.456925e+03 
2929800000 7.464250e+03 
2930450000 7.461525e+03 
2.931100e+09 7.484450e+03 
2931750000 7.498575e+03 
2932400000 7.492650e+03 
2933050000 7.486300e+03 
2933700000 7.493250e+03 
2934350000 7.488725e+03 
2935000000 7.473025e+03 
2935650000 7.486300e+03 
2936300000 7.495425e+03 
2936950000 7.503175e+03 
2937600000 7.488950e+03 
2938250000 7.494675e+03 
2938900000 7.500975e+03 
2939550000 7.508925e+03 
2940200000 7.501675e+03 
2940850000 7.496125e+03 
2941500000 7.481825e+03 
2.942150e+09 7.527150e+03 
2942800000 7.497750e+03 
2943450000 7.497975e+03 
2944100000 7.502800e+03 
2944750000 7.490250e+03 
2.945400e+09 7.498100e+03 
2946050000 7.486475e+03 
2946700000 7.507950e+03 
2947350000 7.522350e+03 
2948000000 7.502975e+03 
2948650000 7529 
2949300000 7.522075e+03 
2949950000 7.528425e+03 
2950600000 7.506850e+03 
2951250000 7.492650e+03 
2951900000 7.507575e+03 
2952550000 7.503300e+03 
2953200000 7.497700e+03 
2953850000 7.488775e+03 
2954500000 7.524225e+03 
2955150000 7.502225e+03 
2955800000 7.496550e+03 
2.956450e+09 7.536500e+03 
2957100000 7.518900e+03 
2957750000 7.515975e+03 
2958400000 7.508350e+03 
2959050000 7.501650e+03 
2959700000 7.506650e+03 
2960350000 7.503550e+03 
2961000000 7.495625e+03 
2961650000 7.484550e+03 
2962300000 7.516050e+03 
2962950000 7.522975e+03 
2963600000 7.512850e+03 
2964250000 7.486025e+03 
2964900000 7.510175e+03 
2965550000 7.502850e+03 
2966200000 7.499575e+03 
2966850000 7.482650e+03 
2.967500e+09 7.495750e+03 
2968150000 7.501675e+03 
2968800000 7.494250e+03 
2969450000 7.508300e+03 
2970100000 7.493950e+03 
2970750000 7.501075e+03 
2971400000 7.520600e+03 
2972050000 7.497950e+03 
2972700000 7.499575e+03 
2973350000 7.498050e+03 
2974000000 7.510225e+03 
2974650000 7.517600e+03 
2975300000 7.498225e+03 
2975950000 7.504825e+03 
2976600000 7.501075e+03 
2977250000 7.494150e+03 
2977900000 7.501675e+03 
2978550000 7.510875e+03 
2979200000 7.489275e+03 
2979850000 7.524900e+03 
2980500000 7.545600e+03 
2981150000 7.518275e+03 
2981800000 7.519850e+03 
2982450000 7.507075e+03 
2983100000 7.518775e+03 
2983750000 7.490800e+03 
2984400000 7.505700e+03 
2985050000 7.503675e+03 
2985700000 7.508500e+03 
2986350000 7.498975e+03 
2987000000 7.509800e+03 
2987650000 7.483050e+03 
2988300000 7.505400e+03 
2988950000 7.489075e+03 
2989600000 7.494025e+03 
2990250000 7.501550e+03 
2990900000 7.487875e+03 
2991550000 7.508050e+03 
2992200000 7.500950e+03 
2992850000 7.508650e+03 
2993500000 7.527450e+03 
2994150000 7.497650e+03 
2994800000 7.506800e+03 
2995450000 7.487425e+03 
2996100000 7501 
2996750000 7.521425e+03 
2997400000 7.498325e+03 
2998050000 7.487500e+03 
2998700000 7.508500e+03 
2999350000 7.500600e+03 
3000000000 7.508650e+03 

END
