IGOR
WAVES/D/O sweep,sig(1) 
BEGIN
2570000000 7.155250e+03 
2571500000 7.182400e+03 
2573000000 7.168500e+03 
2574500000 7.183250e+03 
2.576000e+09 7.167950e+03 
2.577500e+09 7.168250e+03 
2.579000e+09 7.185400e+03 
2580500000 7.142350e+03 
2582000000 7.193100e+03 
2583500000 7.181750e+03 
2585000000 7.207850e+03 
2586500000 7.179750e+03 
2588000000 7.127350e+03 
2.589500e+09 7.193250e+03 
2.591000e+09 7.202050e+03 
2592500000 7.183500e+03 
2594000000 7.198850e+03 
2595500000 7.196100e+03 
2597000000 7.188600e+03 
2598500000 7.168400e+03 
2.600000e+09 7.172900e+03 
2.601500e+09 7.160400e+03 
2.603000e+09 7.172450e+03 
2604500000 7.161350e+03 
2606000000 7.174550e+03 
2607500000 7164 
2609000000 7.115500e+03 
2610500000 7.186150e+03 
2612000000 7.161150e+03 
2.613500e+09 7.131400e+03 
2615000000 7.162200e+03 
2616500000 7.156200e+03 
2618000000 7.179500e+03 
2619500000 7151 
2621000000 7.167400e+03 
2622500000 7.161500e+03 
2.624000e+09 7.173100e+03 
2.625500e+09 7.157900e+03 
2627000000 7.185200e+03 
2628500000 7.193200e+03 
2630000000 7.153150e+03 
2631500000 7.171050e+03 
2633000000 7.139600e+03 
2634500000 7161 
2636000000 7.131050e+03 
2.637500e+09 7.144550e+03 
2639000000 7.193750e+03 
2640500000 7.178500e+03 
2642000000 7.123250e+03 
2643500000 7169 
2645000000 7.179650e+03 
2646500000 7.157900e+03 
2.648000e+09 7.187150e+03 
2.649500e+09 7.162450e+03 
2651000000 7.150350e+03 
2652500000 7.158800e+03 
2654000000 7.182650e+03 
2655500000 7.134600e+03 
2657000000 7.154850e+03 
2658500000 7.133850e+03 
2.660000e+09 7.180250e+03 
2.661500e+09 7.133950e+03 
2663000000 7.171950e+03 
2664500000 7.164500e+03 
2666000000 7.169650e+03 
2667500000 7.163350e+03 
2669000000 7.151650e+03 
2670500000 7.136750e+03 
2672000000 7.151750e+03 
2673500000 7143 
2675000000 7.131250e+03 
2676500000 7.144200e+03 
2678000000 7.096600e+03 
2679500000 7.118750e+03 
2681000000 7.099150e+03 
2682500000 7121 
2.684000e+09 7.124500e+03 
2685500000 7.117150e+03 
2687000000 7.098050e+03 
2688500000 7.145350e+03 
2690000000 7.148550e+03 
2691500000 7.160850e+03 
2693000000 7.174400e+03 
2694500000 7.155050e+03 
2.696000e+09 7.134600e+03 
2697500000 7.169700e+03 
2699000000 7.124700e+03 
2700500000 7.148650e+03 
2702000000 7.197150e+03 
2703500000 7153 
2705000000 7.124050e+03 
2706500000 7.121700e+03 
2708000000 7.092050e+03 
2709500000 7.103400e+03 
2711000000 7.117250e+03 
2712500000 7.112450e+03 
2714000000 7080 
2715500000 7.090450e+03 
2717000000 7.094100e+03 
2718500000 7.067850e+03 
2.720000e+09 7.096100e+03 
2721500000 7.069050e+03 
2723000000 7.085700e+03 
2724500000 7.106100e+03 
2726000000 7.123600e+03 
2727500000 7.141800e+03 
2729000000 7.147250e+03 
2730500000 7.173300e+03 
2732000000 7.142550e+03 
2733500000 7.158150e+03 
2735000000 7.154650e+03 
2736500000 7.175050e+03 
2738000000 7.162900e+03 
2739500000 7.153350e+03 
2741000000 7.142450e+03 
2742500000 7.154650e+03 
2744000000 7.165500e+03 
2745500000 7.184300e+03 
2747000000 7.153850e+03 
2748500000 7.135900e+03 
2750000000 7.161300e+03 
2751500000 7157 
2753000000 7.152550e+03 
2754500000 7.124850e+03 
2756000000 7.124300e+03 
2757500000 7.113500e+03 
2759000000 7.093250e+03 
2760500000 7.056200e+03 
2762000000 7.083100e+03 
2763500000 7.100100e+03 
2765000000 7.090600e+03 
2766500000 7.052200e+03 
2768000000 7.068550e+03 
2769500000 7.089200e+03 
2771000000 7.084550e+03 
2772500000 7.122600e+03 
2774000000 7.125800e+03 
2775500000 7.144050e+03 
2777000000 7.142550e+03 
2778500000 7.156600e+03 
2.780000e+09 7.136050e+03 
2781500000 7.155950e+03 
2783000000 7.154150e+03 
2784500000 7.142800e+03 
2786000000 7.160350e+03 
2787500000 7.163250e+03 
2789000000 7.160750e+03 
2790500000 7.149150e+03 
2792000000 7.127250e+03 
2793500000 7.111250e+03 
2795000000 7.114350e+03 
2796500000 7.122350e+03 
2798000000 7.118300e+03 
2799500000 7.126400e+03 
2801000000 7.113850e+03 
2802500000 7.121700e+03 
2.804000e+09 7.132550e+03 
2805500000 7.136350e+03 
2807000000 7146 
2808500000 7.156450e+03 
2810000000 7.142100e+03 
2811500000 7.175150e+03 
2813000000 7.156900e+03 
2814500000 7.174100e+03 
2816000000 7.170050e+03 
2817500000 7.151450e+03 
2819000000 7.160100e+03 
2820500000 7.158900e+03 
2822000000 7.173600e+03 
2823500000 7.163850e+03 
2825000000 7164 
2826500000 7.169650e+03 
2.828000e+09 7.189150e+03 
2829500000 7.189150e+03 
2831000000 7.199450e+03 
2832500000 7.198200e+03 
2834000000 7.173700e+03 
2835500000 7181 
2837000000 7.187850e+03 
2.838500e+09 7.162150e+03 
2840000000 7.201550e+03 
2841500000 7.165800e+03 
2843000000 7.167200e+03 
2844500000 7.189750e+03 
2846000000 7.161200e+03 
2847500000 7.198350e+03 
2849000000 7.222350e+03 
2.850500e+09 7.172750e+03 
2.852000e+09 7.177700e+03 
2853500000 7.187250e+03 
2855000000 7.175850e+03 
2856500000 7.181800e+03 
2858000000 7.175050e+03 
2859500000 7.179700e+03 
2861000000 7174 
2.862500e+09 7.193350e+03 
2864000000 7.192400e+03 
2865500000 7.190200e+03 
2867000000 7.154250e+03 
2868500000 7.170050e+03 
2870000000 7.182800e+03 

END
