IGOR
WAVES/D/O sweep,sig(1) 
BEGIN
2670000000 1.755429e+03 
2671200000 1.755983e+03 
2672400000 1.755391e+03 
2673600000 1.755757e+03 
2674800000 1.754026e+03 
2.676000e+09 1.755271e+03 
2677200000 1.754721e+03 
2678400000 1.755267e+03 
2.679600e+09 1.755827e+03 
2680800000 1.755780e+03 
2682000000 1.755962e+03 
2683200000 1.755196e+03 
2684400000 1.755212e+03 
2685600000 1.756734e+03 
2686800000 1.755889e+03 
2.688000e+09 1.754013e+03 
2689200000 1.755226e+03 
2690400000 1.754706e+03 
2691600000 1.756490e+03 
2692800000 1.754987e+03 
2694000000 1.756412e+03 
2695200000 1.756313e+03 
2696400000 1.754555e+03 
2697600000 1.755684e+03 
2698800000 1.755488e+03 
2.700000e+09 1.757002e+03 
2701200000 1.755823e+03 
2702400000 1.755389e+03 
2703600000 1.754046e+03 
2704800000 1.755885e+03 
2706000000 1.757208e+03 
2707200000 1.755454e+03 
2708400000 1.755613e+03 
2709600000 1.755063e+03 
2710800000 1.754988e+03 
2.712000e+09 1.756540e+03 
2713200000 1.756149e+03 
2714400000 1.755365e+03 
2715600000 1.754936e+03 
2716800000 1.754545e+03 
2718000000 1.754404e+03 
2719200000 1.751655e+03 
2.720400e+09 1.750496e+03 
2721600000 1.748604e+03 
2722800000 1.745365e+03 
2.724000e+09 1.744703e+03 
2725200000 1.743580e+03 
2726400000 1.744526e+03 
2727600000 1.743172e+03 
2728800000 1.745030e+03 
2730000000 1.747561e+03 
2731200000 1.747504e+03 
2.732400e+09 1.749282e+03 
2733600000 1.751017e+03 
2734800000 1.753326e+03 
2736000000 1.753591e+03 
2737200000 1.754470e+03 
2738400000 1.755386e+03 
2739600000 1.756335e+03 
2740800000 1.757532e+03 
2742000000 1.757001e+03 
2743200000 1.756877e+03 
2.744400e+09 1.756664e+03 
2745600000 1.755574e+03 
2746800000 1.754523e+03 
2748000000 1.755691e+03 
2749200000 1.757364e+03 
2750400000 1.756323e+03 
2751600000 1.757138e+03 
2.752800e+09 1.756077e+03 
2754000000 1.757767e+03 
2755200000 1.755116e+03 
2.756400e+09 1.755209e+03 
2757600000 1.756462e+03 
2758800000 1.756306e+03 
2760000000 1.757099e+03 
2761200000 1.757703e+03 
2762400000 1.755514e+03 
2763600000 1.755204e+03 
2.764800e+09 1.755644e+03 
2766000000 1.756009e+03 
2767200000 1.755080e+03 
2.768400e+09 1.757216e+03 
2769600000 1.755342e+03 
2770800000 1.754819e+03 
2772000000 1.756310e+03 
2773200000 1.753350e+03 
2774400000 1.753155e+03 
2775600000 1.753659e+03 
2.776800e+09 1.750746e+03 
2778000000 1.750763e+03 
2779200000 1.747983e+03 
2.780400e+09 1.744351e+03 
2781600000 1.745183e+03 
2782800000 1.744747e+03 
2784000000 1.744822e+03 
2.785200e+09 1.745892e+03 
2786400000 1.746829e+03 
2787600000 1.749178e+03 
2.788800e+09 1.752210e+03 
2790000000 1.754255e+03 
2791200000 1.753333e+03 
2792400000 1.753911e+03 
2793600000 1.754049e+03 
2794800000 1.755940e+03 
2796000000 1.754633e+03 
2.797200e+09 1.756076e+03 
2798400000 1.756013e+03 
2799600000 1.756154e+03 
2.800800e+09 1.755160e+03 
2802000000 1.754782e+03 
2803200000 1.755517e+03 
2804400000 1.756497e+03 
2805600000 1.755714e+03 
2806800000 1.755816e+03 
2808000000 1.755510e+03 
2.809200e+09 1.755046e+03 
2810400000 1.756082e+03 
2811600000 1.756704e+03 
2.812800e+09 1.754689e+03 
2814000000 1.755957e+03 
2815200000 1.755186e+03 
2816400000 1.755772e+03 
2.817600e+09 1.755332e+03 
2818800000 1.755837e+03 
2820000000 1.756172e+03 
2.821200e+09 1.755262e+03 
2822400000 1.756088e+03 
2823600000 1.755759e+03 
2.824800e+09 1.755809e+03 
2826000000 1.755310e+03 
2827200000 1.755450e+03 
2828400000 1.755694e+03 
2.829600e+09 1.755774e+03 
2830800000 1.756417e+03 
2832000000 1.754832e+03 
2.833200e+09 1.757815e+03 
2834400000 1.756306e+03 
2835600000 1.755804e+03 
2836800000 1.756154e+03 
2838000000 1.754830e+03 
2839200000 1.755908e+03 
2840400000 1.756530e+03 
2.841600e+09 1.753717e+03 
2842800000 1.754482e+03 
2844000000 1.754862e+03 
2.845200e+09 1.753138e+03 
2846400000 1.752487e+03 
2847600000 1.753090e+03 
2848800000 1.753137e+03 
2.850000e+09 1.751804e+03 
2851200000 1.753402e+03 
2852400000 1.753075e+03 
2.853600e+09 1.752899e+03 
2854800000 1.752912e+03 
2856000000 1.752279e+03 
2.857200e+09 1.751870e+03 
2858400000 1.750583e+03 
2859600000 1.748724e+03 
2860800000 1.746509e+03 
2.862000e+09 1.743496e+03 
2863200000 1.741441e+03 
2864400000 1.737986e+03 
2.865600e+09 1.736374e+03 
2866800000 1.739058e+03 
2868000000 1.739880e+03 
2.869200e+09 1.742162e+03 
2870400000 1.746008e+03 
2871600000 1.747657e+03 
2872800000 1.750975e+03 
2.874000e+09 1.753787e+03 
2875200000 1.754079e+03 
2876400000 1.755193e+03 
2.877600e+09 1.755608e+03 
2878800000 1.756464e+03 
2880000000 1.755423e+03 
2.881200e+09 1.754742e+03 
2.882400e+09 1.757841e+03 
2883600000 1.754615e+03 
2884800000 1.756476e+03 
2.886000e+09 1.756809e+03 
2887200000 1.756355e+03 
2888400000 1.755454e+03 
2.889600e+09 1.756251e+03 
2890800000 1.755999e+03 
2892000000 1.754550e+03 
2893200000 1.754309e+03 
2894400000 1.750451e+03 
2895600000 1.749382e+03 
2896800000 1.745692e+03 
2.898000e+09 1.742797e+03 
2899200000 1.741035e+03 
2900400000 1.738912e+03 
2.901600e+09 1.739479e+03 
2902800000 1.740990e+03 
2904000000 1.742083e+03 
2905200000 1.745856e+03 
2.906400e+09 1.745100e+03 
2907600000 1.748815e+03 
2908800000 1.751216e+03 
2.910000e+09 1.750653e+03 
2911200000 1.751388e+03 
2912400000 1.750489e+03 
2.913600e+09 1.748902e+03 
2.914800e+09 1.748361e+03 
2916000000 1.748629e+03 
2917200000 1.748622e+03 
2.918400e+09 1.748896e+03 
2919600000 1.751885e+03 
2920800000 1.750944e+03 
2.922000e+09 1.752849e+03 
2923200000 1.755112e+03 
2924400000 1.755138e+03 
2.925600e+09 1.755004e+03 
2926800000 1.753722e+03 
2928000000 1.755657e+03 
2929200000 1.755245e+03 
2.930400e+09 1.756996e+03 
2931600000 1.756899e+03 
2932800000 1.756321e+03 
2.934000e+09 1.756982e+03 
2935200000 1.756625e+03 
2936400000 1.756369e+03 
2937600000 1.756958e+03 
2.938800e+09 1.756336e+03 
2940000000 1.754154e+03 
2941200000 1.756047e+03 
2.942400e+09 1.756718e+03 
2943600000 1.756926e+03 
2944800000 1.756690e+03 
2.946000e+09 1.755530e+03 
2.947200e+09 1.756075e+03 
2948400000 1.756693e+03 
2949600000 1.756172e+03 
2.950800e+09 1.756549e+03 
2952000000 1.756624e+03 
2953200000 1.757271e+03 
2.954400e+09 1.757721e+03 
2.955600e+09 1.756146e+03 
2956800000 1.755716e+03 
2.958000e+09 1.756785e+03 
2959200000 1.755628e+03 
2960400000 1.755784e+03 
2961600000 1.755806e+03 
2.962800e+09 1.756514e+03 
2964000000 1.754852e+03 
2965200000 1.755086e+03 
2.966400e+09 1.754736e+03 
2967600000 1.752896e+03 
2968800000 1.750925e+03 
2.970000e+09 1.749926e+03 
2.971200e+09 1.749982e+03 
2972400000 1.746500e+03 
2973600000 1.746121e+03 
2.974800e+09 1.743890e+03 
2976000000 1.744079e+03 
2977200000 1.746960e+03 
2.978400e+09 1.746808e+03 
2.979600e+09 1.749646e+03 
2980800000 1.750214e+03 
2982000000 1.751989e+03 
2.983200e+09 1.755318e+03 
2984400000 1.754913e+03 
2985600000 1.754751e+03 
2.986800e+09 1.755780e+03 
2988000000 1.756563e+03 
2989200000 1.755641e+03 
2.990400e+09 1.757738e+03 
2991600000 1.756966e+03 
2992800000 1.755592e+03 
2994000000 1.756124e+03 
2.995200e+09 1.753144e+03 
2996400000 1.756202e+03 
2997600000 1.757046e+03 
2.998800e+09 1.755666e+03 
3000000000 1.756298e+03 
3001200000 1.757042e+03 
3.002400e+09 1.756697e+03 
3.003600e+09 1.755820e+03 
3004800000 1.755890e+03 
3006000000 1.756450e+03 
3.007200e+09 1.753999e+03 
3008400000 1.754702e+03 
3009600000 1.754177e+03 
3.010800e+09 1.753538e+03 
3.012000e+09 1.750845e+03 
3013200000 1.750042e+03 
3.014400e+09 1.748893e+03 
3015600000 1.746042e+03 
3016800000 1.745502e+03 
3018000000 1.743760e+03 
3.019200e+09 1.744633e+03 
3020400000 1.745558e+03 
3021600000 1.745956e+03 
3.022800e+09 1.748604e+03 
3024000000 1.749759e+03 
3025200000 1.751243e+03 
3.026400e+09 1.751945e+03 
3.027600e+09 1.753675e+03 
3028800000 1.755019e+03 
3030000000 1.756435e+03 

END
X//SEQUENCE PARAMETERS
X//meas
X//SPCM
X//meas2
X//PD0 not connected
X//bGo
X//0
X//bExp
X//0
X//bTomo
X//false
X//m
X//2.77
X//name
X//ESR
X//From
X//2.67
X//To
X//3.03
X//bSweep1log
X//0
X//N
X//301
X//From2
X//0
X//bSweep2log
X//0
X//bSweep2
X//0
X//To2
X//200
X//N2
X//21
X//From3
X//0
X//bSweep3log
X//0
X//bSweep3
X//0
X//To3
X//200
X//N3
X//21
X//pi
X//200
X//halfpi
X//100
X//interval
X//5000
X//readout
X//10000
X//misc
X//5
X//CtrGateDur
X//400
X//bWarmUpAOM
X//0
X//bTrack
X//0
X//saveRaw
X//0
X//post_init_wait
X//5000
X//post_MW_wait
X//1000
X//P1Pulse
X//0
X//TrackPointN
X//13
X//DEERpi
X//200
X//DEERt
X//5000
X//bAAR
X//1
X//Repeat
X//60000
X//Average
X//99999
X//bCust
X//0
X//measPD
X//0
X//ctrN
X//1
X//bRaman
X//0
X//NSweepParam
X//301
X//bGoAfterAvg
X//1
X//bRandom
X//0
X//dataN
X//1
X//refCounts
X//0
X//iAverage
X//112
X//bCtr
X//0
X//bLiO
X//1
