IGOR
WAVES/D/O sweep,sig(1) 
BEGIN
2570000000 8.267800e+03 
2.572150e+09 8.250575e+03 
2574300000 8.249150e+03 
2576450000 8.240975e+03 
2578600000 8.268350e+03 
2.580750e+09 8.270925e+03 
2582900000 8.259300e+03 
2585050000 8.260200e+03 
2.587200e+09 8.238950e+03 
2589350000 8.249850e+03 
2591500000 8.256025e+03 
2593650000 8.255475e+03 
2.595800e+09 8.244700e+03 
2597950000 8.252425e+03 
2600100000 8.263800e+03 
2.602250e+09 8.233425e+03 
2604400000 8.263800e+03 
2606550000 8.240300e+03 
2608700000 8.244300e+03 
2.610850e+09 8.296625e+03 
2613000000 8.244575e+03 
2615150000 8.259850e+03 
2.617300e+09 8.264725e+03 
2619450000 8.250800e+03 
2621600000 8.236225e+03 
2623750000 8.230750e+03 
2.625900e+09 8.250075e+03 
2628050000 8.236250e+03 
2630200000 8.218175e+03 
2.632350e+09 8.194600e+03 
2634500000 8.224350e+03 
2636650000 8.218425e+03 
2638800000 8.225100e+03 
2.640950e+09 8.232300e+03 
2643100000 8.257325e+03 
2645250000 8.269100e+03 
2.647400e+09 8.241725e+03 
2649550000 8.270225e+03 
2651700000 8.251500e+03 
2653850000 8.278525e+03 
2.656000e+09 8.234225e+03 
2658150000 8.258125e+03 
2660300000 8.235425e+03 
2.662450e+09 8.240975e+03 
2664600000 8.225275e+03 
2666750000 8.188600e+03 
2668900000 8.197250e+03 
2.671050e+09 8.219025e+03 
2673200000 8.187250e+03 
2675350000 8.195350e+03 
2677500000 8.217475e+03 
2679650000 8.230150e+03 
2681800000 8.233800e+03 
2683950000 8.263150e+03 
2.686100e+09 8.284800e+03 
2688250000 8268 
2690400000 8.261125e+03 
2692550000 8.254800e+03 
2694700000 8.218050e+03 
2696850000 8.236750e+03 
2699000000 8.227050e+03 
2.701150e+09 8.226425e+03 
2703300000 8.185075e+03 
2705450000 8.199250e+03 
2707600000 8.177125e+03 
2.709750e+09 8.206875e+03 
2711900000 8.170125e+03 
2714050000 8.207875e+03 
2.716200e+09 8.242500e+03 
2718350000 8.231700e+03 
2720500000 8.227950e+03 
2722650000 8.246825e+03 
2724800000 8.239400e+03 
2726950000 8.247225e+03 
2729100000 8.256175e+03 
2.731250e+09 8.277275e+03 
2733400000 8.247950e+03 
2735550000 8.252450e+03 
2737700000 8.230575e+03 
2.739850e+09 8.236350e+03 
2742000000 8.237325e+03 
2744150000 8.212975e+03 
2.746300e+09 8.231625e+03 
2748450000 8.265525e+03 
2750600000 8.228075e+03 
2752750000 8.223125e+03 
2754900000 8.246775e+03 
2757050000 8.269750e+03 
2759200000 8.254600e+03 
2.761350e+09 8.252700e+03 
2763500000 8.249500e+03 
2765650000 8.234750e+03 
2767800000 8.268900e+03 
2.769950e+09 8.240875e+03 
2772100000 8.257900e+03 
2774250000 8.260900e+03 
2.776400e+09 8.272725e+03 
2778550000 8.258875e+03 
2780700000 8.261175e+03 
2782850000 8.260575e+03 
2785000000 8.247825e+03 
2787150000 8.283050e+03 
2789300000 8.244250e+03 
2791450000 8.249150e+03 
2793600000 8.262575e+03 
2795750000 8.254775e+03 
2797900000 8.244825e+03 
2.800050e+09 8.234850e+03 
2802200000 8.252800e+03 
2804350000 8.240600e+03 
2806500000 8.231775e+03 
2808650000 8.235275e+03 
2810800000 8.263775e+03 
2812950000 8.252375e+03 
2815100000 8.244800e+03 
2817250000 8.236200e+03 
2819400000 8.247750e+03 
2821550000 8.240675e+03 
2823700000 8.267850e+03 
2825850000 8.263725e+03 
2828000000 8.261600e+03 
2.830150e+09 8.252325e+03 
2832300000 8.253500e+03 
2834450000 8.237100e+03 
2836600000 8.248700e+03 
2838750000 8.252450e+03 
2840900000 8.247600e+03 
2843050000 8.238925e+03 
2845200000 8.252450e+03 
2847350000 8.258925e+03 
2849500000 8.238725e+03 
2851650000 8.233750e+03 
2853800000 8.256575e+03 
2855950000 8.262375e+03 
2858100000 8.234875e+03 
2.860250e+09 8.253975e+03 
2862400000 8.227500e+03 
2864550000 8.251975e+03 
2866700000 8.235900e+03 
2868850000 8.261525e+03 
2871000000 8.241500e+03 
2873150000 8.227350e+03 
2875300000 8.229600e+03 
2877450000 8.235350e+03 
2879600000 8.259300e+03 
2881750000 8.253675e+03 
2883900000 8.244825e+03 
2886050000 8.268825e+03 
2888200000 8.256075e+03 
2.890350e+09 8.256450e+03 
2892500000 8.262950e+03 
2894650000 8.227475e+03 
2896800000 8.234025e+03 
2898950000 8.257125e+03 
2901100000 8.254075e+03 
2903250000 8.239725e+03 
2905400000 8.221850e+03 
2907550000 8.243625e+03 
2909700000 8.271375e+03 
2911850000 8.251175e+03 
2914000000 8.261175e+03 
2916150000 8.257600e+03 
2918300000 8.256600e+03 
2920450000 8.250350e+03 
2922600000 8.244825e+03 
2924750000 8.256200e+03 
2926900000 8.235975e+03 
2929050000 8.228225e+03 
2931200000 8.267425e+03 
2933350000 8.261200e+03 
2935500000 8.248875e+03 
2937650000 8.224950e+03 
2939800000 8.229275e+03 
2941950000 8.256675e+03 
2.944100e+09 8.249225e+03 
2946250000 8.242750e+03 
2948400000 8.226750e+03 
2950550000 8.255175e+03 
2952700000 8.251575e+03 
2954850000 8.239375e+03 
2957000000 8.248750e+03 
2959150000 8.245475e+03 
2961300000 8.279425e+03 
2963450000 8.274425e+03 
2965600000 8.260350e+03 
2967750000 8.251450e+03 
2969900000 8.239775e+03 
2972050000 8.249625e+03 
2974200000 8.251250e+03 
2976350000 8.232925e+03 
2978500000 8.243425e+03 
2980650000 8.247600e+03 
2982800000 8.267800e+03 
2984950000 8.246225e+03 
2987100000 8.251825e+03 
2989250000 8.255550e+03 
2991400000 8.258525e+03 
2993550000 8.226350e+03 
2995700000 8.223700e+03 
2997850000 8.253500e+03 
3000000000 8.224850e+03 

END
