IGOR
WAVES/D/O sweep,sig(1) 
BEGIN
2570000000 8.164400e+03 
2.572150e+09 8.187300e+03 
2574300000 8.178775e+03 
2576450000 8.157250e+03 
2578600000 8.180875e+03 
2.580750e+09 8.179525e+03 
2582900000 8.167275e+03 
2585050000 8.157075e+03 
2.587200e+09 8.152600e+03 
2589350000 8.132025e+03 
2591500000 8.163975e+03 
2593650000 8.163225e+03 
2.595800e+09 8.172425e+03 
2597950000 8.180525e+03 
2600100000 8.170950e+03 
2.602250e+09 8.158050e+03 
2604400000 8.171975e+03 
2606550000 8.165100e+03 
2608700000 8.147575e+03 
2.610850e+09 8.167900e+03 
2613000000 8.178375e+03 
2615150000 8.178550e+03 
2.617300e+09 8.178900e+03 
2619450000 8.161575e+03 
2621600000 8.173875e+03 
2623750000 8.150475e+03 
2.625900e+09 8.124575e+03 
2628050000 8.121500e+03 
2630200000 8.109675e+03 
2.632350e+09 8.123200e+03 
2634500000 8.125525e+03 
2636650000 8.120600e+03 
2638800000 8.142350e+03 
2.640950e+09 8.130825e+03 
2643100000 8.158600e+03 
2645250000 8.156025e+03 
2.647400e+09 8.157275e+03 
2649550000 8.163900e+03 
2651700000 8.178900e+03 
2653850000 8.150550e+03 
2.656000e+09 8.175475e+03 
2658150000 8.154325e+03 
2660300000 8.152225e+03 
2.662450e+09 8.143200e+03 
2664600000 8.117850e+03 
2666750000 8.098525e+03 
2668900000 8.126550e+03 
2.671050e+09 8.090550e+03 
2673200000 8.098650e+03 
2675350000 8.090600e+03 
2677500000 8.118275e+03 
2679650000 8.143825e+03 
2681800000 8.138850e+03 
2683950000 8.175800e+03 
2.686100e+09 8.183325e+03 
2688250000 8.191625e+03 
2690400000 8.185100e+03 
2692550000 8.171600e+03 
2694700000 8.121475e+03 
2696850000 8.139850e+03 
2699000000 8.103175e+03 
2.701150e+09 8.117050e+03 
2703300000 8.123925e+03 
2705450000 8.091300e+03 
2707600000 8.114725e+03 
2.709750e+09 8.093900e+03 
2711900000 8.103025e+03 
2714050000 8.158525e+03 
2.716200e+09 8.133725e+03 
2718350000 8150 
2720500000 8.169775e+03 
2722650000 8.163300e+03 
2724800000 8.147725e+03 
2726950000 8.158800e+03 
2729100000 8.152600e+03 
2.731250e+09 8.166325e+03 
2733400000 8.124900e+03 
2735550000 8.121575e+03 
2737700000 8.147400e+03 
2.739850e+09 8104 
2742000000 8.139975e+03 
2744150000 8.142725e+03 
2.746300e+09 8.139300e+03 
2748450000 8.125850e+03 
2750600000 8.151175e+03 
2752750000 8.164550e+03 
2754900000 8.184425e+03 
2757050000 8.148675e+03 
2759200000 8.171850e+03 
2.761350e+09 8.153875e+03 
2763500000 8.150525e+03 
2765650000 8.136975e+03 
2767800000 8.145025e+03 
2.769950e+09 8.167800e+03 
2772100000 8.172525e+03 
2774250000 8.162425e+03 
2.776400e+09 8.172900e+03 
2778550000 8.164600e+03 
2780700000 8.169425e+03 
2782850000 8.190600e+03 
2785000000 8.168600e+03 
2787150000 8.166150e+03 
2789300000 8.174475e+03 
2791450000 8.150125e+03 
2793600000 8.187450e+03 
2795750000 8.178625e+03 
2797900000 8.174825e+03 
2.800050e+09 8.157400e+03 
2802200000 8.152225e+03 
2804350000 8.151800e+03 
2806500000 8.162675e+03 
2808650000 8.135200e+03 
2810800000 8.166575e+03 
2812950000 8.168350e+03 
2815100000 8.171750e+03 
2817250000 8.178875e+03 
2819400000 8.178525e+03 
2821550000 8.148975e+03 
2823700000 8.167575e+03 
2825850000 8.183375e+03 
2828000000 8.160900e+03 
2.830150e+09 8.168900e+03 
2832300000 8.169100e+03 
2834450000 8.185475e+03 
2836600000 8.162750e+03 
2838750000 8.145950e+03 
2840900000 8.159475e+03 
2843050000 8.174075e+03 
2845200000 8.170825e+03 
2847350000 8.156875e+03 
2849500000 8.126625e+03 
2851650000 8.179850e+03 
2853800000 8.177975e+03 
2855950000 8.165525e+03 
2858100000 8.166650e+03 
2.860250e+09 8.170275e+03 
2862400000 8.182375e+03 
2864550000 8.165725e+03 
2866700000 8.191675e+03 
2868850000 8.168725e+03 
2871000000 8.149625e+03 
2873150000 8.203500e+03 
2875300000 8.187775e+03 
2877450000 8.192475e+03 
2879600000 8.162225e+03 
2881750000 8.201175e+03 
2883900000 8.152700e+03 
2886050000 8.181575e+03 
2888200000 8.195050e+03 
2.890350e+09 8.189500e+03 
2892500000 8.141800e+03 
2894650000 8.166900e+03 
2896800000 8.189650e+03 
2898950000 8.153775e+03 
2901100000 8.166325e+03 
2903250000 8.147375e+03 
2905400000 8.208275e+03 
2907550000 8.172200e+03 
2909700000 8.174600e+03 
2911850000 8.189300e+03 
2914000000 8.179900e+03 
2916150000 8.168900e+03 
2918300000 8.165650e+03 
2920450000 8.169875e+03 
2922600000 8.189275e+03 
2924750000 8.192800e+03 
2926900000 8.188500e+03 
2929050000 8.191100e+03 
2931200000 8.193175e+03 
2933350000 8.164900e+03 
2935500000 8.186525e+03 
2937650000 8.184075e+03 
2939800000 8.220275e+03 
2941950000 8.179525e+03 
2.944100e+09 8.177400e+03 
2946250000 8.181850e+03 
2948400000 8.163825e+03 
2950550000 8.194200e+03 
2952700000 8.196275e+03 
2954850000 8.171300e+03 
2957000000 8.187275e+03 
2959150000 8.157375e+03 
2961300000 8.190475e+03 
2963450000 8.211400e+03 
2965600000 8.210150e+03 
2967750000 8.194475e+03 
2969900000 8.206200e+03 
2972050000 8.198900e+03 
2974200000 8.169450e+03 
2976350000 8.164375e+03 
2978500000 8.204500e+03 
2980650000 8.193325e+03 
2982800000 8.174775e+03 
2984950000 8.172725e+03 
2987100000 8.190650e+03 
2989250000 8.202125e+03 
2991400000 8.191300e+03 
2993550000 8.181800e+03 
2995700000 8.138550e+03 
2997850000 8.166650e+03 
3000000000 8.180475e+03 

END
