IGOR
WAVES/D/O sweep,sig(1) 
BEGIN
2570000000 8.272200e+03 
2.572150e+09 8.276725e+03 
2574300000 8.278175e+03 
2576450000 8.286050e+03 
2578600000 8.293025e+03 
2.580750e+09 8.272400e+03 
2582900000 8.285125e+03 
2585050000 8.258725e+03 
2.587200e+09 8.282875e+03 
2589350000 8.284375e+03 
2591500000 8.280275e+03 
2593650000 8.299275e+03 
2.595800e+09 8.280875e+03 
2597950000 8.295150e+03 
2600100000 8.288450e+03 
2.602250e+09 8.296175e+03 
2604400000 8.287800e+03 
2606550000 8.292800e+03 
2608700000 8.247775e+03 
2.610850e+09 8.303075e+03 
2613000000 8.317475e+03 
2615150000 8.289425e+03 
2.617300e+09 8.267600e+03 
2619450000 8.282550e+03 
2621600000 8.277200e+03 
2623750000 8.268275e+03 
2.625900e+09 8.242300e+03 
2628050000 8.265700e+03 
2630200000 8.243400e+03 
2.632350e+09 8.218175e+03 
2634500000 8.231675e+03 
2636650000 8.239900e+03 
2638800000 8.263775e+03 
2.640950e+09 8.238275e+03 
2643100000 8.272775e+03 
2645250000 8.259425e+03 
2.647400e+09 8.274075e+03 
2649550000 8.284400e+03 
2651700000 8.294250e+03 
2653850000 8.266100e+03 
2.656000e+09 8.301375e+03 
2658150000 8.262900e+03 
2660300000 8.260975e+03 
2.662450e+09 8.266900e+03 
2664600000 8.275425e+03 
2666750000 8.221600e+03 
2668900000 8.238725e+03 
2.671050e+09 8.226350e+03 
2673200000 8.242800e+03 
2675350000 8.254325e+03 
2677500000 8.238200e+03 
2679650000 8.253400e+03 
2681800000 8.285225e+03 
2683950000 8.289025e+03 
2.686100e+09 8.277475e+03 
2688250000 8.306200e+03 
2690400000 8.275100e+03 
2692550000 8.285200e+03 
2694700000 8.275675e+03 
2696850000 8.248475e+03 
2699000000 8.268425e+03 
2.701150e+09 8.230100e+03 
2703300000 8.223775e+03 
2705450000 8.237875e+03 
2707600000 8.225275e+03 
2.709750e+09 8.227325e+03 
2711900000 8.240375e+03 
2714050000 8.268050e+03 
2.716200e+09 8.267650e+03 
2718350000 8.283350e+03 
2720500000 8.282025e+03 
2722650000 8.282875e+03 
2724800000 8.303975e+03 
2726950000 8312 
2729100000 8.292025e+03 
2.731250e+09 8.281900e+03 
2733400000 8.285050e+03 
2735550000 8.267050e+03 
2737700000 8.266300e+03 
2.739850e+09 8.263100e+03 
2742000000 8.257625e+03 
2744150000 8.248875e+03 
2.746300e+09 8.275450e+03 
2748450000 8.277650e+03 
2750600000 8.259100e+03 
2752750000 8.289950e+03 
2754900000 8.290275e+03 
2757050000 8.292650e+03 
2759200000 8.326800e+03 
2.761350e+09 8.301200e+03 
2763500000 8.308325e+03 
2765650000 8.286400e+03 
2767800000 8.301650e+03 
2.769950e+09 8.287275e+03 
2772100000 8.285575e+03 
2774250000 8.307500e+03 
2.776400e+09 8.323525e+03 
2778550000 8.309675e+03 
2780700000 8.298425e+03 
2782850000 8.282475e+03 
2785000000 8.280675e+03 
2787150000 8.298725e+03 
2789300000 8.276125e+03 
2791450000 8.291700e+03 
2793600000 8.295125e+03 
2795750000 8.300350e+03 
2797900000 8.309675e+03 
2.800050e+09 8.272275e+03 
2802200000 8.308300e+03 
2804350000 8.310625e+03 
2806500000 8.295475e+03 
2808650000 8.317200e+03 
2810800000 8.276850e+03 
2812950000 8.295275e+03 
2815100000 8.305950e+03 
2817250000 8.302750e+03 
2819400000 8.294850e+03 
2821550000 8.302675e+03 
2823700000 8.303475e+03 
2825850000 8.319550e+03 
2828000000 8.326950e+03 
2.830150e+09 8.289825e+03 
2832300000 8.289700e+03 
2834450000 8.328100e+03 
2836600000 8.276475e+03 
2838750000 8.295150e+03 
2840900000 8.279975e+03 
2843050000 8.282125e+03 
2845200000 8.292575e+03 
2847350000 8.311975e+03 
2849500000 8.286450e+03 
2851650000 8.285800e+03 
2853800000 8.301150e+03 
2855950000 8.313450e+03 
2858100000 8.306200e+03 
2.860250e+09 8.305250e+03 
2862400000 8.309125e+03 
2864550000 8.287375e+03 
2866700000 8.298600e+03 
2868850000 8.283825e+03 
2871000000 8.296725e+03 
2873150000 8.298025e+03 
2875300000 8316 
2877450000 8274 
2879600000 8.306025e+03 
2881750000 8.301950e+03 
2883900000 8.310425e+03 
2886050000 8.329050e+03 
2888200000 8.326650e+03 
2.890350e+09 8.318175e+03 
2892500000 8.322175e+03 
2894650000 8.299225e+03 
2896800000 8.317800e+03 
2898950000 8317 
2901100000 8.324325e+03 
2903250000 8.322575e+03 
2905400000 8.311450e+03 
2907550000 8.309775e+03 
2909700000 8.322875e+03 
2911850000 8.301575e+03 
2914000000 8.302475e+03 
2916150000 8.321050e+03 
2918300000 8.281850e+03 
2920450000 8.329925e+03 
2922600000 8.310525e+03 
2924750000 8.296850e+03 
2926900000 8.306850e+03 
2929050000 8.303675e+03 
2931200000 8.303725e+03 
2933350000 8.320950e+03 
2935500000 8.346325e+03 
2937650000 8.316050e+03 
2939800000 8.324475e+03 
2941950000 8.317175e+03 
2.944100e+09 8.294125e+03 
2946250000 8324 
2948400000 8.332500e+03 
2950550000 8.307725e+03 
2952700000 8.299075e+03 
2954850000 8.312125e+03 
2957000000 8324 
2959150000 8.315475e+03 
2961300000 8.309375e+03 
2963450000 8.317550e+03 
2965600000 8.320500e+03 
2967750000 8.323100e+03 
2969900000 8.298825e+03 
2972050000 8.305050e+03 
2974200000 8.309525e+03 
2976350000 8.302650e+03 
2978500000 8.301475e+03 
2980650000 8.301800e+03 
2982800000 8.313925e+03 
2984950000 8.320425e+03 
2987100000 8.338100e+03 
2989250000 8.327125e+03 
2991400000 8.289550e+03 
2993550000 8.308200e+03 
2995700000 8.327800e+03 
2997850000 8.315800e+03 
3000000000 8.300800e+03 

END
