IGOR
WAVES/D/O sweep,sig(1) 
BEGIN
2570000000 8.320925e+03 
2.572150e+09 8.346700e+03 
2574300000 8.333850e+03 
2576450000 8.328700e+03 
2578600000 8.349950e+03 
2.580750e+09 8.325850e+03 
2582900000 8.353250e+03 
2585050000 8.344200e+03 
2.587200e+09 8.328275e+03 
2589350000 8.328975e+03 
2591500000 8.335125e+03 
2593650000 8.313150e+03 
2.595800e+09 8.327950e+03 
2597950000 8.344425e+03 
2600100000 8.351300e+03 
2.602250e+09 8.339825e+03 
2604400000 8.354800e+03 
2606550000 8.338875e+03 
2608700000 8.317425e+03 
2.610850e+09 8.351475e+03 
2613000000 8.343825e+03 
2615150000 8.342925e+03 
2.617300e+09 8.341500e+03 
2619450000 8.350800e+03 
2621600000 8.328675e+03 
2623750000 8.323775e+03 
2.625900e+09 8.330200e+03 
2628050000 8.328600e+03 
2630200000 8.303425e+03 
2.632350e+09 8.302625e+03 
2634500000 8.284050e+03 
2636650000 8.300475e+03 
2638800000 8.314075e+03 
2.640950e+09 8.336525e+03 
2643100000 8.324300e+03 
2645250000 8.354825e+03 
2.647400e+09 8.355225e+03 
2649550000 8.354900e+03 
2651700000 8.332225e+03 
2653850000 8.351700e+03 
2.656000e+09 8.348150e+03 
2658150000 8.329725e+03 
2660300000 8.306225e+03 
2.662450e+09 8.306350e+03 
2664600000 8.306050e+03 
2666750000 8.268925e+03 
2668900000 8.288950e+03 
2.671050e+09 8.288550e+03 
2673200000 8.268450e+03 
2675350000 8.286375e+03 
2677500000 8.306650e+03 
2679650000 8.323475e+03 
2681800000 8.319050e+03 
2683950000 8.326800e+03 
2.686100e+09 8.366975e+03 
2688250000 8.340875e+03 
2690400000 8.365450e+03 
2692550000 8.368100e+03 
2694700000 8.345750e+03 
2696850000 8.366900e+03 
2699000000 8.296350e+03 
2.701150e+09 8.284675e+03 
2703300000 8.266800e+03 
2705450000 8.285525e+03 
2707600000 8.294850e+03 
2.709750e+09 8.298325e+03 
2711900000 8311 
2714050000 8.337950e+03 
2.716200e+09 8.330625e+03 
2718350000 8.351150e+03 
2720500000 8.325275e+03 
2722650000 8.339750e+03 
2724800000 8.348300e+03 
2726950000 8.330600e+03 
2729100000 8.366950e+03 
2.731250e+09 8.364075e+03 
2733400000 8.328950e+03 
2735550000 8.305725e+03 
2737700000 8.311675e+03 
2.739850e+09 8358 
2742000000 8.324100e+03 
2744150000 8313 
2.746300e+09 8.313675e+03 
2748450000 8.334875e+03 
2750600000 8.321450e+03 
2752750000 8.314475e+03 
2754900000 8.339225e+03 
2757050000 8.356525e+03 
2759200000 8.371425e+03 
2.761350e+09 8.351925e+03 
2763500000 8.364425e+03 
2765650000 8.364175e+03 
2767800000 8.347550e+03 
2.769950e+09 8.355200e+03 
2772100000 8.338250e+03 
2774250000 8.383325e+03 
2.776400e+09 8.370525e+03 
2778550000 8.351725e+03 
2780700000 8.368225e+03 
2782850000 8.369950e+03 
2785000000 8.353700e+03 
2787150000 8.343225e+03 
2789300000 8.345475e+03 
2791450000 8.340350e+03 
2793600000 8.356250e+03 
2795750000 8.350025e+03 
2797900000 8.356625e+03 
2.800050e+09 8.363125e+03 
2802200000 8.379125e+03 
2804350000 8.356475e+03 
2806500000 8.376050e+03 
2808650000 8.363450e+03 
2810800000 8.354625e+03 
2812950000 8.356150e+03 
2815100000 8.355050e+03 
2817250000 8.352275e+03 
2819400000 8.341925e+03 
2821550000 8.379100e+03 
2823700000 8.360375e+03 
2825850000 8.327425e+03 
2828000000 8.380850e+03 
2.830150e+09 8.361750e+03 
2832300000 8.357500e+03 
2834450000 8.342775e+03 
2836600000 8.350900e+03 
2838750000 8.341275e+03 
2840900000 8.372350e+03 
2843050000 8361 
2845200000 8.353450e+03 
2847350000 8.356550e+03 
2849500000 8.364925e+03 
2851650000 8.343775e+03 
2853800000 8.378825e+03 
2855950000 8.363875e+03 
2858100000 8.382650e+03 
2.860250e+09 8.366100e+03 
2862400000 8.353825e+03 
2864550000 8.358750e+03 
2866700000 8.353275e+03 
2868850000 8.352850e+03 
2871000000 8.365675e+03 
2873150000 8.366975e+03 
2875300000 8.356625e+03 
2877450000 8.345875e+03 
2879600000 8.360300e+03 
2881750000 8.353225e+03 
2883900000 8.357400e+03 
2886050000 8.330850e+03 
2888200000 8.370975e+03 
2.890350e+09 8.365100e+03 
2892500000 8.350075e+03 
2894650000 8.352400e+03 
2896800000 8.328175e+03 
2898950000 8.354325e+03 
2901100000 8.353725e+03 
2903250000 8.346550e+03 
2905400000 8.359850e+03 
2907550000 8.363450e+03 
2909700000 8.330700e+03 
2911850000 8.358125e+03 
2914000000 8.352250e+03 
2916150000 8.347225e+03 
2918300000 8.351250e+03 
2920450000 8.362275e+03 
2922600000 8.356325e+03 
2924750000 8.346300e+03 
2926900000 8.343500e+03 
2929050000 8.344625e+03 
2931200000 8.343375e+03 
2933350000 8.348900e+03 
2935500000 8.343975e+03 
2937650000 8.334800e+03 
2939800000 8.344475e+03 
2941950000 8.339925e+03 
2.944100e+09 8.342450e+03 
2946250000 8.352650e+03 
2948400000 8.339475e+03 
2950550000 8.346950e+03 
2952700000 8.334775e+03 
2954850000 8.351650e+03 
2957000000 8.341625e+03 
2959150000 8.344425e+03 
2961300000 8.344150e+03 
2963450000 8.341600e+03 
2965600000 8.342575e+03 
2967750000 8.333025e+03 
2969900000 8.329425e+03 
2972050000 8.351275e+03 
2974200000 8.333275e+03 
2976350000 8.354600e+03 
2978500000 8.354100e+03 
2980650000 8.353525e+03 
2982800000 8.345375e+03 
2984950000 8.363500e+03 
2987100000 8.344675e+03 
2989250000 8.380100e+03 
2991400000 8.375700e+03 
2993550000 8.342650e+03 
2995700000 8.377225e+03 
2997850000 8.336350e+03 
3000000000 8.354525e+03 

END
