IGOR
WAVES/D/O sweep,sig(1) 
BEGIN
2570000000 8.232225e+03 
2.572150e+09 8.191750e+03 
2574300000 8.200750e+03 
2576450000 8.233175e+03 
2578600000 8.236125e+03 
2.580750e+09 8.231025e+03 
2582900000 8.208900e+03 
2585050000 8.210525e+03 
2.587200e+09 8.226175e+03 
2589350000 8.222425e+03 
2591500000 8.196250e+03 
2593650000 8.203150e+03 
2.595800e+09 8.204250e+03 
2597950000 8.203800e+03 
2600100000 8.224325e+03 
2.602250e+09 8.230225e+03 
2604400000 8.221775e+03 
2606550000 8.209175e+03 
2608700000 8.208900e+03 
2.610850e+09 8.217600e+03 
2613000000 8.215150e+03 
2615150000 8.212850e+03 
2.617300e+09 8.215175e+03 
2619450000 8.209800e+03 
2621600000 8.208575e+03 
2623750000 8.194625e+03 
2.625900e+09 8.180275e+03 
2628050000 8.192350e+03 
2630200000 8.184725e+03 
2.632350e+09 8.163700e+03 
2634500000 8.208950e+03 
2636650000 8.214650e+03 
2638800000 8.218925e+03 
2.640950e+09 8.202850e+03 
2643100000 8.210575e+03 
2645250000 8.218750e+03 
2.647400e+09 8.219875e+03 
2649550000 8.217600e+03 
2651700000 8.213650e+03 
2653850000 8.215600e+03 
2.656000e+09 8.221775e+03 
2658150000 8.219625e+03 
2660300000 8.212200e+03 
2.662450e+09 8.190550e+03 
2664600000 8.187825e+03 
2666750000 8.170075e+03 
2668900000 8.175050e+03 
2.671050e+09 8.155425e+03 
2673200000 8.159200e+03 
2675350000 8.181050e+03 
2677500000 8.173125e+03 
2679650000 8.210475e+03 
2681800000 8.205675e+03 
2683950000 8.221050e+03 
2.686100e+09 8.232325e+03 
2688250000 8.229875e+03 
2690400000 8.234475e+03 
2692550000 8.205950e+03 
2694700000 8.221075e+03 
2696850000 8.191975e+03 
2699000000 8.175400e+03 
2.701150e+09 8.165725e+03 
2703300000 8.154075e+03 
2705450000 8.151425e+03 
2707600000 8.166025e+03 
2.709750e+09 8.176400e+03 
2711900000 8.197125e+03 
2714050000 8.207475e+03 
2.716200e+09 8.212975e+03 
2718350000 8.212500e+03 
2720500000 8.230050e+03 
2722650000 8.214425e+03 
2724800000 8.223500e+03 
2726950000 8.257050e+03 
2729100000 8.242400e+03 
2.731250e+09 8.211675e+03 
2733400000 8.210800e+03 
2735550000 8.221825e+03 
2737700000 8.198625e+03 
2.739850e+09 8.201700e+03 
2742000000 8.220900e+03 
2744150000 8.196975e+03 
2.746300e+09 8.182150e+03 
2748450000 8.197850e+03 
2750600000 8.239475e+03 
2752750000 8.230175e+03 
2754900000 8.229550e+03 
2757050000 8.241575e+03 
2759200000 8.235325e+03 
2.761350e+09 8.253375e+03 
2763500000 8.240475e+03 
2765650000 8.228050e+03 
2767800000 8.246950e+03 
2.769950e+09 8.246700e+03 
2772100000 8.233350e+03 
2774250000 8.215050e+03 
2.776400e+09 8.251525e+03 
2778550000 8.256775e+03 
2780700000 8.234050e+03 
2782850000 8.213550e+03 
2785000000 8.224450e+03 
2787150000 8.235550e+03 
2789300000 8.226350e+03 
2791450000 8.233200e+03 
2793600000 8.249425e+03 
2795750000 8.220650e+03 
2797900000 8.220575e+03 
2.800050e+09 8.231650e+03 
2802200000 8.245425e+03 
2804350000 8.234950e+03 
2806500000 8.234425e+03 
2808650000 8.247250e+03 
2810800000 8.249375e+03 
2812950000 8.239775e+03 
2815100000 8.235025e+03 
2817250000 8.248950e+03 
2819400000 8.225575e+03 
2821550000 8.244900e+03 
2823700000 8.244475e+03 
2825850000 8.279275e+03 
2828000000 8.223225e+03 
2.830150e+09 8.241400e+03 
2832300000 8.254800e+03 
2834450000 8.250150e+03 
2836600000 8.252825e+03 
2838750000 8.242225e+03 
2840900000 8.244600e+03 
2843050000 8.266900e+03 
2845200000 8.237550e+03 
2847350000 8.244875e+03 
2849500000 8.242100e+03 
2851650000 8.243300e+03 
2853800000 8.226300e+03 
2855950000 8.229375e+03 
2858100000 8.245175e+03 
2.860250e+09 8.228100e+03 
2862400000 8.220575e+03 
2864550000 8244 
2866700000 8.243225e+03 
2868850000 8.257975e+03 
2871000000 8.244275e+03 
2873150000 8.236300e+03 
2875300000 8.255450e+03 
2877450000 8.233100e+03 
2879600000 8.244650e+03 
2881750000 8.233575e+03 
2883900000 8.241350e+03 
2886050000 8.255300e+03 
2888200000 8.239650e+03 
2.890350e+09 8.229325e+03 
2892500000 8.243800e+03 
2894650000 8.253200e+03 
2896800000 8.251900e+03 
2898950000 8.233225e+03 
2901100000 8.251025e+03 
2903250000 8.243425e+03 
2905400000 8.251075e+03 
2907550000 8.251700e+03 
2909700000 8255 
2911850000 8244 
2914000000 8.215100e+03 
2916150000 8.233850e+03 
2918300000 8.241950e+03 
2920450000 8.249325e+03 
2922600000 8.242875e+03 
2924750000 8.245550e+03 
2926900000 8.243125e+03 
2929050000 8.249475e+03 
2931200000 8.252900e+03 
2933350000 8.262350e+03 
2935500000 8.250375e+03 
2937650000 8.239825e+03 
2939800000 8.248800e+03 
2941950000 8.249375e+03 
2.944100e+09 8.250525e+03 
2946250000 8.252925e+03 
2948400000 8.257975e+03 
2950550000 8.258250e+03 
2952700000 8.230725e+03 
2954850000 8.249900e+03 
2957000000 8.271775e+03 
2959150000 8.235025e+03 
2961300000 8.247475e+03 
2963450000 8.240300e+03 
2965600000 8.275325e+03 
2967750000 8.253825e+03 
2969900000 8.238450e+03 
2972050000 8.253450e+03 
2974200000 8.253925e+03 
2976350000 8.251750e+03 
2978500000 8.262875e+03 
2980650000 8.274675e+03 
2982800000 8.282700e+03 
2984950000 8.276775e+03 
2987100000 8.251275e+03 
2989250000 8.254200e+03 
2991400000 8.258525e+03 
2993550000 8.263175e+03 
2995700000 8.247500e+03 
2997850000 8.275125e+03 
3000000000 8.261625e+03 

END
