IGOR
WAVES/D/O sweep,sig(1) 
BEGIN
2570000000 8.260975e+03 
2.572150e+09 8.266950e+03 
2574300000 8.279925e+03 
2576450000 8.279575e+03 
2578600000 8.268400e+03 
2.580750e+09 8.266400e+03 
2582900000 8.260175e+03 
2585050000 8.253050e+03 
2.587200e+09 8.263675e+03 
2589350000 8.292475e+03 
2591500000 8.263075e+03 
2593650000 8.280175e+03 
2.595800e+09 8.280200e+03 
2597950000 8.262025e+03 
2600100000 8.248350e+03 
2.602250e+09 8.242625e+03 
2604400000 8.250625e+03 
2606550000 8.248075e+03 
2608700000 8.249450e+03 
2.610850e+09 8.289500e+03 
2613000000 8.281900e+03 
2615150000 8.286775e+03 
2.617300e+09 8.270725e+03 
2619450000 8.248725e+03 
2621600000 8.272950e+03 
2623750000 8.233125e+03 
2.625900e+09 8.215225e+03 
2628050000 8.235825e+03 
2630200000 8.224050e+03 
2.632350e+09 8.226650e+03 
2634500000 8.235350e+03 
2636650000 8.235500e+03 
2638800000 8.255075e+03 
2.640950e+09 8.236350e+03 
2643100000 8.242725e+03 
2645250000 8.232950e+03 
2.647400e+09 8.255800e+03 
2649550000 8.265875e+03 
2651700000 8.241125e+03 
2653850000 8.272650e+03 
2.656000e+09 8.278750e+03 
2658150000 8.261400e+03 
2660300000 8.239200e+03 
2.662450e+09 8209 
2664600000 8.216025e+03 
2666750000 8.196525e+03 
2668900000 8.178700e+03 
2.671050e+09 8.204625e+03 
2673200000 8.174950e+03 
2675350000 8.205300e+03 
2677500000 8.235400e+03 
2679650000 8.243450e+03 
2681800000 8.254600e+03 
2683950000 8.269575e+03 
2.686100e+09 8.262600e+03 
2688250000 8.248700e+03 
2690400000 8.248825e+03 
2692550000 8.276750e+03 
2694700000 8.256100e+03 
2696850000 8.226150e+03 
2699000000 8.209525e+03 
2.701150e+09 8.193925e+03 
2703300000 8.198350e+03 
2705450000 8.194025e+03 
2707600000 8.191975e+03 
2.709750e+09 8.199325e+03 
2711900000 8.227550e+03 
2714050000 8.230925e+03 
2.716200e+09 8.245600e+03 
2718350000 8.273375e+03 
2720500000 8.255525e+03 
2722650000 8.260075e+03 
2724800000 8.270475e+03 
2726950000 8.265150e+03 
2729100000 8.266225e+03 
2.731250e+09 8.257700e+03 
2733400000 8.236825e+03 
2735550000 8.233750e+03 
2737700000 8.208850e+03 
2.739850e+09 8.234250e+03 
2742000000 8.224700e+03 
2744150000 8.226950e+03 
2.746300e+09 8.217100e+03 
2748450000 8.240975e+03 
2750600000 8.231100e+03 
2752750000 8.238700e+03 
2754900000 8.255725e+03 
2757050000 8.259725e+03 
2759200000 8.268675e+03 
2.761350e+09 8.266850e+03 
2763500000 8.251675e+03 
2765650000 8.249650e+03 
2767800000 8.246250e+03 
2.769950e+09 8.279325e+03 
2772100000 8.260475e+03 
2774250000 8.247650e+03 
2.776400e+09 8.239250e+03 
2778550000 8.235050e+03 
2780700000 8.250625e+03 
2782850000 8.280300e+03 
2785000000 8.262775e+03 
2787150000 8.262250e+03 
2789300000 8.259675e+03 
2791450000 8.256175e+03 
2793600000 8.250700e+03 
2795750000 8.244325e+03 
2797900000 8.230300e+03 
2.800050e+09 8.254400e+03 
2802200000 8.230900e+03 
2804350000 8.225650e+03 
2806500000 8.247525e+03 
2808650000 8.256625e+03 
2810800000 8.259750e+03 
2812950000 8.231350e+03 
2815100000 8.254400e+03 
2817250000 8.249675e+03 
2819400000 8.270950e+03 
2821550000 8.277300e+03 
2823700000 8.244675e+03 
2825850000 8.251200e+03 
2828000000 8234 
2.830150e+09 8.276400e+03 
2832300000 8.238975e+03 
2834450000 8.247700e+03 
2836600000 8.256525e+03 
2838750000 8.248275e+03 
2840900000 8.257200e+03 
2843050000 8.259975e+03 
2845200000 8.236375e+03 
2847350000 8254 
2849500000 8.242600e+03 
2851650000 8.243025e+03 
2853800000 8.262650e+03 
2855950000 8.239875e+03 
2858100000 8.237425e+03 
2.860250e+09 8.256075e+03 
2862400000 8.252025e+03 
2864550000 8.243225e+03 
2866700000 8.238575e+03 
2868850000 8.239875e+03 
2871000000 8.272625e+03 
2873150000 8.256625e+03 
2875300000 8.227025e+03 
2877450000 8.258900e+03 
2879600000 8.255325e+03 
2881750000 8.230400e+03 
2883900000 8.220625e+03 
2886050000 8.238650e+03 
2888200000 8229 
2.890350e+09 8.232050e+03 
2892500000 8.229825e+03 
2894650000 8.253900e+03 
2896800000 8.239700e+03 
2898950000 8.252225e+03 
2901100000 8.260100e+03 
2903250000 8.229075e+03 
2905400000 8.230800e+03 
2907550000 8.227525e+03 
2909700000 8.227075e+03 
2911850000 8.217525e+03 
2914000000 8.244700e+03 
2916150000 8.238675e+03 
2918300000 8.231825e+03 
2920450000 8.247175e+03 
2922600000 8.250375e+03 
2924750000 8.246175e+03 
2926900000 8.240800e+03 
2929050000 8.256500e+03 
2931200000 8263 
2933350000 8.245300e+03 
2935500000 8.240150e+03 
2937650000 8224 
2939800000 8.251825e+03 
2941950000 8.248075e+03 
2.944100e+09 8.240425e+03 
2946250000 8.225525e+03 
2948400000 8239 
2950550000 8.216375e+03 
2952700000 8.240750e+03 
2954850000 8.234525e+03 
2957000000 8.230400e+03 
2959150000 8.253600e+03 
2961300000 8.218275e+03 
2963450000 8.241675e+03 
2965600000 8.251250e+03 
2967750000 8.240750e+03 
2969900000 8.237450e+03 
2972050000 8.248925e+03 
2974200000 8.239550e+03 
2976350000 8.240425e+03 
2978500000 8.253575e+03 
2980650000 8.238925e+03 
2982800000 8.256125e+03 
2984950000 8.251450e+03 
2987100000 8.247475e+03 
2989250000 8.248300e+03 
2991400000 8.238600e+03 
2993550000 8.253775e+03 
2995700000 8.258050e+03 
2997850000 8.247575e+03 
3000000000 8.258875e+03 

END
