IGOR
WAVES/D/O sweep,sig(1) 
BEGIN
2570000000 8.278625e+03 
2.572150e+09 8.259525e+03 
2574300000 8.276375e+03 
2576450000 8.255600e+03 
2578600000 8.250900e+03 
2.580750e+09 8.253375e+03 
2582900000 8.252850e+03 
2585050000 8.263925e+03 
2.587200e+09 8.233825e+03 
2589350000 8.261600e+03 
2591500000 8.264425e+03 
2593650000 8.260325e+03 
2.595800e+09 8.258150e+03 
2597950000 8.254725e+03 
2600100000 8.244925e+03 
2.602250e+09 8.243900e+03 
2604400000 8.269325e+03 
2606550000 8.268975e+03 
2608700000 8.272600e+03 
2.610850e+09 8.265600e+03 
2613000000 8.252850e+03 
2615150000 8.248475e+03 
2.617300e+09 8.265050e+03 
2619450000 8.254625e+03 
2621600000 8.232950e+03 
2623750000 8.239300e+03 
2.625900e+09 8.222050e+03 
2628050000 8.230750e+03 
2630200000 8.221150e+03 
2.632350e+09 8.215950e+03 
2634500000 8.217375e+03 
2636650000 8.233325e+03 
2638800000 8.229100e+03 
2.640950e+09 8.247925e+03 
2643100000 8.229675e+03 
2645250000 8.261775e+03 
2.647400e+09 8.260275e+03 
2649550000 8.267350e+03 
2651700000 8.244125e+03 
2653850000 8.231325e+03 
2.656000e+09 8.273225e+03 
2658150000 8.239075e+03 
2660300000 8.218475e+03 
2.662450e+09 8.212825e+03 
2664600000 8.198825e+03 
2666750000 8.183200e+03 
2668900000 8.186550e+03 
2.671050e+09 8.182275e+03 
2673200000 8175 
2675350000 8.184925e+03 
2677500000 8.212825e+03 
2679650000 8.222125e+03 
2681800000 8.258325e+03 
2683950000 8.236500e+03 
2.686100e+09 8.274900e+03 
2688250000 8.263875e+03 
2690400000 8.254650e+03 
2692550000 8.252825e+03 
2694700000 8.236750e+03 
2696850000 8.240575e+03 
2699000000 8.206850e+03 
2.701150e+09 8.222125e+03 
2703300000 8.157900e+03 
2705450000 8.170550e+03 
2707600000 8.181100e+03 
2.709750e+09 8.204325e+03 
2711900000 8.204900e+03 
2714050000 8.236475e+03 
2.716200e+09 8.223100e+03 
2718350000 8.262125e+03 
2720500000 8.251825e+03 
2722650000 8.232525e+03 
2724800000 8.257350e+03 
2726950000 8.228550e+03 
2729100000 8.263225e+03 
2.731250e+09 8.246825e+03 
2733400000 8.245825e+03 
2735550000 8.241275e+03 
2737700000 8.240575e+03 
2.739850e+09 8.224550e+03 
2742000000 8.230575e+03 
2744150000 8.223050e+03 
2.746300e+09 8.236450e+03 
2748450000 8.223800e+03 
2750600000 8.224575e+03 
2752750000 8.247500e+03 
2754900000 8.245825e+03 
2757050000 8.244975e+03 
2759200000 8.250750e+03 
2.761350e+09 8.268175e+03 
2763500000 8.243875e+03 
2765650000 8.249275e+03 
2767800000 8.247650e+03 
2.769950e+09 8.251675e+03 
2772100000 8.246400e+03 
2774250000 8.267600e+03 
2.776400e+09 8.235425e+03 
2778550000 8.266250e+03 
2780700000 8.269525e+03 
2782850000 8.246825e+03 
2785000000 8.244125e+03 
2787150000 8.268275e+03 
2789300000 8.268250e+03 
2791450000 8.231500e+03 
2793600000 8.231975e+03 
2795750000 8.237550e+03 
2797900000 8.222750e+03 
2.800050e+09 8.230050e+03 
2802200000 8.244400e+03 
2804350000 8.239050e+03 
2806500000 8.247825e+03 
2808650000 8.238425e+03 
2810800000 8.263775e+03 
2812950000 8.252325e+03 
2815100000 8.251625e+03 
2817250000 8.251675e+03 
2819400000 8.251425e+03 
2821550000 8.236300e+03 
2823700000 8.244325e+03 
2825850000 8.234300e+03 
2828000000 8.254725e+03 
2.830150e+09 8.235675e+03 
2832300000 8.262625e+03 
2834450000 8.232825e+03 
2836600000 8.246425e+03 
2838750000 8.240775e+03 
2840900000 8.232650e+03 
2843050000 8.255025e+03 
2845200000 8.224825e+03 
2847350000 8.235200e+03 
2849500000 8.228750e+03 
2851650000 8.247075e+03 
2853800000 8.231125e+03 
2855950000 8.227200e+03 
2858100000 8.231075e+03 
2.860250e+09 8.227425e+03 
2862400000 8.235125e+03 
2864550000 8.235825e+03 
2866700000 8.214450e+03 
2868850000 8.239400e+03 
2871000000 8.249425e+03 
2873150000 8.227050e+03 
2875300000 8.235125e+03 
2877450000 8.212500e+03 
2879600000 8.221100e+03 
2881750000 8.237975e+03 
2883900000 8.227925e+03 
2886050000 8.208650e+03 
2888200000 8.245875e+03 
2.890350e+09 8.231775e+03 
2892500000 8.220650e+03 
2894650000 8.247050e+03 
2896800000 8.241550e+03 
2898950000 8.233325e+03 
2901100000 8230 
2903250000 8.244425e+03 
2905400000 8.233575e+03 
2907550000 8.222200e+03 
2909700000 8.238275e+03 
2911850000 8.237875e+03 
2914000000 8.205500e+03 
2916150000 8.231275e+03 
2918300000 8.234925e+03 
2920450000 8.244200e+03 
2922600000 8.225875e+03 
2924750000 8.232175e+03 
2926900000 8.216225e+03 
2929050000 8.239925e+03 
2931200000 8.224675e+03 
2933350000 8.229075e+03 
2935500000 8.217600e+03 
2937650000 8.203300e+03 
2939800000 8.213075e+03 
2941950000 8.228575e+03 
2.944100e+09 8.228425e+03 
2946250000 8.259050e+03 
2948400000 8.240875e+03 
2950550000 8.231475e+03 
2952700000 8.208625e+03 
2954850000 8.217600e+03 
2957000000 8.217325e+03 
2959150000 8.223150e+03 
2961300000 8.248450e+03 
2963450000 8.224375e+03 
2965600000 8.234575e+03 
2967750000 8.211775e+03 
2969900000 8.208125e+03 
2972050000 8.219725e+03 
2974200000 8.195125e+03 
2976350000 8.207625e+03 
2978500000 8.220225e+03 
2980650000 8.206550e+03 
2982800000 8.227125e+03 
2984950000 8.221875e+03 
2987100000 8.214125e+03 
2989250000 8.217925e+03 
2991400000 8.230525e+03 
2993550000 8.240225e+03 
2995700000 8.238525e+03 
2997850000 8.223600e+03 
3000000000 8.202900e+03 

END
