IGOR
WAVES/D/O sweep,sig(1) 
BEGIN
2570000000 8.299475e+03 
2.572150e+09 8.302300e+03 
2574300000 8.287125e+03 
2576450000 8.291550e+03 
2578600000 8.307650e+03 
2.580750e+09 8.291900e+03 
2582900000 8.303900e+03 
2585050000 8.299825e+03 
2.587200e+09 8.301625e+03 
2589350000 8.275325e+03 
2591500000 8.285650e+03 
2593650000 8.290275e+03 
2.595800e+09 8.297325e+03 
2597950000 8.298250e+03 
2600100000 8.299825e+03 
2.602250e+09 8.275775e+03 
2604400000 8.286075e+03 
2606550000 8.274975e+03 
2608700000 8.282250e+03 
2.610850e+09 8.265850e+03 
2613000000 8.280600e+03 
2615150000 8.259450e+03 
2.617300e+09 8.302975e+03 
2619450000 8.249975e+03 
2621600000 8.265825e+03 
2623750000 8.226350e+03 
2.625900e+09 8.233550e+03 
2628050000 8.244450e+03 
2630200000 8.257450e+03 
2.632350e+09 8.265100e+03 
2634500000 8.247225e+03 
2636650000 8.259350e+03 
2638800000 8.252550e+03 
2.640950e+09 8.267250e+03 
2643100000 8.278925e+03 
2645250000 8.285775e+03 
2.647400e+09 8.304300e+03 
2649550000 8.283075e+03 
2651700000 8.301275e+03 
2653850000 8.281450e+03 
2.656000e+09 8.279225e+03 
2658150000 8.298050e+03 
2660300000 8.266925e+03 
2.662450e+09 8.235900e+03 
2664600000 8.241825e+03 
2666750000 8208 
2668900000 8.220100e+03 
2.671050e+09 8.215750e+03 
2673200000 8.224800e+03 
2675350000 8.192350e+03 
2677500000 8.244600e+03 
2679650000 8.251900e+03 
2681800000 8.263725e+03 
2683950000 8.253900e+03 
2.686100e+09 8.283500e+03 
2688250000 8290 
2690400000 8.309050e+03 
2692550000 8.278175e+03 
2694700000 8.270025e+03 
2696850000 8.259825e+03 
2699000000 8.249475e+03 
2.701150e+09 8.248825e+03 
2703300000 8.249850e+03 
2705450000 8.228575e+03 
2707600000 8.229325e+03 
2.709750e+09 8.224875e+03 
2711900000 8.230375e+03 
2714050000 8.276225e+03 
2.716200e+09 8.267975e+03 
2718350000 8.258925e+03 
2720500000 8.275050e+03 
2722650000 8.284850e+03 
2724800000 8.240850e+03 
2726950000 8.266400e+03 
2729100000 8.286050e+03 
2.731250e+09 8.275025e+03 
2733400000 8.268600e+03 
2735550000 8.269025e+03 
2737700000 8.275650e+03 
2.739850e+09 8.247600e+03 
2742000000 8.265300e+03 
2744150000 8.262050e+03 
2.746300e+09 8.244700e+03 
2748450000 8.242200e+03 
2750600000 8.268575e+03 
2752750000 8.264375e+03 
2754900000 8.287475e+03 
2757050000 8.293825e+03 
2759200000 8.292975e+03 
2.761350e+09 8.295075e+03 
2763500000 8.272125e+03 
2765650000 8.286325e+03 
2767800000 8.296900e+03 
2.769950e+09 8.278550e+03 
2772100000 8282 
2774250000 8.298225e+03 
2.776400e+09 8.280825e+03 
2778550000 8.266275e+03 
2780700000 8.276375e+03 
2782850000 8.277075e+03 
2785000000 8.274975e+03 
2787150000 8.291375e+03 
2789300000 8.284800e+03 
2791450000 8.270250e+03 
2793600000 8.286975e+03 
2795750000 8.268975e+03 
2797900000 8.319525e+03 
2.800050e+09 8.297525e+03 
2802200000 8.258700e+03 
2804350000 8.284350e+03 
2806500000 8.297375e+03 
2808650000 8.285275e+03 
2810800000 8.273750e+03 
2812950000 8.279350e+03 
2815100000 8.266350e+03 
2817250000 8.264300e+03 
2819400000 8.254200e+03 
2821550000 8.280575e+03 
2823700000 8.286350e+03 
2825850000 8.286775e+03 
2828000000 8.275375e+03 
2.830150e+09 8.266650e+03 
2832300000 8.263875e+03 
2834450000 8.273150e+03 
2836600000 8.301300e+03 
2838750000 8.261975e+03 
2840900000 8.240475e+03 
2843050000 8.284125e+03 
2845200000 8.270375e+03 
2847350000 8.264500e+03 
2849500000 8.250550e+03 
2851650000 8.276575e+03 
2853800000 8.268525e+03 
2855950000 8.281250e+03 
2858100000 8.259300e+03 
2.860250e+09 8.281275e+03 
2862400000 8.236525e+03 
2864550000 8.276675e+03 
2866700000 8.270725e+03 
2868850000 8.252425e+03 
2871000000 8.285575e+03 
2873150000 8.286925e+03 
2875300000 8.249100e+03 
2877450000 8.257675e+03 
2879600000 8.287200e+03 
2881750000 8.262350e+03 
2883900000 8.262475e+03 
2886050000 8.273825e+03 
2888200000 8.273150e+03 
2.890350e+09 8.276800e+03 
2892500000 8252 
2894650000 8.266150e+03 
2896800000 8.248950e+03 
2898950000 8.258075e+03 
2901100000 8.276400e+03 
2903250000 8.255100e+03 
2905400000 8.267300e+03 
2907550000 8.247300e+03 
2909700000 8.273025e+03 
2911850000 8.277525e+03 
2914000000 8.275950e+03 
2916150000 8.260575e+03 
2918300000 8.269525e+03 
2920450000 8.258950e+03 
2922600000 8.268725e+03 
2924750000 8.291475e+03 
2926900000 8.273550e+03 
2929050000 8.286100e+03 
2931200000 8.279075e+03 
2933350000 8.263050e+03 
2935500000 8.277200e+03 
2937650000 8.288650e+03 
2939800000 8.257225e+03 
2941950000 8.253500e+03 
2.944100e+09 8.253600e+03 
2946250000 8.257350e+03 
2948400000 8.272375e+03 
2950550000 8.263150e+03 
2952700000 8.257475e+03 
2954850000 8.253825e+03 
2957000000 8.249450e+03 
2959150000 8.261475e+03 
2961300000 8.247750e+03 
2963450000 8.245525e+03 
2965600000 8.267125e+03 
2967750000 8.239150e+03 
2969900000 8.261375e+03 
2972050000 8.263450e+03 
2974200000 8.242450e+03 
2976350000 8.258550e+03 
2978500000 8.238175e+03 
2980650000 8.258150e+03 
2982800000 8.280725e+03 
2984950000 8.257900e+03 
2987100000 8.265175e+03 
2989250000 8.239725e+03 
2991400000 8.260475e+03 
2993550000 8.258875e+03 
2995700000 8.260825e+03 
2997850000 8.266200e+03 
3000000000 8.275450e+03 

END
