IGOR
WAVES/D/O sweep,sig(1) 
BEGIN
2570000000 8.395725e+03 
2.572150e+09 8.373850e+03 
2574300000 8.352475e+03 
2576450000 8.383100e+03 
2578600000 8.361725e+03 
2.580750e+09 8.360900e+03 
2582900000 8.353700e+03 
2585050000 8.350275e+03 
2.587200e+09 8.348075e+03 
2589350000 8.360175e+03 
2591500000 8.343250e+03 
2593650000 8.352975e+03 
2.595800e+09 8.362100e+03 
2597950000 8.352550e+03 
2600100000 8.354200e+03 
2.602250e+09 8.375350e+03 
2604400000 8.382375e+03 
2606550000 8.346375e+03 
2608700000 8.379225e+03 
2.610850e+09 8.332100e+03 
2613000000 8.337600e+03 
2615150000 8.356325e+03 
2.617300e+09 8.355475e+03 
2619450000 8.364075e+03 
2621600000 8.358250e+03 
2623750000 8.348850e+03 
2.625900e+09 8.329900e+03 
2628050000 8.320175e+03 
2630200000 8.325750e+03 
2.632350e+09 8.324025e+03 
2634500000 8.326500e+03 
2636650000 8.335275e+03 
2638800000 8.325900e+03 
2.640950e+09 8.340550e+03 
2643100000 8.353800e+03 
2645250000 8.339375e+03 
2.647400e+09 8.370950e+03 
2649550000 8.367200e+03 
2651700000 8.355100e+03 
2653850000 8.370075e+03 
2.656000e+09 8.364050e+03 
2658150000 8.334725e+03 
2660300000 8.350900e+03 
2.662450e+09 8.346825e+03 
2664600000 8.300575e+03 
2666750000 8.314975e+03 
2668900000 8.285650e+03 
2.671050e+09 8.298075e+03 
2673200000 8.289650e+03 
2675350000 8.313625e+03 
2677500000 8.287650e+03 
2679650000 8.312700e+03 
2681800000 8.337625e+03 
2683950000 8.346025e+03 
2.686100e+09 8.352125e+03 
2688250000 8.368475e+03 
2690400000 8.356600e+03 
2692550000 8.350675e+03 
2694700000 8.340550e+03 
2696850000 8.341475e+03 
2699000000 8.311475e+03 
2.701150e+09 8.317875e+03 
2703300000 8.292250e+03 
2705450000 8.277450e+03 
2707600000 8.289175e+03 
2.709750e+09 8.304825e+03 
2711900000 8.310225e+03 
2714050000 8.308275e+03 
2.716200e+09 8.318600e+03 
2718350000 8.346725e+03 
2720500000 8.337900e+03 
2722650000 8.356450e+03 
2724800000 8.344725e+03 
2726950000 8.357850e+03 
2729100000 8.350825e+03 
2.731250e+09 8.345075e+03 
2733400000 8.343175e+03 
2735550000 8.326650e+03 
2737700000 8.330075e+03 
2.739850e+09 8.313675e+03 
2742000000 8.334575e+03 
2744150000 8.372500e+03 
2.746300e+09 8.341600e+03 
2748450000 8.302575e+03 
2750600000 8.343375e+03 
2752750000 8.325075e+03 
2754900000 8.380425e+03 
2757050000 8.333050e+03 
2759200000 8.369225e+03 
2.761350e+09 8.366100e+03 
2763500000 8.371950e+03 
2765650000 8.362900e+03 
2767800000 8.368375e+03 
2.769950e+09 8.332600e+03 
2772100000 8.388375e+03 
2774250000 8.362025e+03 
2.776400e+09 8.354875e+03 
2778550000 8.365950e+03 
2780700000 8.367675e+03 
2782850000 8.378925e+03 
2785000000 8.358800e+03 
2787150000 8.345575e+03 
2789300000 8.365475e+03 
2791450000 8.357325e+03 
2793600000 8.366900e+03 
2795750000 8.368450e+03 
2797900000 8.348300e+03 
2.800050e+09 8.341425e+03 
2802200000 8.338400e+03 
2804350000 8.344025e+03 
2806500000 8.365950e+03 
2808650000 8.374150e+03 
2810800000 8.348425e+03 
2812950000 8.373575e+03 
2815100000 8.358750e+03 
2817250000 8.380900e+03 
2819400000 8.330100e+03 
2821550000 8.337575e+03 
2823700000 8.353550e+03 
2825850000 8.344775e+03 
2828000000 8.364675e+03 
2.830150e+09 8.336650e+03 
2832300000 8.323150e+03 
2834450000 8.328925e+03 
2836600000 8.363575e+03 
2838750000 8.344550e+03 
2840900000 8.370550e+03 
2843050000 8.354375e+03 
2845200000 8.366800e+03 
2847350000 8.338250e+03 
2849500000 8.343625e+03 
2851650000 8.376100e+03 
2853800000 8.374725e+03 
2855950000 8.339050e+03 
2858100000 8.348475e+03 
2.860250e+09 8.367700e+03 
2862400000 8.351675e+03 
2864550000 8.360725e+03 
2866700000 8360 
2868850000 8.348575e+03 
2871000000 8368 
2873150000 8.328550e+03 
2875300000 8.343575e+03 
2877450000 8.357225e+03 
2879600000 8.379450e+03 
2881750000 8.359100e+03 
2883900000 8.358200e+03 
2886050000 8.351350e+03 
2888200000 8.336525e+03 
2.890350e+09 8.352300e+03 
2892500000 8.333675e+03 
2894650000 8.343100e+03 
2896800000 8.348125e+03 
2898950000 8.351025e+03 
2901100000 8.363050e+03 
2903250000 8.321700e+03 
2905400000 8.357275e+03 
2907550000 8.371925e+03 
2909700000 8.363600e+03 
2911850000 8.367625e+03 
2914000000 8.370100e+03 
2916150000 8.360925e+03 
2918300000 8.350475e+03 
2920450000 8.365725e+03 
2922600000 8.325375e+03 
2924750000 8.355725e+03 
2926900000 8.335850e+03 
2929050000 8.361425e+03 
2931200000 8.373800e+03 
2933350000 8.350125e+03 
2935500000 8.342350e+03 
2937650000 8.380125e+03 
2939800000 8.381600e+03 
2941950000 8.381325e+03 
2.944100e+09 8.368375e+03 
2946250000 8.364975e+03 
2948400000 8.372425e+03 
2950550000 8.347825e+03 
2952700000 8.351975e+03 
2954850000 8.370500e+03 
2957000000 8.337025e+03 
2959150000 8.362875e+03 
2961300000 8.374625e+03 
2963450000 8.343750e+03 
2965600000 8.355725e+03 
2967750000 8.365175e+03 
2969900000 8.367450e+03 
2972050000 8.366700e+03 
2974200000 8.373950e+03 
2976350000 8.373775e+03 
2978500000 8.348350e+03 
2980650000 8.323350e+03 
2982800000 8.358475e+03 
2984950000 8.350700e+03 
2987100000 8.398325e+03 
2989250000 8.363500e+03 
2991400000 8.385450e+03 
2993550000 8.367025e+03 
2995700000 8.355700e+03 
2997850000 8.375725e+03 
3000000000 8.414025e+03 

END
