IGOR
WAVES/D/O sweep,sig(1) 
BEGIN
2570000000 8.310925e+03 
2.572150e+09 8.327975e+03 
2574300000 8.337050e+03 
2576450000 8.327525e+03 
2578600000 8.329275e+03 
2.580750e+09 8.302500e+03 
2582900000 8.325975e+03 
2585050000 8.286975e+03 
2.587200e+09 8.290225e+03 
2589350000 8.336850e+03 
2591500000 8.318700e+03 
2593650000 8.313500e+03 
2.595800e+09 8313 
2597950000 8.318050e+03 
2600100000 8.347825e+03 
2.602250e+09 8.329175e+03 
2604400000 8.343025e+03 
2606550000 8.335750e+03 
2608700000 8.336850e+03 
2.610850e+09 8.326150e+03 
2613000000 8.340700e+03 
2615150000 8.331375e+03 
2.617300e+09 8.322750e+03 
2619450000 8.321450e+03 
2621600000 8.281050e+03 
2623750000 8.320575e+03 
2.625900e+09 8.296875e+03 
2628050000 8.286325e+03 
2630200000 8.279100e+03 
2.632350e+09 8.285250e+03 
2634500000 8.279050e+03 
2636650000 8.304225e+03 
2638800000 8.279775e+03 
2.640950e+09 8.309575e+03 
2643100000 8.324475e+03 
2645250000 8.359475e+03 
2.647400e+09 8.331950e+03 
2649550000 8.318475e+03 
2651700000 8.321700e+03 
2653850000 8.313325e+03 
2.656000e+09 8.296875e+03 
2658150000 8.321525e+03 
2660300000 8.305025e+03 
2.662450e+09 8.287275e+03 
2664600000 8.265400e+03 
2666750000 8.255750e+03 
2668900000 8.245700e+03 
2.671050e+09 8.271375e+03 
2673200000 8.257225e+03 
2675350000 8.274900e+03 
2677500000 8.285450e+03 
2679650000 8.313375e+03 
2681800000 8.326975e+03 
2683950000 8.323925e+03 
2.686100e+09 8.316150e+03 
2688250000 8.310650e+03 
2690400000 8.322450e+03 
2692550000 8.308875e+03 
2694700000 8.304350e+03 
2696850000 8.308750e+03 
2699000000 8.252475e+03 
2.701150e+09 8.284750e+03 
2703300000 8.244475e+03 
2705450000 8.271400e+03 
2707600000 8.262925e+03 
2.709750e+09 8.255075e+03 
2711900000 8.265525e+03 
2714050000 8.295275e+03 
2.716200e+09 8.285100e+03 
2718350000 8.324925e+03 
2720500000 8.302625e+03 
2722650000 8.318475e+03 
2724800000 8.315750e+03 
2726950000 8.305175e+03 
2729100000 8.323025e+03 
2.731250e+09 8.320250e+03 
2733400000 8.302975e+03 
2735550000 8.293100e+03 
2737700000 8.297400e+03 
2.739850e+09 8.296025e+03 
2742000000 8.306575e+03 
2744150000 8.259175e+03 
2.746300e+09 8298 
2748450000 8.276150e+03 
2750600000 8.311025e+03 
2752750000 8.312350e+03 
2754900000 8.317150e+03 
2757050000 8.287500e+03 
2759200000 8.302400e+03 
2.761350e+09 8.303875e+03 
2763500000 8.311550e+03 
2765650000 8.326725e+03 
2767800000 8.350125e+03 
2.769950e+09 8.318925e+03 
2772100000 8.345650e+03 
2774250000 8.325025e+03 
2.776400e+09 8.329725e+03 
2778550000 8.321175e+03 
2780700000 8.333500e+03 
2782850000 8.349825e+03 
2785000000 8.325100e+03 
2787150000 8.334075e+03 
2789300000 8.325975e+03 
2791450000 8.321850e+03 
2793600000 8.349450e+03 
2795750000 8.341975e+03 
2797900000 8.325950e+03 
2.800050e+09 8.328875e+03 
2802200000 8.326525e+03 
2804350000 8.330525e+03 
2806500000 8.314775e+03 
2808650000 8.309575e+03 
2810800000 8.302550e+03 
2812950000 8.343150e+03 
2815100000 8.298400e+03 
2817250000 8.299150e+03 
2819400000 8.329250e+03 
2821550000 8.334700e+03 
2823700000 8.315550e+03 
2825850000 8.318900e+03 
2828000000 8.324100e+03 
2.830150e+09 8.317450e+03 
2832300000 8.310500e+03 
2834450000 8.309500e+03 
2836600000 8.322550e+03 
2838750000 8.327250e+03 
2840900000 8.331250e+03 
2843050000 8.336275e+03 
2845200000 8.319025e+03 
2847350000 8.336825e+03 
2849500000 8.339675e+03 
2851650000 8.348125e+03 
2853800000 8.342375e+03 
2855950000 8.349500e+03 
2858100000 8.328050e+03 
2.860250e+09 8.334375e+03 
2862400000 8.333650e+03 
2864550000 8327 
2866700000 8.357750e+03 
2868850000 8.329525e+03 
2871000000 8.324600e+03 
2873150000 8.337825e+03 
2875300000 8.319250e+03 
2877450000 8.336375e+03 
2879600000 8.330425e+03 
2881750000 8.320475e+03 
2883900000 8.331375e+03 
2886050000 8.320250e+03 
2888200000 8.326450e+03 
2.890350e+09 8.324525e+03 
2892500000 8.322850e+03 
2894650000 8316 
2896800000 8.326525e+03 
2898950000 8.343225e+03 
2901100000 8.338875e+03 
2903250000 8.330250e+03 
2905400000 8.342475e+03 
2907550000 8.321950e+03 
2909700000 8.333375e+03 
2911850000 8.349200e+03 
2914000000 8.331850e+03 
2916150000 8.313725e+03 
2918300000 8.302875e+03 
2920450000 8.318450e+03 
2922600000 8.342150e+03 
2924750000 8.341725e+03 
2926900000 8.340250e+03 
2929050000 8.324525e+03 
2931200000 8.298750e+03 
2933350000 8.344100e+03 
2935500000 8.327025e+03 
2937650000 8.304600e+03 
2939800000 8.334875e+03 
2941950000 8.356275e+03 
2.944100e+09 8.338825e+03 
2946250000 8.343800e+03 
2948400000 8.321050e+03 
2950550000 8.337800e+03 
2952700000 8.353950e+03 
2954850000 8.328775e+03 
2957000000 8.316125e+03 
2959150000 8.340725e+03 
2961300000 8.329475e+03 
2963450000 8.344450e+03 
2965600000 8.346500e+03 
2967750000 8.338925e+03 
2969900000 8.342700e+03 
2972050000 8.342325e+03 
2974200000 8.329325e+03 
2976350000 8.327450e+03 
2978500000 8.347975e+03 
2980650000 8.306825e+03 
2982800000 8.334825e+03 
2984950000 8.341725e+03 
2987100000 8.340900e+03 
2989250000 8.319800e+03 
2991400000 8.317450e+03 
2993550000 8.313700e+03 
2995700000 8.335725e+03 
2997850000 8.341750e+03 
3000000000 8.351350e+03 

END
