IGOR
WAVES/D/O sweep,sig(1) 
BEGIN
2570000000 8.257925e+03 
2.572150e+09 8.283175e+03 
2574300000 8.262775e+03 
2576450000 8.250225e+03 
2578600000 8.257425e+03 
2.580750e+09 8.279125e+03 
2582900000 8.271150e+03 
2585050000 8.285850e+03 
2.587200e+09 8.296025e+03 
2589350000 8.266925e+03 
2591500000 8.267650e+03 
2593650000 8.261225e+03 
2.595800e+09 8.276200e+03 
2597950000 8.289975e+03 
2600100000 8.276925e+03 
2.602250e+09 8.257175e+03 
2604400000 8.281425e+03 
2606550000 8.256250e+03 
2608700000 8.267625e+03 
2.610850e+09 8.297850e+03 
2613000000 8.249800e+03 
2615150000 8.287200e+03 
2.617300e+09 8.260450e+03 
2619450000 8.265350e+03 
2621600000 8.242875e+03 
2623750000 8.261600e+03 
2.625900e+09 8.264850e+03 
2628050000 8.232300e+03 
2630200000 8.237200e+03 
2.632350e+09 8.234250e+03 
2634500000 8.217400e+03 
2636650000 8.237025e+03 
2638800000 8.258800e+03 
2.640950e+09 8.239650e+03 
2643100000 8.252425e+03 
2645250000 8.263875e+03 
2.647400e+09 8.281475e+03 
2649550000 8.288550e+03 
2651700000 8.279925e+03 
2653850000 8.285650e+03 
2.656000e+09 8.271625e+03 
2658150000 8.253825e+03 
2660300000 8.227625e+03 
2.662450e+09 8.225850e+03 
2664600000 8.230025e+03 
2666750000 8.222075e+03 
2668900000 8.190925e+03 
2.671050e+09 8.206050e+03 
2673200000 8.204475e+03 
2675350000 8.231625e+03 
2677500000 8.227775e+03 
2679650000 8.257825e+03 
2681800000 8.262475e+03 
2683950000 8.275050e+03 
2.686100e+09 8.265900e+03 
2688250000 8.257500e+03 
2690400000 8.260975e+03 
2692550000 8.264625e+03 
2694700000 8.253050e+03 
2696850000 8.240700e+03 
2699000000 8.216800e+03 
2.701150e+09 8.233550e+03 
2703300000 8.208100e+03 
2705450000 8.210800e+03 
2707600000 8.190650e+03 
2.709750e+09 8.196550e+03 
2711900000 8.210675e+03 
2714050000 8.230500e+03 
2.716200e+09 8.261300e+03 
2718350000 8.269875e+03 
2720500000 8.284650e+03 
2722650000 8.252400e+03 
2724800000 8.261825e+03 
2726950000 8.308225e+03 
2729100000 8.268700e+03 
2.731250e+09 8.278175e+03 
2733400000 8.263375e+03 
2735550000 8.262025e+03 
2737700000 8.256550e+03 
2.739850e+09 8.249500e+03 
2742000000 8.263200e+03 
2744150000 8.253125e+03 
2.746300e+09 8.243100e+03 
2748450000 8.260100e+03 
2750600000 8.265325e+03 
2752750000 8.267300e+03 
2754900000 8.281425e+03 
2757050000 8.277575e+03 
2759200000 8.263325e+03 
2.761350e+09 8.271675e+03 
2763500000 8.264750e+03 
2765650000 8.267475e+03 
2767800000 8.295575e+03 
2.769950e+09 8.294400e+03 
2772100000 8.278325e+03 
2774250000 8.268875e+03 
2.776400e+09 8.276400e+03 
2778550000 8.285300e+03 
2780700000 8.280600e+03 
2782850000 8.291725e+03 
2785000000 8.275900e+03 
2787150000 8.300075e+03 
2789300000 8.272150e+03 
2791450000 8.274975e+03 
2793600000 8.301600e+03 
2795750000 8.266175e+03 
2797900000 8.272550e+03 
2.800050e+09 8.280600e+03 
2802200000 8.267025e+03 
2804350000 8.280350e+03 
2806500000 8.296400e+03 
2808650000 8.308950e+03 
2810800000 8.290925e+03 
2812950000 8.281375e+03 
2815100000 8.277550e+03 
2817250000 8.284750e+03 
2819400000 8.281775e+03 
2821550000 8288 
2823700000 8.268350e+03 
2825850000 8.289200e+03 
2828000000 8.278375e+03 
2.830150e+09 8.281575e+03 
2832300000 8.274550e+03 
2834450000 8.274675e+03 
2836600000 8.276525e+03 
2838750000 8.266850e+03 
2840900000 8.275175e+03 
2843050000 8282 
2845200000 8.292075e+03 
2847350000 8.259775e+03 
2849500000 8.264600e+03 
2851650000 8.275525e+03 
2853800000 8.287250e+03 
2855950000 8.258250e+03 
2858100000 8.277350e+03 
2.860250e+09 8.282300e+03 
2862400000 8.265175e+03 
2864550000 8.292400e+03 
2866700000 8.273525e+03 
2868850000 8.277150e+03 
2871000000 8.294875e+03 
2873150000 8.288550e+03 
2875300000 8.263850e+03 
2877450000 8.296100e+03 
2879600000 8.270050e+03 
2881750000 8.271275e+03 
2883900000 8.264875e+03 
2886050000 8.282300e+03 
2888200000 8.270350e+03 
2.890350e+09 8.264375e+03 
2892500000 8.278150e+03 
2894650000 8.264125e+03 
2896800000 8.270950e+03 
2898950000 8.277850e+03 
2901100000 8.279250e+03 
2903250000 8.252075e+03 
2905400000 8.278725e+03 
2907550000 8.279850e+03 
2909700000 8.277775e+03 
2911850000 8.261275e+03 
2914000000 8.281150e+03 
2916150000 8.273500e+03 
2918300000 8.290600e+03 
2920450000 8.277450e+03 
2922600000 8.266450e+03 
2924750000 8.274875e+03 
2926900000 8.258250e+03 
2929050000 8.267725e+03 
2931200000 8.284400e+03 
2933350000 8.268225e+03 
2935500000 8.284725e+03 
2937650000 8.283900e+03 
2939800000 8.281175e+03 
2941950000 8.269675e+03 
2.944100e+09 8.310750e+03 
2946250000 8.276450e+03 
2948400000 8.261700e+03 
2950550000 8.262425e+03 
2952700000 8.284700e+03 
2954850000 8.281850e+03 
2957000000 8.275500e+03 
2959150000 8.282250e+03 
2961300000 8.271975e+03 
2963450000 8.272625e+03 
2965600000 8.280075e+03 
2967750000 8.264375e+03 
2969900000 8.259250e+03 
2972050000 8.262925e+03 
2974200000 8.268175e+03 
2976350000 8.269025e+03 
2978500000 8.263275e+03 
2980650000 8.256800e+03 
2982800000 8.277150e+03 
2984950000 8.264500e+03 
2987100000 8.292775e+03 
2989250000 8.281325e+03 
2991400000 8.265375e+03 
2993550000 8.281600e+03 
2995700000 8.273050e+03 
2997850000 8.279175e+03 
3000000000 8.258800e+03 

END
