IGOR
WAVES/D/O sweep,sig(1) 
BEGIN
2570000000 8.197550e+03 
2.572150e+09 8.204550e+03 
2574300000 8.204250e+03 
2576450000 8.215325e+03 
2578600000 8.198525e+03 
2.580750e+09 8.200375e+03 
2582900000 8.206300e+03 
2585050000 8.195625e+03 
2.587200e+09 8.192800e+03 
2589350000 8.202100e+03 
2591500000 8.182875e+03 
2593650000 8.181925e+03 
2.595800e+09 8.166275e+03 
2597950000 8.183350e+03 
2600100000 8209 
2.602250e+09 8.179850e+03 
2604400000 8.175050e+03 
2606550000 8.223425e+03 
2608700000 8.173550e+03 
2.610850e+09 8.210925e+03 
2613000000 8.202150e+03 
2615150000 8.198325e+03 
2.617300e+09 8.178350e+03 
2619450000 8.197575e+03 
2621600000 8.166975e+03 
2623750000 8.176375e+03 
2.625900e+09 8.166875e+03 
2628050000 8.159675e+03 
2630200000 8.177575e+03 
2.632350e+09 8.162300e+03 
2634500000 8.149975e+03 
2636650000 8.131650e+03 
2638800000 8.146225e+03 
2.640950e+09 8.169250e+03 
2643100000 8.154750e+03 
2645250000 8.191850e+03 
2.647400e+09 8.188900e+03 
2649550000 8.206725e+03 
2651700000 8.199575e+03 
2653850000 8.210100e+03 
2.656000e+09 8.205725e+03 
2658150000 8.165075e+03 
2660300000 8.164900e+03 
2.662450e+09 8.163275e+03 
2664600000 8.144625e+03 
2666750000 8.123225e+03 
2668900000 8128 
2.671050e+09 8.134525e+03 
2673200000 8.141100e+03 
2675350000 8.165325e+03 
2677500000 8.156400e+03 
2679650000 8.191425e+03 
2681800000 8.196575e+03 
2683950000 8.202375e+03 
2.686100e+09 8.202475e+03 
2688250000 8.199650e+03 
2690400000 8.179650e+03 
2692550000 8.180975e+03 
2694700000 8.199125e+03 
2696850000 8.182100e+03 
2699000000 8.155950e+03 
2.701150e+09 8.157775e+03 
2703300000 8.139325e+03 
2705450000 8.141650e+03 
2707600000 8.122375e+03 
2.709750e+09 8.150250e+03 
2711900000 8.154525e+03 
2714050000 8.149850e+03 
2.716200e+09 8.178800e+03 
2718350000 8.166250e+03 
2720500000 8.211925e+03 
2722650000 8.164325e+03 
2724800000 8.195700e+03 
2726950000 8.195725e+03 
2729100000 8.178075e+03 
2.731250e+09 8.178575e+03 
2733400000 8.190750e+03 
2735550000 8.175625e+03 
2737700000 8.184900e+03 
2.739850e+09 8.147725e+03 
2742000000 8.147875e+03 
2744150000 8.157950e+03 
2.746300e+09 8.154850e+03 
2748450000 8.164700e+03 
2750600000 8.185550e+03 
2752750000 8.181850e+03 
2754900000 8.179850e+03 
2757050000 8.180325e+03 
2759200000 8.191700e+03 
2.761350e+09 8.223750e+03 
2763500000 8.180725e+03 
2765650000 8.199425e+03 
2767800000 8.204625e+03 
2.769950e+09 8.176850e+03 
2772100000 8.196575e+03 
2774250000 8.183300e+03 
2.776400e+09 8.177300e+03 
2778550000 8.205800e+03 
2780700000 8.204325e+03 
2782850000 8.189125e+03 
2785000000 8.179925e+03 
2787150000 8.198800e+03 
2789300000 8.209025e+03 
2791450000 8.183900e+03 
2793600000 8.197500e+03 
2795750000 8.179975e+03 
2797900000 8.161125e+03 
2.800050e+09 8.183825e+03 
2802200000 8.187325e+03 
2804350000 8.173425e+03 
2806500000 8.216850e+03 
2808650000 8.198825e+03 
2810800000 8.193200e+03 
2812950000 8.191875e+03 
2815100000 8.160475e+03 
2817250000 8.195125e+03 
2819400000 8.196950e+03 
2821550000 8.187800e+03 
2823700000 8.174875e+03 
2825850000 8.167925e+03 
2828000000 8.187375e+03 
2.830150e+09 8.203150e+03 
2832300000 8.191675e+03 
2834450000 8.179625e+03 
2836600000 8.175350e+03 
2838750000 8.199375e+03 
2840900000 8.186325e+03 
2843050000 8.189850e+03 
2845200000 8.207225e+03 
2847350000 8.197200e+03 
2849500000 8.160550e+03 
2851650000 8.171075e+03 
2853800000 8.178700e+03 
2855950000 8.188350e+03 
2858100000 8.177875e+03 
2.860250e+09 8.185650e+03 
2862400000 8.214750e+03 
2864550000 8.180875e+03 
2866700000 8.182950e+03 
2868850000 8.206425e+03 
2871000000 8.205350e+03 
2873150000 8.225225e+03 
2875300000 8.207075e+03 
2877450000 8.170925e+03 
2879600000 8.195625e+03 
2881750000 8.202550e+03 
2883900000 8.181850e+03 
2886050000 8.201475e+03 
2888200000 8.185075e+03 
2.890350e+09 8.209400e+03 
2892500000 8.191200e+03 
2894650000 8.170500e+03 
2896800000 8.193600e+03 
2898950000 8.198325e+03 
2901100000 8.179425e+03 
2903250000 8.192125e+03 
2905400000 8.200250e+03 
2907550000 8.195025e+03 
2909700000 8.188125e+03 
2911850000 8.182350e+03 
2914000000 8.177600e+03 
2916150000 8.174675e+03 
2918300000 8.214725e+03 
2920450000 8.176750e+03 
2922600000 8.185950e+03 
2924750000 8.191475e+03 
2926900000 8.186150e+03 
2929050000 8.185425e+03 
2931200000 8.178075e+03 
2933350000 8.218575e+03 
2935500000 8.197550e+03 
2937650000 8.187925e+03 
2939800000 8.207075e+03 
2941950000 8.204625e+03 
2.944100e+09 8.185175e+03 
2946250000 8.198450e+03 
2948400000 8.188875e+03 
2950550000 8.214500e+03 
2952700000 8.215675e+03 
2954850000 8.188400e+03 
2957000000 8.204400e+03 
2959150000 8.188100e+03 
2961300000 8.198750e+03 
2963450000 8.198125e+03 
2965600000 8.185450e+03 
2967750000 8.208275e+03 
2969900000 8.210125e+03 
2972050000 8.188650e+03 
2974200000 8.200200e+03 
2976350000 8.194975e+03 
2978500000 8.197925e+03 
2980650000 8.186125e+03 
2982800000 8.199250e+03 
2984950000 8.203825e+03 
2987100000 8.184550e+03 
2989250000 8.190250e+03 
2991400000 8.184175e+03 
2993550000 8.199550e+03 
2995700000 8.193575e+03 
2997850000 8.183450e+03 
3000000000 8.195800e+03 

END
