IGOR
WAVES/D/O sweep,sig(1) 
BEGIN
2570000000 8.285875e+03 
2.572150e+09 8.278575e+03 
2574300000 8.277625e+03 
2576450000 8.280275e+03 
2578600000 8.268650e+03 
2.580750e+09 8.270025e+03 
2582900000 8.266525e+03 
2585050000 8.262175e+03 
2.587200e+09 8.277700e+03 
2589350000 8.284775e+03 
2591500000 8.282475e+03 
2593650000 8.288025e+03 
2.595800e+09 8286 
2597950000 8.301475e+03 
2600100000 8.303800e+03 
2.602250e+09 8.291350e+03 
2604400000 8.299550e+03 
2606550000 8.271025e+03 
2608700000 8.287300e+03 
2.610850e+09 8.296925e+03 
2613000000 8.324125e+03 
2615150000 8.299500e+03 
2.617300e+09 8.275100e+03 
2619450000 8.286650e+03 
2621600000 8.290425e+03 
2623750000 8.299700e+03 
2.625900e+09 8.239200e+03 
2628050000 8.224075e+03 
2630200000 8.238450e+03 
2.632350e+09 8.234750e+03 
2634500000 8.233350e+03 
2636650000 8.241625e+03 
2638800000 8.266150e+03 
2.640950e+09 8.263200e+03 
2643100000 8.283950e+03 
2645250000 8.293150e+03 
2.647400e+09 8.293275e+03 
2649550000 8.302150e+03 
2651700000 8.309975e+03 
2653850000 8.300925e+03 
2.656000e+09 8.305825e+03 
2658150000 8.283650e+03 
2660300000 8.259850e+03 
2.662450e+09 8.271525e+03 
2664600000 8.217750e+03 
2666750000 8.215425e+03 
2668900000 8.222425e+03 
2.671050e+09 8.204450e+03 
2673200000 8.204600e+03 
2675350000 8.239175e+03 
2677500000 8.240425e+03 
2679650000 8.267425e+03 
2681800000 8.261525e+03 
2683950000 8.283525e+03 
2.686100e+09 8.288900e+03 
2688250000 8.258500e+03 
2690400000 8.271225e+03 
2692550000 8.285475e+03 
2694700000 8.250300e+03 
2696850000 8.267150e+03 
2699000000 8.255725e+03 
2.701150e+09 8.241075e+03 
2703300000 8.250750e+03 
2705450000 8.227175e+03 
2707600000 8.215700e+03 
2.709750e+09 8.269250e+03 
2711900000 8.269625e+03 
2714050000 8.258900e+03 
2.716200e+09 8.291500e+03 
2718350000 8.312975e+03 
2720500000 8.305200e+03 
2722650000 8.306350e+03 
2724800000 8.319675e+03 
2726950000 8.313525e+03 
2729100000 8283 
2.731250e+09 8.287150e+03 
2733400000 8.261425e+03 
2735550000 8.263575e+03 
2737700000 8.271875e+03 
2.739850e+09 8.239575e+03 
2742000000 8.253400e+03 
2744150000 8.269525e+03 
2.746300e+09 8.268800e+03 
2748450000 8.249475e+03 
2750600000 8.266900e+03 
2752750000 8.301750e+03 
2754900000 8.302325e+03 
2757050000 8.285475e+03 
2759200000 8.296250e+03 
2.761350e+09 8.309350e+03 
2763500000 8.317125e+03 
2765650000 8.294675e+03 
2767800000 8.304225e+03 
2.769950e+09 8.298750e+03 
2772100000 8.319300e+03 
2774250000 8291 
2.776400e+09 8.293500e+03 
2778550000 8.300425e+03 
2780700000 8.318175e+03 
2782850000 8.307725e+03 
2785000000 8.282550e+03 
2787150000 8.307225e+03 
2789300000 8.309125e+03 
2791450000 8.341175e+03 
2793600000 8.280825e+03 
2795750000 8.296300e+03 
2797900000 8.309475e+03 
2.800050e+09 8.306325e+03 
2802200000 8.276925e+03 
2804350000 8.303050e+03 
2806500000 8.317600e+03 
2808650000 8.324325e+03 
2810800000 8.296750e+03 
2812950000 8.298600e+03 
2815100000 8.316150e+03 
2817250000 8.311650e+03 
2819400000 8.312425e+03 
2821550000 8.295050e+03 
2823700000 8.329300e+03 
2825850000 8.302125e+03 
2828000000 8.307625e+03 
2.830150e+09 8.328150e+03 
2832300000 8.311350e+03 
2834450000 8.318100e+03 
2836600000 8.293400e+03 
2838750000 8.334875e+03 
2840900000 8.323550e+03 
2843050000 8.312900e+03 
2845200000 8.278575e+03 
2847350000 8.335400e+03 
2849500000 8.334575e+03 
2851650000 8.319450e+03 
2853800000 8.313550e+03 
2855950000 8.318150e+03 
2858100000 8.312450e+03 
2.860250e+09 8.311575e+03 
2862400000 8.313725e+03 
2864550000 8.327350e+03 
2866700000 8.344700e+03 
2868850000 8.315300e+03 
2871000000 8.328025e+03 
2873150000 8.307700e+03 
2875300000 8.318100e+03 
2877450000 8.298825e+03 
2879600000 8.304350e+03 
2881750000 8.311475e+03 
2883900000 8.291225e+03 
2886050000 8.337275e+03 
2888200000 8.337625e+03 
2.890350e+09 8.310225e+03 
2892500000 8.311725e+03 
2894650000 8.326075e+03 
2896800000 8.322700e+03 
2898950000 8.293300e+03 
2901100000 8.325400e+03 
2903250000 8.324200e+03 
2905400000 8.324575e+03 
2907550000 8.319700e+03 
2909700000 8.308150e+03 
2911850000 8.307175e+03 
2914000000 8.298300e+03 
2916150000 8.315450e+03 
2918300000 8.310050e+03 
2920450000 8309 
2922600000 8.328150e+03 
2924750000 8.314650e+03 
2926900000 8.313775e+03 
2929050000 8.325600e+03 
2931200000 8.317325e+03 
2933350000 8.317575e+03 
2935500000 8.325250e+03 
2937650000 8.315550e+03 
2939800000 8.298900e+03 
2941950000 8.304575e+03 
2.944100e+09 8.306950e+03 
2946250000 8.322550e+03 
2948400000 8.319200e+03 
2950550000 8.299425e+03 
2952700000 8.290225e+03 
2954850000 8.321500e+03 
2957000000 8.320900e+03 
2959150000 8.299425e+03 
2961300000 8.317425e+03 
2963450000 8.337925e+03 
2965600000 8.324525e+03 
2967750000 8.313875e+03 
2969900000 8.300625e+03 
2972050000 8280 
2974200000 8.268600e+03 
2976350000 8.300775e+03 
2978500000 8.273350e+03 
2980650000 8.302900e+03 
2982800000 8.307900e+03 
2984950000 8.284900e+03 
2987100000 8.283575e+03 
2989250000 8.299125e+03 
2991400000 8.303775e+03 
2993550000 8.299300e+03 
2995700000 8.298275e+03 
2997850000 8.300325e+03 
3000000000 8.306800e+03 

END
