IGOR
WAVES/D/O sweep,sig(1) 
BEGIN
2570000000 8.167075e+03 
2.572150e+09 8.171550e+03 
2574300000 8171 
2576450000 8.134675e+03 
2578600000 8.159875e+03 
2.580750e+09 8.166750e+03 
2582900000 8.160625e+03 
2585050000 8.184675e+03 
2.587200e+09 8.165200e+03 
2589350000 8.173725e+03 
2591500000 8.149100e+03 
2593650000 8.170300e+03 
2.595800e+09 8.173625e+03 
2597950000 8.169075e+03 
2600100000 8.167550e+03 
2.602250e+09 8.153275e+03 
2604400000 8.160600e+03 
2606550000 8.167550e+03 
2608700000 8.176700e+03 
2.610850e+09 8.192300e+03 
2613000000 8.164700e+03 
2615150000 8.159875e+03 
2.617300e+09 8.168425e+03 
2619450000 8.139475e+03 
2621600000 8.154425e+03 
2623750000 8114 
2.625900e+09 8.130775e+03 
2628050000 8.144325e+03 
2630200000 8.126500e+03 
2.632350e+09 8.138300e+03 
2634500000 8.138550e+03 
2636650000 8.124725e+03 
2638800000 8.144750e+03 
2.640950e+09 8.124725e+03 
2643100000 8.152275e+03 
2645250000 8160 
2.647400e+09 8.146300e+03 
2649550000 8.154025e+03 
2651700000 8.148575e+03 
2653850000 8.164150e+03 
2.656000e+09 8.166175e+03 
2658150000 8.146675e+03 
2660300000 8.129700e+03 
2.662450e+09 8.124050e+03 
2664600000 8.132050e+03 
2666750000 8.104275e+03 
2668900000 8.112475e+03 
2.671050e+09 8.103850e+03 
2673200000 8.096925e+03 
2675350000 8.114500e+03 
2677500000 8.129925e+03 
2679650000 8.139500e+03 
2681800000 8.164600e+03 
2683950000 8.150750e+03 
2.686100e+09 8.165825e+03 
2688250000 8.173125e+03 
2690400000 8150 
2692550000 8.157725e+03 
2694700000 8.151150e+03 
2696850000 8.137700e+03 
2699000000 8.094100e+03 
2.701150e+09 8.098525e+03 
2703300000 8.083425e+03 
2705450000 8.098950e+03 
2707600000 8.123850e+03 
2.709750e+09 8.122275e+03 
2711900000 8.125450e+03 
2714050000 8.143025e+03 
2.716200e+09 8.146675e+03 
2718350000 8.158500e+03 
2720500000 8163 
2722650000 8.157575e+03 
2724800000 8.172500e+03 
2726950000 8.170575e+03 
2729100000 8.168925e+03 
2.731250e+09 8.175675e+03 
2733400000 8.137475e+03 
2735550000 8.148150e+03 
2737700000 8.151625e+03 
2.739850e+09 8.154750e+03 
2742000000 8.149375e+03 
2744150000 8.121525e+03 
2.746300e+09 8.144775e+03 
2748450000 8.137500e+03 
2750600000 8.169275e+03 
2752750000 8.172850e+03 
2754900000 8.187325e+03 
2757050000 8.183800e+03 
2759200000 8.168625e+03 
2.761350e+09 8.165350e+03 
2763500000 8.190250e+03 
2765650000 8185 
2767800000 8.201150e+03 
2.769950e+09 8.178725e+03 
2772100000 8.195525e+03 
2774250000 8.179400e+03 
2.776400e+09 8.186825e+03 
2778550000 8.160125e+03 
2780700000 8.184750e+03 
2782850000 8.181800e+03 
2785000000 8.180500e+03 
2787150000 8.169750e+03 
2789300000 8.192675e+03 
2791450000 8.186850e+03 
2793600000 8.167200e+03 
2795750000 8.173475e+03 
2797900000 8.167875e+03 
2.800050e+09 8.177100e+03 
2802200000 8.190475e+03 
2804350000 8.165375e+03 
2806500000 8.178100e+03 
2808650000 8175 
2810800000 8.185750e+03 
2812950000 8.190825e+03 
2815100000 8.170350e+03 
2817250000 8.170025e+03 
2819400000 8.209625e+03 
2821550000 8.186175e+03 
2823700000 8.184250e+03 
2825850000 8.214475e+03 
2828000000 8.162925e+03 
2.830150e+09 8.184850e+03 
2832300000 8.196875e+03 
2834450000 8.185025e+03 
2836600000 8.199050e+03 
2838750000 8.168525e+03 
2840900000 8.203325e+03 
2843050000 8.178975e+03 
2845200000 8.208650e+03 
2847350000 8.207750e+03 
2849500000 8.178875e+03 
2851650000 8.193800e+03 
2853800000 8.187125e+03 
2855950000 8.194200e+03 
2858100000 8.171750e+03 
2.860250e+09 8.162275e+03 
2862400000 8.197025e+03 
2864550000 8.192175e+03 
2866700000 8.174900e+03 
2868850000 8.176775e+03 
2871000000 8.163450e+03 
2873150000 8.179075e+03 
2875300000 8.189625e+03 
2877450000 8.158675e+03 
2879600000 8.159925e+03 
2881750000 8.195475e+03 
2883900000 8.187450e+03 
2886050000 8.184500e+03 
2888200000 8.147500e+03 
2.890350e+09 8.209500e+03 
2892500000 8.187475e+03 
2894650000 8.173625e+03 
2896800000 8.211500e+03 
2898950000 8.186650e+03 
2901100000 8.185900e+03 
2903250000 8.175275e+03 
2905400000 8.167500e+03 
2907550000 8.206225e+03 
2909700000 8.184925e+03 
2911850000 8.193950e+03 
2914000000 8.195625e+03 
2916150000 8.192400e+03 
2918300000 8.218075e+03 
2920450000 8.188675e+03 
2922600000 8.173725e+03 
2924750000 8.188250e+03 
2926900000 8.185100e+03 
2929050000 8.174675e+03 
2931200000 8.196050e+03 
2933350000 8.181550e+03 
2935500000 8.183650e+03 
2937650000 8.192800e+03 
2939800000 8.181675e+03 
2941950000 8170 
2.944100e+09 8.173550e+03 
2946250000 8.160250e+03 
2948400000 8.161750e+03 
2950550000 8.196425e+03 
2952700000 8.170175e+03 
2954850000 8.166025e+03 
2957000000 8.175575e+03 
2959150000 8.202225e+03 
2961300000 8.191475e+03 
2963450000 8.166150e+03 
2965600000 8.141975e+03 
2967750000 8.176150e+03 
2969900000 8.201800e+03 
2972050000 8.192125e+03 
2974200000 8.160650e+03 
2976350000 8.178875e+03 
2978500000 8.190275e+03 
2980650000 8191 
2982800000 8.165525e+03 
2984950000 8.160225e+03 
2987100000 8.188375e+03 
2989250000 8.173825e+03 
2991400000 8.174625e+03 
2993550000 8.159975e+03 
2995700000 8.185525e+03 
2997850000 8.178900e+03 
3000000000 8.184550e+03 

END
