IGOR
WAVES/D/O sweep,sig(1) 
BEGIN
2570000000 8.262325e+03 
2.572150e+09 8.255975e+03 
2574300000 8.241150e+03 
2576450000 8.252175e+03 
2578600000 8.239825e+03 
2.580750e+09 8.261750e+03 
2582900000 8.237650e+03 
2585050000 8.250325e+03 
2.587200e+09 8.246450e+03 
2589350000 8.243400e+03 
2591500000 8.250200e+03 
2593650000 8.253325e+03 
2.595800e+09 8.259650e+03 
2597950000 8.228725e+03 
2600100000 8.246700e+03 
2.602250e+09 8.244450e+03 
2604400000 8.242975e+03 
2606550000 8.240525e+03 
2608700000 8.250275e+03 
2.610850e+09 8.255600e+03 
2613000000 8.271125e+03 
2615150000 8.244400e+03 
2.617300e+09 8.257250e+03 
2619450000 8.240675e+03 
2621600000 8.230650e+03 
2623750000 8.223050e+03 
2.625900e+09 8.205600e+03 
2628050000 8.243475e+03 
2630200000 8.198475e+03 
2.632350e+09 8.190475e+03 
2634500000 8.216100e+03 
2636650000 8.246675e+03 
2638800000 8.240650e+03 
2.640950e+09 8255 
2643100000 8234 
2645250000 8.247300e+03 
2.647400e+09 8.238900e+03 
2649550000 8.257250e+03 
2651700000 8.240525e+03 
2653850000 8.258525e+03 
2.656000e+09 8.256800e+03 
2658150000 8.245675e+03 
2660300000 8.234125e+03 
2.662450e+09 8.217400e+03 
2664600000 8.202050e+03 
2666750000 8.185800e+03 
2668900000 8.191850e+03 
2.671050e+09 8.177050e+03 
2673200000 8.215600e+03 
2675350000 8.176500e+03 
2677500000 8.217625e+03 
2679650000 8.212600e+03 
2681800000 8.236175e+03 
2683950000 8.238700e+03 
2.686100e+09 8.263100e+03 
2688250000 8.266125e+03 
2690400000 8.247225e+03 
2692550000 8.257075e+03 
2694700000 8.217550e+03 
2696850000 8.197825e+03 
2699000000 8.184150e+03 
2.701150e+09 8.208500e+03 
2703300000 8.181925e+03 
2705450000 8.175200e+03 
2707600000 8.186350e+03 
2.709750e+09 8.184800e+03 
2711900000 8.190350e+03 
2714050000 8.208825e+03 
2.716200e+09 8.217850e+03 
2718350000 8.219625e+03 
2720500000 8.238350e+03 
2722650000 8.230950e+03 
2724800000 8.250850e+03 
2726950000 8.244150e+03 
2729100000 8.241700e+03 
2.731250e+09 8.239700e+03 
2733400000 8.228825e+03 
2735550000 8.225800e+03 
2737700000 8.237375e+03 
2.739850e+09 8.212200e+03 
2742000000 8.223500e+03 
2744150000 8.218350e+03 
2.746300e+09 8.228650e+03 
2748450000 8.215975e+03 
2750600000 8.235200e+03 
2752750000 8.225500e+03 
2754900000 8.223100e+03 
2757050000 8.246900e+03 
2759200000 8.271550e+03 
2.761350e+09 8.235275e+03 
2763500000 8.245675e+03 
2765650000 8.254275e+03 
2767800000 8.256625e+03 
2.769950e+09 8.262775e+03 
2772100000 8.264900e+03 
2774250000 8.251725e+03 
2.776400e+09 8.242950e+03 
2778550000 8.230225e+03 
2780700000 8.250350e+03 
2782850000 8.242825e+03 
2785000000 8.234900e+03 
2787150000 8.236200e+03 
2789300000 8.238575e+03 
2791450000 8.243875e+03 
2793600000 8.242300e+03 
2795750000 8.252525e+03 
2797900000 8.249400e+03 
2.800050e+09 8.267700e+03 
2802200000 8.226725e+03 
2804350000 8.254025e+03 
2806500000 8.247725e+03 
2808650000 8.251175e+03 
2810800000 8.242900e+03 
2812950000 8.223900e+03 
2815100000 8.231700e+03 
2817250000 8.276050e+03 
2819400000 8.226950e+03 
2821550000 8.224200e+03 
2823700000 8.258150e+03 
2825850000 8.239650e+03 
2828000000 8.230800e+03 
2.830150e+09 8.248700e+03 
2832300000 8.258475e+03 
2834450000 8.248925e+03 
2836600000 8.243775e+03 
2838750000 8.241275e+03 
2840900000 8.230450e+03 
2843050000 8.233200e+03 
2845200000 8.257775e+03 
2847350000 8.241425e+03 
2849500000 8.256900e+03 
2851650000 8.244700e+03 
2853800000 8.240550e+03 
2855950000 8.243950e+03 
2858100000 8.244550e+03 
2.860250e+09 8.242800e+03 
2862400000 8.240625e+03 
2864550000 8.230025e+03 
2866700000 8.253775e+03 
2868850000 8.228600e+03 
2871000000 8.250950e+03 
2873150000 8.243025e+03 
2875300000 8.247675e+03 
2877450000 8.245300e+03 
2879600000 8.231775e+03 
2881750000 8.240900e+03 
2883900000 8.239200e+03 
2886050000 8.233450e+03 
2888200000 8233 
2.890350e+09 8.240375e+03 
2892500000 8.257050e+03 
2894650000 8.228125e+03 
2896800000 8.252475e+03 
2898950000 8.232300e+03 
2901100000 8.206800e+03 
2903250000 8.241425e+03 
2905400000 8.231125e+03 
2907550000 8.246900e+03 
2909700000 8.241575e+03 
2911850000 8.229600e+03 
2914000000 8.232875e+03 
2916150000 8.242050e+03 
2918300000 8.237775e+03 
2920450000 8.234225e+03 
2922600000 8.226950e+03 
2924750000 8.216750e+03 
2926900000 8.253650e+03 
2929050000 8246 
2931200000 8.235425e+03 
2933350000 8.237300e+03 
2935500000 8.253225e+03 
2937650000 8.226350e+03 
2939800000 8.238025e+03 
2941950000 8.212275e+03 
2.944100e+09 8.213700e+03 
2946250000 8.263350e+03 
2948400000 8.226750e+03 
2950550000 8.254175e+03 
2952700000 8.233425e+03 
2954850000 8.237900e+03 
2957000000 8.249675e+03 
2959150000 8.235525e+03 
2961300000 8.254425e+03 
2963450000 8.237475e+03 
2965600000 8.225325e+03 
2967750000 8.247600e+03 
2969900000 8.231850e+03 
2972050000 8.235850e+03 
2974200000 8.226275e+03 
2976350000 8.225050e+03 
2978500000 8.213325e+03 
2980650000 8.245400e+03 
2982800000 8.254875e+03 
2984950000 8.245625e+03 
2987100000 8.236225e+03 
2989250000 8.250625e+03 
2991400000 8.235025e+03 
2993550000 8.228400e+03 
2995700000 8.234750e+03 
2997850000 8.251900e+03 
3000000000 8.242425e+03 

END
