IGOR
WAVES/D/O sweep,sig(1) 
BEGIN
2570000000 8.270350e+03 
2.572150e+09 8.255775e+03 
2574300000 8.275950e+03 
2576450000 8.266475e+03 
2578600000 8.254500e+03 
2.580750e+09 8.269025e+03 
2582900000 8.258350e+03 
2585050000 8.274300e+03 
2.587200e+09 8.271125e+03 
2589350000 8.269125e+03 
2591500000 8.286075e+03 
2593650000 8.255475e+03 
2.595800e+09 8.253075e+03 
2597950000 8.260100e+03 
2600100000 8.280475e+03 
2.602250e+09 8.274900e+03 
2604400000 8.256500e+03 
2606550000 8.277475e+03 
2608700000 8.260225e+03 
2.610850e+09 8261 
2613000000 8.269525e+03 
2615150000 8.294300e+03 
2.617300e+09 8.255650e+03 
2619450000 8.265750e+03 
2621600000 8.240950e+03 
2623750000 8.236125e+03 
2.625900e+09 8.220450e+03 
2628050000 8.211275e+03 
2630200000 8.221500e+03 
2.632350e+09 8.215425e+03 
2634500000 8.220550e+03 
2636650000 8.209900e+03 
2638800000 8.235350e+03 
2.640950e+09 8.246200e+03 
2643100000 8.239075e+03 
2645250000 8.239500e+03 
2.647400e+09 8.258175e+03 
2649550000 8.265250e+03 
2651700000 8.237625e+03 
2653850000 8.268975e+03 
2.656000e+09 8.277425e+03 
2658150000 8.236700e+03 
2660300000 8.258650e+03 
2.662450e+09 8.224675e+03 
2664600000 8.184900e+03 
2666750000 8.197350e+03 
2668900000 8.209625e+03 
2.671050e+09 8.182225e+03 
2673200000 8.203650e+03 
2675350000 8.210550e+03 
2677500000 8.221550e+03 
2679650000 8.245575e+03 
2681800000 8.257475e+03 
2683950000 8.268675e+03 
2.686100e+09 8.260375e+03 
2688250000 8.262375e+03 
2690400000 8.232200e+03 
2692550000 8.232450e+03 
2694700000 8.243700e+03 
2696850000 8.218050e+03 
2699000000 8.218025e+03 
2.701150e+09 8.199525e+03 
2703300000 8.176525e+03 
2705450000 8.160275e+03 
2707600000 8.181450e+03 
2.709750e+09 8.202425e+03 
2711900000 8.214925e+03 
2714050000 8.245500e+03 
2.716200e+09 8.226575e+03 
2718350000 8.234175e+03 
2720500000 8.243825e+03 
2722650000 8.253200e+03 
2724800000 8.271550e+03 
2726950000 8.251575e+03 
2729100000 8.274300e+03 
2.731250e+09 8.244450e+03 
2733400000 8.242350e+03 
2735550000 8.224950e+03 
2737700000 8.212375e+03 
2.739850e+09 8.227225e+03 
2742000000 8.222525e+03 
2744150000 8.216925e+03 
2.746300e+09 8.218375e+03 
2748450000 8.209325e+03 
2750600000 8.227600e+03 
2752750000 8.221600e+03 
2754900000 8.232275e+03 
2757050000 8.255325e+03 
2759200000 8.234775e+03 
2.761350e+09 8.280250e+03 
2763500000 8.260250e+03 
2765650000 8.255900e+03 
2767800000 8.249800e+03 
2.769950e+09 8.266325e+03 
2772100000 8.260675e+03 
2774250000 8.267600e+03 
2.776400e+09 8.241925e+03 
2778550000 8.260525e+03 
2780700000 8.240100e+03 
2782850000 8.260050e+03 
2785000000 8.254100e+03 
2787150000 8.259900e+03 
2789300000 8.260525e+03 
2791450000 8.268050e+03 
2793600000 8.273025e+03 
2795750000 8.243800e+03 
2797900000 8.252750e+03 
2.800050e+09 8.284300e+03 
2802200000 8.275300e+03 
2804350000 8.232675e+03 
2806500000 8.257675e+03 
2808650000 8.228775e+03 
2810800000 8.259725e+03 
2812950000 8.247100e+03 
2815100000 8.240475e+03 
2817250000 8.255225e+03 
2819400000 8.257950e+03 
2821550000 8.244525e+03 
2823700000 8.266750e+03 
2825850000 8.259175e+03 
2828000000 8.264700e+03 
2.830150e+09 8.236600e+03 
2832300000 8.223675e+03 
2834450000 8.259425e+03 
2836600000 8.238675e+03 
2838750000 8.232400e+03 
2840900000 8.260850e+03 
2843050000 8.273300e+03 
2845200000 8.263875e+03 
2847350000 8.225475e+03 
2849500000 8.241100e+03 
2851650000 8.250500e+03 
2853800000 8.265425e+03 
2855950000 8.266825e+03 
2858100000 8.253550e+03 
2.860250e+09 8.261725e+03 
2862400000 8.258275e+03 
2864550000 8.256350e+03 
2866700000 8.247400e+03 
2868850000 8.261950e+03 
2871000000 8.256800e+03 
2873150000 8.251350e+03 
2875300000 8.227175e+03 
2877450000 8.249925e+03 
2879600000 8.237350e+03 
2881750000 8.236775e+03 
2883900000 8.249450e+03 
2886050000 8.245650e+03 
2888200000 8.275650e+03 
2.890350e+09 8.248550e+03 
2892500000 8.272950e+03 
2894650000 8.263425e+03 
2896800000 8.256800e+03 
2898950000 8.251750e+03 
2901100000 8.256375e+03 
2903250000 8.246175e+03 
2905400000 8.253550e+03 
2907550000 8.236600e+03 
2909700000 8.263225e+03 
2911850000 8.245675e+03 
2914000000 8.246725e+03 
2916150000 8.253950e+03 
2918300000 8.241850e+03 
2920450000 8.255925e+03 
2922600000 8.269150e+03 
2924750000 8.238400e+03 
2926900000 8.239400e+03 
2929050000 8.241700e+03 
2931200000 8.244325e+03 
2933350000 8.238925e+03 
2935500000 8.231725e+03 
2937650000 8.243550e+03 
2939800000 8.266475e+03 
2941950000 8.244200e+03 
2.944100e+09 8253 
2946250000 8.228800e+03 
2948400000 8.236325e+03 
2950550000 8.242325e+03 
2952700000 8.230225e+03 
2954850000 8.246675e+03 
2957000000 8259 
2959150000 8.263050e+03 
2961300000 8.248300e+03 
2963450000 8.249850e+03 
2965600000 8.258700e+03 
2967750000 8.247050e+03 
2969900000 8.250750e+03 
2972050000 8.261775e+03 
2974200000 8.233950e+03 
2976350000 8.244925e+03 
2978500000 8.232650e+03 
2980650000 8.246200e+03 
2982800000 8.220600e+03 
2984950000 8.233325e+03 
2987100000 8.225725e+03 
2989250000 8.224475e+03 
2991400000 8.243775e+03 
2993550000 8.236200e+03 
2995700000 8.249500e+03 
2997850000 8.244300e+03 
3000000000 8.250475e+03 

END
