IGOR
WAVES/D/O sweep,sig(1) 
BEGIN
2570000000 8.252975e+03 
2.572150e+09 8.281075e+03 
2574300000 8.292125e+03 
2576450000 8.261450e+03 
2578600000 8.275500e+03 
2.580750e+09 8.277625e+03 
2582900000 8.264600e+03 
2585050000 8270 
2.587200e+09 8.282725e+03 
2589350000 8.276950e+03 
2591500000 8.275425e+03 
2593650000 8.267900e+03 
2.595800e+09 8.283900e+03 
2597950000 8.290225e+03 
2600100000 8.283750e+03 
2.602250e+09 8.278650e+03 
2604400000 8.281975e+03 
2606550000 8.266750e+03 
2608700000 8.281500e+03 
2.610850e+09 8.251125e+03 
2613000000 8.265200e+03 
2615150000 8.268825e+03 
2.617300e+09 8.262650e+03 
2619450000 8.272225e+03 
2621600000 8.249900e+03 
2623750000 8.242425e+03 
2.625900e+09 8.228525e+03 
2628050000 8.251950e+03 
2630200000 8.213500e+03 
2.632350e+09 8.239675e+03 
2634500000 8.236900e+03 
2636650000 8.238075e+03 
2638800000 8.245175e+03 
2.640950e+09 8.234475e+03 
2643100000 8.270575e+03 
2645250000 8.276975e+03 
2.647400e+09 8.270575e+03 
2649550000 8.258775e+03 
2651700000 8.268400e+03 
2653850000 8.271250e+03 
2.656000e+09 8.287525e+03 
2658150000 8.256300e+03 
2660300000 8.253600e+03 
2.662450e+09 8.240950e+03 
2664600000 8.227925e+03 
2666750000 8.227775e+03 
2668900000 8.200975e+03 
2.671050e+09 8.201250e+03 
2673200000 8.192625e+03 
2675350000 8.236625e+03 
2677500000 8.233450e+03 
2679650000 8.242800e+03 
2681800000 8.265200e+03 
2683950000 8.268950e+03 
2.686100e+09 8.268375e+03 
2688250000 8.272075e+03 
2690400000 8.258100e+03 
2692550000 8.268350e+03 
2694700000 8.264225e+03 
2696850000 8.257825e+03 
2699000000 8.237975e+03 
2.701150e+09 8.228075e+03 
2703300000 8.213925e+03 
2705450000 8200 
2707600000 8.182325e+03 
2.709750e+09 8.201975e+03 
2711900000 8.218850e+03 
2714050000 8.256575e+03 
2.716200e+09 8.234750e+03 
2718350000 8.253275e+03 
2720500000 8.258600e+03 
2722650000 8.286075e+03 
2724800000 8.282125e+03 
2726950000 8.287300e+03 
2729100000 8.277500e+03 
2.731250e+09 8.263900e+03 
2733400000 8.238700e+03 
2735550000 8.261650e+03 
2737700000 8.225075e+03 
2.739850e+09 8.226875e+03 
2742000000 8.233025e+03 
2744150000 8.234925e+03 
2.746300e+09 8.233975e+03 
2748450000 8.241575e+03 
2750600000 8.251900e+03 
2752750000 8.274300e+03 
2754900000 8.246875e+03 
2757050000 8.261650e+03 
2759200000 8.264625e+03 
2.761350e+09 8.258475e+03 
2763500000 8.243100e+03 
2765650000 8.262950e+03 
2767800000 8.282750e+03 
2.769950e+09 8.257500e+03 
2772100000 8.271575e+03 
2774250000 8.260725e+03 
2.776400e+09 8.270675e+03 
2778550000 8.294525e+03 
2780700000 8.263800e+03 
2782850000 8.285275e+03 
2785000000 8.264325e+03 
2787150000 8.281050e+03 
2789300000 8.270750e+03 
2791450000 8.257500e+03 
2793600000 8.281100e+03 
2795750000 8.287050e+03 
2797900000 8.268050e+03 
2.800050e+09 8.279975e+03 
2802200000 8.275350e+03 
2804350000 8.265050e+03 
2806500000 8.263600e+03 
2808650000 8.268250e+03 
2810800000 8.285775e+03 
2812950000 8.269650e+03 
2815100000 8.228725e+03 
2817250000 8.275275e+03 
2819400000 8.283200e+03 
2821550000 8284 
2823700000 8.282650e+03 
2825850000 8.260925e+03 
2828000000 8.282075e+03 
2.830150e+09 8.269800e+03 
2832300000 8.267300e+03 
2834450000 8.263275e+03 
2836600000 8.274400e+03 
2838750000 8.279950e+03 
2840900000 8.255850e+03 
2843050000 8.269875e+03 
2845200000 8.261650e+03 
2847350000 8.263800e+03 
2849500000 8.248800e+03 
2851650000 8.281850e+03 
2853800000 8.288850e+03 
2855950000 8.278725e+03 
2858100000 8.274450e+03 
2.860250e+09 8.250825e+03 
2862400000 8.276550e+03 
2864550000 8.282500e+03 
2866700000 8.277925e+03 
2868850000 8.260525e+03 
2871000000 8.260775e+03 
2873150000 8.280950e+03 
2875300000 8.278775e+03 
2877450000 8.254150e+03 
2879600000 8.270275e+03 
2881750000 8.280325e+03 
2883900000 8.273300e+03 
2886050000 8.293125e+03 
2888200000 8.271075e+03 
2.890350e+09 8.270025e+03 
2892500000 8.258325e+03 
2894650000 8.259750e+03 
2896800000 8.292475e+03 
2898950000 8.244325e+03 
2901100000 8.271375e+03 
2903250000 8.258725e+03 
2905400000 8.284750e+03 
2907550000 8.289275e+03 
2909700000 8.291600e+03 
2911850000 8.287200e+03 
2914000000 8.270125e+03 
2916150000 8267 
2918300000 8.272050e+03 
2920450000 8.275675e+03 
2922600000 8.292275e+03 
2924750000 8.268900e+03 
2926900000 8.279475e+03 
2929050000 8.272175e+03 
2931200000 8.275775e+03 
2933350000 8.294925e+03 
2935500000 8.286975e+03 
2937650000 8.282950e+03 
2939800000 8.277600e+03 
2941950000 8.279100e+03 
2.944100e+09 8.285050e+03 
2946250000 8.272550e+03 
2948400000 8.281575e+03 
2950550000 8.276950e+03 
2952700000 8.269450e+03 
2954850000 8.281625e+03 
2957000000 8.265400e+03 
2959150000 8.274100e+03 
2961300000 8.260375e+03 
2963450000 8.258450e+03 
2965600000 8293 
2967750000 8.263250e+03 
2969900000 8.256525e+03 
2972050000 8.304100e+03 
2974200000 8.298625e+03 
2976350000 8.286500e+03 
2978500000 8.283850e+03 
2980650000 8286 
2982800000 8.276250e+03 
2984950000 8.276075e+03 
2987100000 8.297725e+03 
2989250000 8.300700e+03 
2991400000 8.283025e+03 
2993550000 8.256050e+03 
2995700000 8.293950e+03 
2997850000 8.263175e+03 
3000000000 8.288200e+03 

END
