IGOR
WAVES/D/O sweep,sig(1) 
BEGIN
2570000000 8.401525e+03 
2.572150e+09 8.395750e+03 
2574300000 8.394875e+03 
2576450000 8.399725e+03 
2578600000 8.409625e+03 
2.580750e+09 8.405850e+03 
2582900000 8.411450e+03 
2585050000 8.413375e+03 
2.587200e+09 8.400575e+03 
2589350000 8.413925e+03 
2591500000 8.408775e+03 
2593650000 8.417050e+03 
2.595800e+09 8.412600e+03 
2597950000 8.405850e+03 
2600100000 8.407400e+03 
2.602250e+09 8.414400e+03 
2604400000 8.409425e+03 
2606550000 8.400825e+03 
2608700000 8.405425e+03 
2.610850e+09 8.391550e+03 
2613000000 8.409500e+03 
2615150000 8.401175e+03 
2.617300e+09 8.396850e+03 
2619450000 8.399775e+03 
2621600000 8.375325e+03 
2623750000 8.395825e+03 
2.625900e+09 8.385750e+03 
2628050000 8.364125e+03 
2630200000 8.353500e+03 
2.632350e+09 8.371850e+03 
2634500000 8.357950e+03 
2636650000 8.374175e+03 
2638800000 8.376050e+03 
2.640950e+09 8.362525e+03 
2643100000 8.374175e+03 
2645250000 8.379075e+03 
2.647400e+09 8.408775e+03 
2649550000 8.413900e+03 
2651700000 8.400775e+03 
2653850000 8.402425e+03 
2.656000e+09 8.388325e+03 
2658150000 8.389925e+03 
2660300000 8.376850e+03 
2.662450e+09 8.372675e+03 
2664600000 8.379200e+03 
2666750000 8.336675e+03 
2668900000 8.323550e+03 
2.671050e+09 8.318425e+03 
2673200000 8.350775e+03 
2675350000 8.344075e+03 
2677500000 8.354200e+03 
2679650000 8.381075e+03 
2681800000 8.392300e+03 
2683950000 8.402550e+03 
2.686100e+09 8.408900e+03 
2688250000 8.379050e+03 
2690400000 8.383350e+03 
2692550000 8.387200e+03 
2694700000 8.376600e+03 
2696850000 8.374200e+03 
2699000000 8.329825e+03 
2.701150e+09 8.334075e+03 
2703300000 8.321750e+03 
2705450000 8.297525e+03 
2707600000 8.345675e+03 
2.709750e+09 8.332125e+03 
2711900000 8.342200e+03 
2714050000 8.394375e+03 
2.716200e+09 8.378150e+03 
2718350000 8.386625e+03 
2720500000 8.389950e+03 
2722650000 8.408350e+03 
2724800000 8.413525e+03 
2726950000 8.404525e+03 
2729100000 8.403925e+03 
2.731250e+09 8.386600e+03 
2733400000 8.380075e+03 
2735550000 8.356650e+03 
2737700000 8.373100e+03 
2.739850e+09 8.366800e+03 
2742000000 8.374100e+03 
2744150000 8.388450e+03 
2.746300e+09 8.376525e+03 
2748450000 8.393900e+03 
2750600000 8.401925e+03 
2752750000 8.389625e+03 
2754900000 8.380550e+03 
2757050000 8.394725e+03 
2759200000 8.406625e+03 
2.761350e+09 8.392050e+03 
2763500000 8395 
2765650000 8.382675e+03 
2767800000 8.414600e+03 
2.769950e+09 8.400300e+03 
2772100000 8.382825e+03 
2774250000 8.396150e+03 
2.776400e+09 8.388200e+03 
2778550000 8.406650e+03 
2780700000 8.377500e+03 
2782850000 8.390825e+03 
2785000000 8387 
2787150000 8.419875e+03 
2789300000 8.423275e+03 
2791450000 8.395750e+03 
2793600000 8.400375e+03 
2795750000 8.402225e+03 
2797900000 8.385150e+03 
2.800050e+09 8.403925e+03 
2802200000 8.379425e+03 
2804350000 8.406350e+03 
2806500000 8.391900e+03 
2808650000 8.384425e+03 
2810800000 8.395650e+03 
2812950000 8.404250e+03 
2815100000 8.389675e+03 
2817250000 8.402375e+03 
2819400000 8381 
2821550000 8.387850e+03 
2823700000 8.394575e+03 
2825850000 8.374400e+03 
2828000000 8.392600e+03 
2.830150e+09 8.393750e+03 
2832300000 8.388350e+03 
2834450000 8.413225e+03 
2836600000 8.395775e+03 
2838750000 8.395025e+03 
2840900000 8.401525e+03 
2843050000 8.406950e+03 
2845200000 8.392050e+03 
2847350000 8.395550e+03 
2849500000 8.382150e+03 
2851650000 8.382800e+03 
2853800000 8.398825e+03 
2855950000 8.411125e+03 
2858100000 8.361025e+03 
2.860250e+09 8.374200e+03 
2862400000 8.379200e+03 
2864550000 8.359650e+03 
2866700000 8.389625e+03 
2868850000 8.377125e+03 
2871000000 8378 
2873150000 8.374225e+03 
2875300000 8.398625e+03 
2877450000 8.391275e+03 
2879600000 8.358750e+03 
2881750000 8.395575e+03 
2883900000 8.381925e+03 
2886050000 8.390125e+03 
2888200000 8.379250e+03 
2.890350e+09 8.372225e+03 
2892500000 8.373825e+03 
2894650000 8.358050e+03 
2896800000 8.395825e+03 
2898950000 8.383925e+03 
2901100000 8.376625e+03 
2903250000 8.384300e+03 
2905400000 8.379925e+03 
2907550000 8.377400e+03 
2909700000 8.361700e+03 
2911850000 8.395800e+03 
2914000000 8369 
2916150000 8.372450e+03 
2918300000 8.375625e+03 
2920450000 8.374025e+03 
2922600000 8.393250e+03 
2924750000 8.371550e+03 
2926900000 8.376225e+03 
2929050000 8.373525e+03 
2931200000 8.391225e+03 
2933350000 8.391750e+03 
2935500000 8.370275e+03 
2937650000 8.374825e+03 
2939800000 8.391725e+03 
2941950000 8.372950e+03 
2.944100e+09 8.385600e+03 
2946250000 8369 
2948400000 8.382225e+03 
2950550000 8.384275e+03 
2952700000 8.379650e+03 
2954850000 8.392425e+03 
2957000000 8.385900e+03 
2959150000 8.387875e+03 
2961300000 8.383025e+03 
2963450000 8.370375e+03 
2965600000 8368 
2967750000 8.372700e+03 
2969900000 8.381900e+03 
2972050000 8.370800e+03 
2974200000 8.368750e+03 
2976350000 8.369775e+03 
2978500000 8.374375e+03 
2980650000 8.378225e+03 
2982800000 8.362850e+03 
2984950000 8.365925e+03 
2987100000 8.398925e+03 
2989250000 8.358325e+03 
2991400000 8.366725e+03 
2993550000 8.361850e+03 
2995700000 8.378925e+03 
2997850000 8.365100e+03 
3000000000 8.369550e+03 

END
