IGOR
WAVES/D/O sweep,sig(1) 
BEGIN
2570000000 8.207275e+03 
2.572150e+09 8.198275e+03 
2574300000 8.195825e+03 
2576450000 8.169425e+03 
2578600000 8.202800e+03 
2.580750e+09 8.198200e+03 
2582900000 8.194325e+03 
2585050000 8.194900e+03 
2.587200e+09 8.197625e+03 
2589350000 8.222200e+03 
2591500000 8.201350e+03 
2593650000 8195 
2.595800e+09 8.224225e+03 
2597950000 8.188925e+03 
2600100000 8.191475e+03 
2.602250e+09 8.194250e+03 
2604400000 8.188225e+03 
2606550000 8.194950e+03 
2608700000 8.175725e+03 
2.610850e+09 8.216625e+03 
2613000000 8.174625e+03 
2615150000 8.197775e+03 
2.617300e+09 8.187200e+03 
2619450000 8.207875e+03 
2621600000 8172 
2623750000 8.175050e+03 
2.625900e+09 8.186725e+03 
2628050000 8.172225e+03 
2630200000 8.150250e+03 
2.632350e+09 8.144225e+03 
2634500000 8.160025e+03 
2636650000 8.167525e+03 
2638800000 8.171700e+03 
2.640950e+09 8.202500e+03 
2643100000 8.208275e+03 
2645250000 8.173175e+03 
2.647400e+09 8.203050e+03 
2649550000 8.198975e+03 
2651700000 8.205100e+03 
2653850000 8.202300e+03 
2.656000e+09 8.205250e+03 
2658150000 8.177375e+03 
2660300000 8.182550e+03 
2.662450e+09 8.183075e+03 
2664600000 8.165250e+03 
2666750000 8121 
2668900000 8.127275e+03 
2.671050e+09 8.143800e+03 
2673200000 8.138800e+03 
2675350000 8.148200e+03 
2677500000 8.167625e+03 
2679650000 8.176350e+03 
2681800000 8.186850e+03 
2683950000 8.191825e+03 
2.686100e+09 8.219125e+03 
2688250000 8.198300e+03 
2690400000 8.213850e+03 
2692550000 8.193525e+03 
2694700000 8.202500e+03 
2696850000 8.201450e+03 
2699000000 8163 
2.701150e+09 8.141450e+03 
2703300000 8.160175e+03 
2705450000 8.123775e+03 
2707600000 8.127400e+03 
2.709750e+09 8.162525e+03 
2711900000 8.163925e+03 
2714050000 8.178625e+03 
2.716200e+09 8.190900e+03 
2718350000 8.183850e+03 
2720500000 8.200650e+03 
2722650000 8.198300e+03 
2724800000 8.226325e+03 
2726950000 8.200675e+03 
2729100000 8.215700e+03 
2.731250e+09 8.186675e+03 
2733400000 8.180325e+03 
2735550000 8.184975e+03 
2737700000 8158 
2.739850e+09 8.175925e+03 
2742000000 8.179650e+03 
2744150000 8.167200e+03 
2.746300e+09 8.182275e+03 
2748450000 8.178200e+03 
2750600000 8.201350e+03 
2752750000 8.193600e+03 
2754900000 8.203500e+03 
2757050000 8.223200e+03 
2759200000 8.178975e+03 
2.761350e+09 8.218125e+03 
2763500000 8.204075e+03 
2765650000 8.225725e+03 
2767800000 8.223500e+03 
2.769950e+09 8.215225e+03 
2772100000 8.205950e+03 
2774250000 8.229800e+03 
2.776400e+09 8.195550e+03 
2778550000 8.219300e+03 
2780700000 8.205175e+03 
2782850000 8.199450e+03 
2785000000 8.205800e+03 
2787150000 8.218375e+03 
2789300000 8.225225e+03 
2791450000 8.208675e+03 
2793600000 8.212275e+03 
2795750000 8.220350e+03 
2797900000 8.211900e+03 
2.800050e+09 8.217975e+03 
2802200000 8.222025e+03 
2804350000 8.211250e+03 
2806500000 8.216100e+03 
2808650000 8.207050e+03 
2810800000 8.220875e+03 
2812950000 8.194025e+03 
2815100000 8.201625e+03 
2817250000 8.198375e+03 
2819400000 8.220375e+03 
2821550000 8.227525e+03 
2823700000 8.192400e+03 
2825850000 8.220350e+03 
2828000000 8.212625e+03 
2.830150e+09 8.203075e+03 
2832300000 8.197725e+03 
2834450000 8.210125e+03 
2836600000 8.200500e+03 
2838750000 8.201775e+03 
2840900000 8.197175e+03 
2843050000 8.190925e+03 
2845200000 8.194175e+03 
2847350000 8.206950e+03 
2849500000 8.200025e+03 
2851650000 8.216750e+03 
2853800000 8.208400e+03 
2855950000 8.191200e+03 
2858100000 8.216550e+03 
2.860250e+09 8.210525e+03 
2862400000 8.209150e+03 
2864550000 8.205750e+03 
2866700000 8.216075e+03 
2868850000 8.208375e+03 
2871000000 8.227075e+03 
2873150000 8.238250e+03 
2875300000 8.238375e+03 
2877450000 8.214775e+03 
2879600000 8.214225e+03 
2881750000 8.231725e+03 
2883900000 8.200475e+03 
2886050000 8.206150e+03 
2888200000 8.222325e+03 
2.890350e+09 8.209700e+03 
2892500000 8.218550e+03 
2894650000 8.212850e+03 
2896800000 8.216350e+03 
2898950000 8.223125e+03 
2901100000 8.193375e+03 
2903250000 8.217400e+03 
2905400000 8.209600e+03 
2907550000 8220 
2909700000 8.230400e+03 
2911850000 8.196825e+03 
2914000000 8.189625e+03 
2916150000 8.209050e+03 
2918300000 8.205050e+03 
2920450000 8.213075e+03 
2922600000 8.212650e+03 
2924750000 8.199750e+03 
2926900000 8.186925e+03 
2929050000 8.214825e+03 
2931200000 8.204150e+03 
2933350000 8.188825e+03 
2935500000 8.196625e+03 
2937650000 8.177250e+03 
2939800000 8.182775e+03 
2941950000 8.218575e+03 
2.944100e+09 8.179050e+03 
2946250000 8.202125e+03 
2948400000 8.197775e+03 
2950550000 8.195450e+03 
2952700000 8.205750e+03 
2954850000 8.210750e+03 
2957000000 8.197650e+03 
2959150000 8.203025e+03 
2961300000 8.200750e+03 
2963450000 8.195825e+03 
2965600000 8.203650e+03 
2967750000 8.214275e+03 
2969900000 8.209875e+03 
2972050000 8.205875e+03 
2974200000 8.226325e+03 
2976350000 8.202150e+03 
2978500000 8.200625e+03 
2980650000 8.198175e+03 
2982800000 8.211500e+03 
2984950000 8.202725e+03 
2987100000 8.201125e+03 
2989250000 8.213125e+03 
2991400000 8.204725e+03 
2993550000 8.178650e+03 
2995700000 8.184025e+03 
2997850000 8.224225e+03 
3000000000 8.205775e+03 

END
