IGOR
WAVES/D/O sweep,sig(1) 
BEGIN
2570000000 8.190225e+03 
2.572150e+09 8.200875e+03 
2574300000 8.190725e+03 
2576450000 8.187500e+03 
2578600000 8.202825e+03 
2.580750e+09 8.188175e+03 
2582900000 8.203725e+03 
2585050000 8.183350e+03 
2.587200e+09 8.190150e+03 
2589350000 8.177275e+03 
2591500000 8.217500e+03 
2593650000 8.184575e+03 
2.595800e+09 8.199825e+03 
2597950000 8.199850e+03 
2600100000 8.192975e+03 
2.602250e+09 8.179525e+03 
2604400000 8.195525e+03 
2606550000 8.177725e+03 
2608700000 8.174975e+03 
2.610850e+09 8.198675e+03 
2613000000 8.190275e+03 
2615150000 8.196375e+03 
2.617300e+09 8.190825e+03 
2619450000 8.181600e+03 
2621600000 8.188250e+03 
2623750000 8.155500e+03 
2.625900e+09 8.160975e+03 
2628050000 8.134675e+03 
2630200000 8.165075e+03 
2.632350e+09 8.158800e+03 
2634500000 8.157750e+03 
2636650000 8.165950e+03 
2638800000 8.164200e+03 
2.640950e+09 8.177075e+03 
2643100000 8175 
2645250000 8.174575e+03 
2.647400e+09 8.199325e+03 
2649550000 8.187525e+03 
2651700000 8.180175e+03 
2653850000 8.187700e+03 
2.656000e+09 8.171875e+03 
2658150000 8.192725e+03 
2660300000 8.157300e+03 
2.662450e+09 8.148325e+03 
2664600000 8.161825e+03 
2666750000 8.151900e+03 
2668900000 8.124750e+03 
2.671050e+09 8.107025e+03 
2673200000 8.117625e+03 
2675350000 8.144225e+03 
2677500000 8.163900e+03 
2679650000 8.177750e+03 
2681800000 8.145075e+03 
2683950000 8.193500e+03 
2.686100e+09 8.197525e+03 
2688250000 8.185625e+03 
2690400000 8.192300e+03 
2692550000 8.182775e+03 
2694700000 8.172950e+03 
2696850000 8.169650e+03 
2699000000 8.151300e+03 
2.701150e+09 8.143250e+03 
2703300000 8.122150e+03 
2705450000 8.123525e+03 
2707600000 8.122675e+03 
2.709750e+09 8.141225e+03 
2711900000 8.130375e+03 
2714050000 8.170575e+03 
2.716200e+09 8.191975e+03 
2718350000 8.193225e+03 
2720500000 8.171325e+03 
2722650000 8.190325e+03 
2724800000 8.198700e+03 
2726950000 8.203450e+03 
2729100000 8.187025e+03 
2.731250e+09 8.208350e+03 
2733400000 8.173200e+03 
2735550000 8.194750e+03 
2737700000 8.173625e+03 
2.739850e+09 8.164775e+03 
2742000000 8.177425e+03 
2744150000 8.177275e+03 
2.746300e+09 8.154800e+03 
2748450000 8.172825e+03 
2750600000 8.211650e+03 
2752750000 8.191150e+03 
2754900000 8.199300e+03 
2757050000 8.200200e+03 
2759200000 8.217425e+03 
2.761350e+09 8.200075e+03 
2763500000 8.199100e+03 
2765650000 8.212150e+03 
2767800000 8.207650e+03 
2.769950e+09 8.188625e+03 
2772100000 8.186800e+03 
2774250000 8.198775e+03 
2.776400e+09 8.205450e+03 
2778550000 8.194525e+03 
2780700000 8.220950e+03 
2782850000 8.222775e+03 
2785000000 8.212950e+03 
2787150000 8.191475e+03 
2789300000 8.182025e+03 
2791450000 8.197875e+03 
2793600000 8.200975e+03 
2795750000 8.183750e+03 
2797900000 8.201550e+03 
2.800050e+09 8.197600e+03 
2802200000 8.199125e+03 
2804350000 8.198425e+03 
2806500000 8.210300e+03 
2808650000 8.187450e+03 
2810800000 8.201800e+03 
2812950000 8.215500e+03 
2815100000 8.198750e+03 
2817250000 8.195150e+03 
2819400000 8.189025e+03 
2821550000 8.212575e+03 
2823700000 8.213625e+03 
2825850000 8.217750e+03 
2828000000 8.180375e+03 
2.830150e+09 8.186500e+03 
2832300000 8.206575e+03 
2834450000 8.198575e+03 
2836600000 8.187725e+03 
2838750000 8.173100e+03 
2840900000 8.189900e+03 
2843050000 8.212900e+03 
2845200000 8.205600e+03 
2847350000 8.195875e+03 
2849500000 8.190125e+03 
2851650000 8.199575e+03 
2853800000 8.196675e+03 
2855950000 8.211625e+03 
2858100000 8.205850e+03 
2.860250e+09 8.192125e+03 
2862400000 8.199875e+03 
2864550000 8.180825e+03 
2866700000 8.190800e+03 
2868850000 8.200975e+03 
2871000000 8.186550e+03 
2873150000 8.207075e+03 
2875300000 8.188450e+03 
2877450000 8.216200e+03 
2879600000 8.189825e+03 
2881750000 8.215725e+03 
2883900000 8.188475e+03 
2886050000 8.206100e+03 
2888200000 8.214275e+03 
2.890350e+09 8.223525e+03 
2892500000 8.192375e+03 
2894650000 8.180600e+03 
2896800000 8.200450e+03 
2898950000 8.188925e+03 
2901100000 8.183100e+03 
2903250000 8.193250e+03 
2905400000 8.187050e+03 
2907550000 8.194125e+03 
2909700000 8.207025e+03 
2911850000 8.222650e+03 
2914000000 8.199200e+03 
2916150000 8190 
2918300000 8.203425e+03 
2920450000 8.200600e+03 
2922600000 8.188525e+03 
2924750000 8.170450e+03 
2926900000 8.220225e+03 
2929050000 8.197175e+03 
2931200000 8.200875e+03 
2933350000 8.181500e+03 
2935500000 8199 
2937650000 8.192625e+03 
2939800000 8.195750e+03 
2941950000 8.167650e+03 
2.944100e+09 8.204100e+03 
2946250000 8.184200e+03 
2948400000 8.212975e+03 
2950550000 8.194875e+03 
2952700000 8.183850e+03 
2954850000 8.178275e+03 
2957000000 8.195325e+03 
2959150000 8.196925e+03 
2961300000 8.190300e+03 
2963450000 8.193825e+03 
2965600000 8.198150e+03 
2967750000 8.185750e+03 
2969900000 8.192900e+03 
2972050000 8.190750e+03 
2974200000 8.208400e+03 
2976350000 8.184525e+03 
2978500000 8.214650e+03 
2980650000 8.191900e+03 
2982800000 8193 
2984950000 8.198800e+03 
2987100000 8.215975e+03 
2989250000 8.196525e+03 
2991400000 8.185975e+03 
2993550000 8.194225e+03 
2995700000 8193 
2997850000 8.211375e+03 
3000000000 8.185550e+03 

END
