IGOR
WAVES/D/O sweep,sig(1) 
BEGIN
2570000000 8.308950e+03 
2.572150e+09 8.298750e+03 
2574300000 8.321025e+03 
2576450000 8.301800e+03 
2578600000 8.303750e+03 
2.580750e+09 8.320350e+03 
2582900000 8.312525e+03 
2585050000 8.332900e+03 
2.587200e+09 8.302450e+03 
2589350000 8.337400e+03 
2591500000 8.308050e+03 
2593650000 8.315600e+03 
2.595800e+09 8.304225e+03 
2597950000 8.307375e+03 
2600100000 8.311725e+03 
2.602250e+09 8.316175e+03 
2604400000 8.300675e+03 
2606550000 8.308925e+03 
2608700000 8.314950e+03 
2.610850e+09 8.312950e+03 
2613000000 8.315100e+03 
2615150000 8.306725e+03 
2.617300e+09 8.298875e+03 
2619450000 8.319750e+03 
2621600000 8.291650e+03 
2623750000 8.287400e+03 
2.625900e+09 8.288325e+03 
2628050000 8.267975e+03 
2630200000 8.271025e+03 
2.632350e+09 8.243800e+03 
2634500000 8.270800e+03 
2636650000 8.280325e+03 
2638800000 8.268675e+03 
2.640950e+09 8.281125e+03 
2643100000 8.307625e+03 
2645250000 8.293775e+03 
2.647400e+09 8.307925e+03 
2649550000 8.312350e+03 
2651700000 8.319400e+03 
2653850000 8.306500e+03 
2.656000e+09 8.305350e+03 
2658150000 8.274050e+03 
2660300000 8.282675e+03 
2.662450e+09 8.263475e+03 
2664600000 8.240150e+03 
2666750000 8.249500e+03 
2668900000 8.252925e+03 
2.671050e+09 8.237450e+03 
2673200000 8.230325e+03 
2675350000 8.251600e+03 
2677500000 8.266400e+03 
2679650000 8.290900e+03 
2681800000 8.321950e+03 
2683950000 8.296500e+03 
2.686100e+09 8.327175e+03 
2688250000 8.311675e+03 
2690400000 8.300975e+03 
2692550000 8.289400e+03 
2694700000 8.281450e+03 
2696850000 8.291150e+03 
2699000000 8.263400e+03 
2.701150e+09 8.236100e+03 
2703300000 8.251500e+03 
2705450000 8.243250e+03 
2707600000 8.250425e+03 
2.709750e+09 8.257450e+03 
2711900000 8.245400e+03 
2714050000 8281 
2.716200e+09 8.274550e+03 
2718350000 8.309325e+03 
2720500000 8.300050e+03 
2722650000 8.290625e+03 
2724800000 8.292325e+03 
2726950000 8.280350e+03 
2729100000 8.277575e+03 
2.731250e+09 8.278250e+03 
2733400000 8.286925e+03 
2735550000 8.260450e+03 
2737700000 8.276425e+03 
2.739850e+09 8.273775e+03 
2742000000 8.285525e+03 
2744150000 8.276975e+03 
2.746300e+09 8.275700e+03 
2748450000 8.285550e+03 
2750600000 8.275675e+03 
2752750000 8.298275e+03 
2754900000 8.291450e+03 
2757050000 8.331225e+03 
2759200000 8.310050e+03 
2.761350e+09 8.314975e+03 
2763500000 8.311525e+03 
2765650000 8.314575e+03 
2767800000 8.316050e+03 
2.769950e+09 8.321375e+03 
2772100000 8.316950e+03 
2774250000 8.289600e+03 
2.776400e+09 8.297900e+03 
2778550000 8.316575e+03 
2780700000 8.283200e+03 
2782850000 8.310600e+03 
2785000000 8.284575e+03 
2787150000 8.298200e+03 
2789300000 8.304500e+03 
2791450000 8.306575e+03 
2793600000 8.300900e+03 
2795750000 8.310700e+03 
2797900000 8.308800e+03 
2.800050e+09 8.290300e+03 
2802200000 8.325725e+03 
2804350000 8.304875e+03 
2806500000 8.306800e+03 
2808650000 8.336600e+03 
2810800000 8.318025e+03 
2812950000 8.295600e+03 
2815100000 8.306900e+03 
2817250000 8304 
2819400000 8.309850e+03 
2821550000 8.299750e+03 
2823700000 8.309925e+03 
2825850000 8.306025e+03 
2828000000 8.301575e+03 
2.830150e+09 8.312900e+03 
2832300000 8.326950e+03 
2834450000 8.304350e+03 
2836600000 8.293900e+03 
2838750000 8.301400e+03 
2840900000 8.308350e+03 
2843050000 8.308175e+03 
2845200000 8.302675e+03 
2847350000 8.331725e+03 
2849500000 8.311875e+03 
2851650000 8.285800e+03 
2853800000 8.308375e+03 
2855950000 8.304225e+03 
2858100000 8.303400e+03 
2.860250e+09 8.317650e+03 
2862400000 8.313100e+03 
2864550000 8.307875e+03 
2866700000 8.308850e+03 
2868850000 8.310300e+03 
2871000000 8.310375e+03 
2873150000 8.313350e+03 
2875300000 8.297225e+03 
2877450000 8.313800e+03 
2879600000 8.316950e+03 
2881750000 8.320250e+03 
2883900000 8.306075e+03 
2886050000 8.301725e+03 
2888200000 8.298850e+03 
2.890350e+09 8.295825e+03 
2892500000 8.293225e+03 
2894650000 8.280150e+03 
2896800000 8.306525e+03 
2898950000 8.295650e+03 
2901100000 8.293950e+03 
2903250000 8.319825e+03 
2905400000 8.294425e+03 
2907550000 8.300225e+03 
2909700000 8.294650e+03 
2911850000 8.298650e+03 
2914000000 8.293425e+03 
2916150000 8.303325e+03 
2918300000 8.292600e+03 
2920450000 8.295125e+03 
2922600000 8.286925e+03 
2924750000 8.297100e+03 
2926900000 8.302325e+03 
2929050000 8.301025e+03 
2931200000 8.293725e+03 
2933350000 8.297900e+03 
2935500000 8.304325e+03 
2937650000 8.302900e+03 
2939800000 8.315025e+03 
2941950000 8.319450e+03 
2.944100e+09 8.324775e+03 
2946250000 8.283050e+03 
2948400000 8.299200e+03 
2950550000 8.305350e+03 
2952700000 8.294400e+03 
2954850000 8.309300e+03 
2957000000 8.305950e+03 
2959150000 8.294475e+03 
2961300000 8.300125e+03 
2963450000 8.319225e+03 
2965600000 8.304950e+03 
2967750000 8.304475e+03 
2969900000 8.310550e+03 
2972050000 8.324900e+03 
2974200000 8.291775e+03 
2976350000 8.308350e+03 
2978500000 8.281900e+03 
2980650000 8.306875e+03 
2982800000 8.302800e+03 
2984950000 8.302325e+03 
2987100000 8.303625e+03 
2989250000 8.291325e+03 
2991400000 8304 
2993550000 8.299200e+03 
2995700000 8.279875e+03 
2997850000 8.328575e+03 
3000000000 8.288250e+03 

END
