IGOR
WAVES/D/O sweep,sig(1) 
BEGIN
2570000000 8.191650e+03 
2.572150e+09 8.162775e+03 
2574300000 8.142450e+03 
2576450000 8.170550e+03 
2578600000 8.190925e+03 
2.580750e+09 8.166900e+03 
2582900000 8.168550e+03 
2585050000 8.179575e+03 
2.587200e+09 8.148175e+03 
2589350000 8162 
2591500000 8.155050e+03 
2593650000 8.169625e+03 
2.595800e+09 8.199425e+03 
2597950000 8.174725e+03 
2600100000 8.161475e+03 
2.602250e+09 8.189575e+03 
2604400000 8.174025e+03 
2606550000 8.157975e+03 
2608700000 8.172125e+03 
2.610850e+09 8.195800e+03 
2613000000 8.195350e+03 
2615150000 8.175100e+03 
2.617300e+09 8.176675e+03 
2619450000 8.164200e+03 
2621600000 8.172475e+03 
2623750000 8.154250e+03 
2.625900e+09 8.150850e+03 
2628050000 8.170400e+03 
2630200000 8.139875e+03 
2.632350e+09 8.144250e+03 
2634500000 8.142850e+03 
2636650000 8.164400e+03 
2638800000 8.160800e+03 
2.640950e+09 8.153175e+03 
2643100000 8.169175e+03 
2645250000 8.169900e+03 
2.647400e+09 8.167325e+03 
2649550000 8.175025e+03 
2651700000 8.167050e+03 
2653850000 8.174925e+03 
2.656000e+09 8150 
2658150000 8.145100e+03 
2660300000 8.137625e+03 
2.662450e+09 8.134600e+03 
2664600000 8.104550e+03 
2666750000 8.140925e+03 
2668900000 8.134750e+03 
2.671050e+09 8.113275e+03 
2673200000 8.111250e+03 
2675350000 8.147350e+03 
2677500000 8.141375e+03 
2679650000 8.160325e+03 
2681800000 8.168250e+03 
2683950000 8.192350e+03 
2.686100e+09 8.171225e+03 
2688250000 8.180275e+03 
2690400000 8.182800e+03 
2692550000 8.201625e+03 
2694700000 8.168225e+03 
2696850000 8.157675e+03 
2699000000 8.144275e+03 
2.701150e+09 8.124100e+03 
2703300000 8.101125e+03 
2705450000 8.087825e+03 
2707600000 8107 
2.709750e+09 8.119250e+03 
2711900000 8.143650e+03 
2714050000 8.131400e+03 
2.716200e+09 8.153850e+03 
2718350000 8.176800e+03 
2720500000 8.168725e+03 
2722650000 8.167350e+03 
2724800000 8.155850e+03 
2726950000 8.193200e+03 
2729100000 8.173400e+03 
2.731250e+09 8.160500e+03 
2733400000 8.149500e+03 
2735550000 8.146450e+03 
2737700000 8.154100e+03 
2.739850e+09 8.158675e+03 
2742000000 8.131675e+03 
2744150000 8.174025e+03 
2.746300e+09 8.146025e+03 
2748450000 8.146775e+03 
2750600000 8.151450e+03 
2752750000 8.183850e+03 
2754900000 8.154100e+03 
2757050000 8.177075e+03 
2759200000 8.156450e+03 
2.761350e+09 8.166950e+03 
2763500000 8.157750e+03 
2765650000 8.184675e+03 
2767800000 8.180675e+03 
2.769950e+09 8.180150e+03 
2772100000 8.197475e+03 
2774250000 8.189675e+03 
2.776400e+09 8.184650e+03 
2778550000 8.182350e+03 
2780700000 8.165900e+03 
2782850000 8.163525e+03 
2785000000 8.190050e+03 
2787150000 8.148550e+03 
2789300000 8.205900e+03 
2791450000 8.164550e+03 
2793600000 8.166125e+03 
2795750000 8.191850e+03 
2797900000 8.179850e+03 
2.800050e+09 8.167875e+03 
2802200000 8.170075e+03 
2804350000 8.184250e+03 
2806500000 8.175225e+03 
2808650000 8.188975e+03 
2810800000 8.192325e+03 
2812950000 8.177375e+03 
2815100000 8.202625e+03 
2817250000 8.196800e+03 
2819400000 8.175325e+03 
2821550000 8.198400e+03 
2823700000 8.156575e+03 
2825850000 8162 
2828000000 8.172075e+03 
2.830150e+09 8.164175e+03 
2832300000 8.179625e+03 
2834450000 8.159600e+03 
2836600000 8.147050e+03 
2838750000 8.186150e+03 
2840900000 8.174800e+03 
2843050000 8.181975e+03 
2845200000 8.168225e+03 
2847350000 8.164025e+03 
2849500000 8.176725e+03 
2851650000 8.172525e+03 
2853800000 8.160050e+03 
2855950000 8.164800e+03 
2858100000 8.191975e+03 
2.860250e+09 8.169225e+03 
2862400000 8.175075e+03 
2864550000 8.189950e+03 
2866700000 8.156800e+03 
2868850000 8.171975e+03 
2871000000 8.168450e+03 
2873150000 8.146725e+03 
2875300000 8.164225e+03 
2877450000 8.192825e+03 
2879600000 8.158400e+03 
2881750000 8.148325e+03 
2883900000 8.195150e+03 
2886050000 8.205425e+03 
2888200000 8.180625e+03 
2.890350e+09 8.203425e+03 
2892500000 8.196100e+03 
2894650000 8.195025e+03 
2896800000 8.152525e+03 
2898950000 8.186600e+03 
2901100000 8.197325e+03 
2903250000 8.169525e+03 
2905400000 8181 
2907550000 8.169100e+03 
2909700000 8.167725e+03 
2911850000 8.191775e+03 
2914000000 8.191175e+03 
2916150000 8.186200e+03 
2918300000 8.194325e+03 
2920450000 8.188575e+03 
2922600000 8.156675e+03 
2924750000 8.173250e+03 
2926900000 8.190925e+03 
2929050000 8.191725e+03 
2931200000 8.192375e+03 
2933350000 8.165450e+03 
2935500000 8.190275e+03 
2937650000 8.176750e+03 
2939800000 8.169300e+03 
2941950000 8.178025e+03 
2.944100e+09 8.165100e+03 
2946250000 8.184025e+03 
2948400000 8.171125e+03 
2950550000 8.156950e+03 
2952700000 8.192950e+03 
2954850000 8.195875e+03 
2957000000 8.166925e+03 
2959150000 8.179325e+03 
2961300000 8.171700e+03 
2963450000 8.151450e+03 
2965600000 8.174475e+03 
2967750000 8.191775e+03 
2969900000 8.182725e+03 
2972050000 8.164850e+03 
2974200000 8.196075e+03 
2976350000 8.238575e+03 
2978500000 8.178200e+03 
2980650000 8.212925e+03 
2982800000 8.198800e+03 
2984950000 8.197475e+03 
2987100000 8.214650e+03 
2989250000 8.201500e+03 
2991400000 8.184325e+03 
2993550000 8.212025e+03 
2995700000 8.204550e+03 
2997850000 8.156125e+03 
3000000000 8.185800e+03 

END
