IGOR
WAVES/D/O sweep,sig(1) 
BEGIN
2570000000 8.274475e+03 
2.572150e+09 8.270425e+03 
2574300000 8.288675e+03 
2576450000 8.271325e+03 
2578600000 8.258875e+03 
2.580750e+09 8.260150e+03 
2582900000 8.272650e+03 
2585050000 8.277650e+03 
2.587200e+09 8.277150e+03 
2589350000 8262 
2591500000 8.266725e+03 
2593650000 8.256400e+03 
2.595800e+09 8.295425e+03 
2597950000 8.267125e+03 
2600100000 8.285475e+03 
2.602250e+09 8.276200e+03 
2604400000 8.254450e+03 
2606550000 8.269975e+03 
2608700000 8.286050e+03 
2.610850e+09 8.272200e+03 
2613000000 8.262600e+03 
2615150000 8.258900e+03 
2.617300e+09 8.256900e+03 
2619450000 8.279275e+03 
2621600000 8.274225e+03 
2623750000 8.245800e+03 
2.625900e+09 8.250400e+03 
2628050000 8.213875e+03 
2630200000 8.223700e+03 
2.632350e+09 8.230175e+03 
2634500000 8.231075e+03 
2636650000 8.224825e+03 
2638800000 8.256075e+03 
2.640950e+09 8.263650e+03 
2643100000 8.274275e+03 
2645250000 8.266225e+03 
2.647400e+09 8.255700e+03 
2649550000 8.271825e+03 
2651700000 8.262950e+03 
2653850000 8.248375e+03 
2.656000e+09 8.266125e+03 
2658150000 8.258300e+03 
2660300000 8.237650e+03 
2.662450e+09 8.229825e+03 
2664600000 8.210450e+03 
2666750000 8.210475e+03 
2668900000 8.198475e+03 
2.671050e+09 8.206475e+03 
2673200000 8.194150e+03 
2675350000 8.203350e+03 
2677500000 8.224875e+03 
2679650000 8.246850e+03 
2681800000 8279 
2683950000 8.275200e+03 
2.686100e+09 8.279375e+03 
2688250000 8.255650e+03 
2690400000 8.271175e+03 
2692550000 8.265675e+03 
2694700000 8.242325e+03 
2696850000 8.234175e+03 
2699000000 8.250875e+03 
2.701150e+09 8.217725e+03 
2703300000 8.211625e+03 
2705450000 8.187625e+03 
2707600000 8.215725e+03 
2.709750e+09 8.201500e+03 
2711900000 8.197675e+03 
2714050000 8.233950e+03 
2.716200e+09 8.239425e+03 
2718350000 8253 
2720500000 8.275550e+03 
2722650000 8.269550e+03 
2724800000 8.248875e+03 
2726950000 8.276775e+03 
2729100000 8.268675e+03 
2.731250e+09 8.240850e+03 
2733400000 8.254125e+03 
2735550000 8.242050e+03 
2737700000 8.235350e+03 
2.739850e+09 8.242700e+03 
2742000000 8.210150e+03 
2744150000 8.233200e+03 
2.746300e+09 8.252025e+03 
2748450000 8.266725e+03 
2750600000 8.263825e+03 
2752750000 8.245050e+03 
2754900000 8.280725e+03 
2757050000 8.297950e+03 
2759200000 8.274500e+03 
2.761350e+09 8.266850e+03 
2763500000 8.268100e+03 
2765650000 8.261500e+03 
2767800000 8.260675e+03 
2.769950e+09 8.266475e+03 
2772100000 8.265075e+03 
2774250000 8.280525e+03 
2.776400e+09 8.278625e+03 
2778550000 8.257375e+03 
2780700000 8.280900e+03 
2782850000 8.265375e+03 
2785000000 8.272475e+03 
2787150000 8272 
2789300000 8.264675e+03 
2791450000 8.261950e+03 
2793600000 8.248150e+03 
2795750000 8.280875e+03 
2797900000 8.252625e+03 
2.800050e+09 8.241025e+03 
2802200000 8.275800e+03 
2804350000 8.259125e+03 
2806500000 8.250625e+03 
2808650000 8.282500e+03 
2810800000 8.257675e+03 
2812950000 8.236375e+03 
2815100000 8271 
2817250000 8.261200e+03 
2819400000 8.258950e+03 
2821550000 8.291675e+03 
2823700000 8.262225e+03 
2825850000 8.255050e+03 
2828000000 8.262825e+03 
2.830150e+09 8.262900e+03 
2832300000 8.274800e+03 
2834450000 8.273325e+03 
2836600000 8.253550e+03 
2838750000 8.260275e+03 
2840900000 8.262375e+03 
2843050000 8.257525e+03 
2845200000 8.275750e+03 
2847350000 8270 
2849500000 8.247300e+03 
2851650000 8.244200e+03 
2853800000 8.236225e+03 
2855950000 8.260800e+03 
2858100000 8.252650e+03 
2.860250e+09 8.257325e+03 
2862400000 8.264750e+03 
2864550000 8.256450e+03 
2866700000 8.240275e+03 
2868850000 8.254750e+03 
2871000000 8.259950e+03 
2873150000 8.267350e+03 
2875300000 8.263150e+03 
2877450000 8.274900e+03 
2879600000 8.257375e+03 
2881750000 8.258475e+03 
2883900000 8.268800e+03 
2886050000 8.271275e+03 
2888200000 8.255400e+03 
2.890350e+09 8.261325e+03 
2892500000 8.271450e+03 
2894650000 8.245475e+03 
2896800000 8.259900e+03 
2898950000 8.270025e+03 
2901100000 8.274175e+03 
2903250000 8.253875e+03 
2905400000 8.277475e+03 
2907550000 8.261750e+03 
2909700000 8.286450e+03 
2911850000 8.250600e+03 
2914000000 8.257350e+03 
2916150000 8.241275e+03 
2918300000 8.251350e+03 
2920450000 8.245900e+03 
2922600000 8.269250e+03 
2924750000 8.255175e+03 
2926900000 8.227225e+03 
2929050000 8.277775e+03 
2931200000 8.234725e+03 
2933350000 8.258950e+03 
2935500000 8.251450e+03 
2937650000 8.245150e+03 
2939800000 8.246325e+03 
2941950000 8.252150e+03 
2.944100e+09 8.249900e+03 
2946250000 8.261025e+03 
2948400000 8.257425e+03 
2950550000 8.250600e+03 
2952700000 8.242500e+03 
2954850000 8.248400e+03 
2957000000 8.273300e+03 
2959150000 8.261575e+03 
2961300000 8.270750e+03 
2963450000 8.270250e+03 
2965600000 8.253550e+03 
2967750000 8.258975e+03 
2969900000 8.232825e+03 
2972050000 8.240075e+03 
2974200000 8.256275e+03 
2976350000 8.247150e+03 
2978500000 8.265475e+03 
2980650000 8.252125e+03 
2982800000 8.263675e+03 
2984950000 8.240950e+03 
2987100000 8.248525e+03 
2989250000 8.247200e+03 
2991400000 8.228425e+03 
2993550000 8.255975e+03 
2995700000 8.244625e+03 
2997850000 8.264975e+03 
3000000000 8.236050e+03 

END
