IGOR
WAVES/D/O sweep,sig(1) 
BEGIN
2570000000 8.222250e+03 
2.572150e+09 8.219550e+03 
2574300000 8.224750e+03 
2576450000 8.213825e+03 
2578600000 8.219825e+03 
2.580750e+09 8.212775e+03 
2582900000 8.197700e+03 
2585050000 8.234075e+03 
2.587200e+09 8.226925e+03 
2589350000 8.230075e+03 
2591500000 8.235350e+03 
2593650000 8.229650e+03 
2.595800e+09 8.201025e+03 
2597950000 8.242475e+03 
2600100000 8.238625e+03 
2.602250e+09 8.226450e+03 
2604400000 8.255675e+03 
2606550000 8.243375e+03 
2608700000 8.222525e+03 
2.610850e+09 8.222675e+03 
2613000000 8.192425e+03 
2615150000 8.209700e+03 
2.617300e+09 8.218025e+03 
2619450000 8.223325e+03 
2621600000 8.198025e+03 
2623750000 8.201200e+03 
2.625900e+09 8.209700e+03 
2628050000 8.199750e+03 
2630200000 8.196050e+03 
2.632350e+09 8.192850e+03 
2634500000 8.193950e+03 
2636650000 8.184225e+03 
2638800000 8.203700e+03 
2.640950e+09 8.193250e+03 
2643100000 8.215350e+03 
2645250000 8.233800e+03 
2.647400e+09 8.209250e+03 
2649550000 8.210150e+03 
2651700000 8.242700e+03 
2653850000 8.237200e+03 
2.656000e+09 8.214625e+03 
2658150000 8.206150e+03 
2660300000 8.216550e+03 
2.662450e+09 8.194700e+03 
2664600000 8.165150e+03 
2666750000 8.157250e+03 
2668900000 8.163675e+03 
2.671050e+09 8.167625e+03 
2673200000 8.151200e+03 
2675350000 8.175175e+03 
2677500000 8.190175e+03 
2679650000 8.180425e+03 
2681800000 8.213225e+03 
2683950000 8.215425e+03 
2.686100e+09 8.221450e+03 
2688250000 8.214775e+03 
2690400000 8.224600e+03 
2692550000 8.195825e+03 
2694700000 8.225100e+03 
2696850000 8.194450e+03 
2699000000 8.201875e+03 
2.701150e+09 8.169675e+03 
2703300000 8.157750e+03 
2705450000 8.172700e+03 
2707600000 8.149025e+03 
2.709750e+09 8.182950e+03 
2711900000 8.180850e+03 
2714050000 8.201800e+03 
2.716200e+09 8.224500e+03 
2718350000 8.203650e+03 
2720500000 8.211900e+03 
2722650000 8.241875e+03 
2724800000 8.240225e+03 
2726950000 8.215725e+03 
2729100000 8.228375e+03 
2.731250e+09 8.209625e+03 
2733400000 8.234350e+03 
2735550000 8.198450e+03 
2737700000 8.209800e+03 
2.739850e+09 8.211975e+03 
2742000000 8.202250e+03 
2744150000 8.171050e+03 
2.746300e+09 8.183350e+03 
2748450000 8.207800e+03 
2750600000 8.225625e+03 
2752750000 8.197450e+03 
2754900000 8.230825e+03 
2757050000 8.198125e+03 
2759200000 8.226650e+03 
2.761350e+09 8.220075e+03 
2763500000 8.212775e+03 
2765650000 8.237850e+03 
2767800000 8.228750e+03 
2.769950e+09 8.228400e+03 
2772100000 8.216400e+03 
2774250000 8.233200e+03 
2.776400e+09 8.240475e+03 
2778550000 8.220400e+03 
2780700000 8.210375e+03 
2782850000 8.225275e+03 
2785000000 8.220500e+03 
2787150000 8.229825e+03 
2789300000 8.185175e+03 
2791450000 8.237325e+03 
2793600000 8.233200e+03 
2795750000 8.219625e+03 
2797900000 8.202375e+03 
2.800050e+09 8.220900e+03 
2802200000 8.212175e+03 
2804350000 8.214425e+03 
2806500000 8.211800e+03 
2808650000 8.220250e+03 
2810800000 8.234250e+03 
2812950000 8.219400e+03 
2815100000 8.227975e+03 
2817250000 8.216650e+03 
2819400000 8.226825e+03 
2821550000 8.248825e+03 
2823700000 8.254150e+03 
2825850000 8.212850e+03 
2828000000 8.214975e+03 
2.830150e+09 8.216300e+03 
2832300000 8.238150e+03 
2834450000 8.237350e+03 
2836600000 8.221500e+03 
2838750000 8.231575e+03 
2840900000 8.207575e+03 
2843050000 8.210900e+03 
2845200000 8.237900e+03 
2847350000 8.223275e+03 
2849500000 8.231150e+03 
2851650000 8.215350e+03 
2853800000 8.207700e+03 
2855950000 8.218075e+03 
2858100000 8.212475e+03 
2.860250e+09 8.220125e+03 
2862400000 8.205200e+03 
2864550000 8.231350e+03 
2866700000 8.207150e+03 
2868850000 8.219125e+03 
2871000000 8.212400e+03 
2873150000 8.225050e+03 
2875300000 8.237825e+03 
2877450000 8.225350e+03 
2879600000 8.211425e+03 
2881750000 8.237375e+03 
2883900000 8.241375e+03 
2886050000 8.224150e+03 
2888200000 8.213075e+03 
2.890350e+09 8.228550e+03 
2892500000 8.224175e+03 
2894650000 8.204375e+03 
2896800000 8.227050e+03 
2898950000 8.218575e+03 
2901100000 8.216300e+03 
2903250000 8.206350e+03 
2905400000 8.213225e+03 
2907550000 8.224825e+03 
2909700000 8.256050e+03 
2911850000 8.261275e+03 
2914000000 8.226125e+03 
2916150000 8.228125e+03 
2918300000 8.244800e+03 
2920450000 8.241150e+03 
2922600000 8250 
2924750000 8.225350e+03 
2926900000 8.228900e+03 
2929050000 8.232250e+03 
2931200000 8.211650e+03 
2933350000 8.233300e+03 
2935500000 8.233700e+03 
2937650000 8.226600e+03 
2939800000 8.200375e+03 
2941950000 8.222450e+03 
2.944100e+09 8.243650e+03 
2946250000 8.225400e+03 
2948400000 8.246400e+03 
2950550000 8.208350e+03 
2952700000 8.241400e+03 
2954850000 8.244850e+03 
2957000000 8.216800e+03 
2959150000 8.218150e+03 
2961300000 8.242925e+03 
2963450000 8.237475e+03 
2965600000 8.209950e+03 
2967750000 8.221375e+03 
2969900000 8.222925e+03 
2972050000 8.221650e+03 
2974200000 8.194300e+03 
2976350000 8.217825e+03 
2978500000 8.242375e+03 
2980650000 8.215050e+03 
2982800000 8.233250e+03 
2984950000 8.220075e+03 
2987100000 8.248125e+03 
2989250000 8.210075e+03 
2991400000 8.225300e+03 
2993550000 8210 
2995700000 8.219025e+03 
2997850000 8.207650e+03 
3000000000 8.230375e+03 

END
