IGOR
WAVES/D/O sweep,sig(1) 
BEGIN
2570000000 8.251700e+03 
2.572150e+09 8.289075e+03 
2574300000 8.286575e+03 
2576450000 8.275475e+03 
2578600000 8.284925e+03 
2.580750e+09 8.270950e+03 
2582900000 8.289600e+03 
2585050000 8.283325e+03 
2.587200e+09 8.282025e+03 
2589350000 8.276525e+03 
2591500000 8.289250e+03 
2593650000 8.265200e+03 
2.595800e+09 8.271850e+03 
2597950000 8.267700e+03 
2600100000 8.266375e+03 
2.602250e+09 8.270525e+03 
2604400000 8.252450e+03 
2606550000 8.283025e+03 
2608700000 8.283225e+03 
2.610850e+09 8.280825e+03 
2613000000 8.269750e+03 
2615150000 8.259050e+03 
2.617300e+09 8.266950e+03 
2619450000 8.252075e+03 
2621600000 8.260975e+03 
2623750000 8.254225e+03 
2.625900e+09 8.253400e+03 
2628050000 8.247375e+03 
2630200000 8.224900e+03 
2.632350e+09 8.260400e+03 
2634500000 8.225825e+03 
2636650000 8.241575e+03 
2638800000 8.249525e+03 
2.640950e+09 8.263425e+03 
2643100000 8.248625e+03 
2645250000 8.274075e+03 
2.647400e+09 8.259925e+03 
2649550000 8.280150e+03 
2651700000 8.279375e+03 
2653850000 8.276750e+03 
2.656000e+09 8.272775e+03 
2658150000 8.259575e+03 
2660300000 8.241525e+03 
2.662450e+09 8.242300e+03 
2664600000 8.216200e+03 
2666750000 8.214600e+03 
2668900000 8.191600e+03 
2.671050e+09 8.206700e+03 
2673200000 8.205150e+03 
2675350000 8.205825e+03 
2677500000 8.234225e+03 
2679650000 8.247375e+03 
2681800000 8.243425e+03 
2683950000 8.273525e+03 
2.686100e+09 8.236675e+03 
2688250000 8.253900e+03 
2690400000 8.273675e+03 
2692550000 8.240850e+03 
2694700000 8.262575e+03 
2696850000 8.235675e+03 
2699000000 8.228525e+03 
2.701150e+09 8.212250e+03 
2703300000 8.202025e+03 
2705450000 8.187325e+03 
2707600000 8.198275e+03 
2.709750e+09 8.215225e+03 
2711900000 8.235450e+03 
2714050000 8.268450e+03 
2.716200e+09 8.245025e+03 
2718350000 8.245825e+03 
2720500000 8.272500e+03 
2722650000 8.273575e+03 
2724800000 8.290075e+03 
2726950000 8.285375e+03 
2729100000 8.265775e+03 
2.731250e+09 8.257275e+03 
2733400000 8.248400e+03 
2735550000 8.238075e+03 
2737700000 8.231500e+03 
2.739850e+09 8.242325e+03 
2742000000 8.247075e+03 
2744150000 8.249100e+03 
2.746300e+09 8.243700e+03 
2748450000 8.242950e+03 
2750600000 8.255925e+03 
2752750000 8.266950e+03 
2754900000 8269 
2757050000 8276 
2759200000 8.266250e+03 
2.761350e+09 8.259725e+03 
2763500000 8.274025e+03 
2765650000 8.259075e+03 
2767800000 8.292725e+03 
2.769950e+09 8.256425e+03 
2772100000 8.258275e+03 
2774250000 8.277525e+03 
2.776400e+09 8.265500e+03 
2778550000 8.261775e+03 
2780700000 8.272525e+03 
2782850000 8.289375e+03 
2785000000 8.285275e+03 
2787150000 8284 
2789300000 8.275600e+03 
2791450000 8266 
2793600000 8.271650e+03 
2795750000 8.271525e+03 
2797900000 8.269075e+03 
2.800050e+09 8.260125e+03 
2802200000 8.257100e+03 
2804350000 8.243200e+03 
2806500000 8.261575e+03 
2808650000 8.254100e+03 
2810800000 8278 
2812950000 8.250525e+03 
2815100000 8.265200e+03 
2817250000 8.265100e+03 
2819400000 8.269375e+03 
2821550000 8.249975e+03 
2823700000 8.253475e+03 
2825850000 8.263225e+03 
2828000000 8.271925e+03 
2.830150e+09 8266 
2832300000 8.238200e+03 
2834450000 8.261400e+03 
2836600000 8.268475e+03 
2838750000 8.273825e+03 
2840900000 8.267875e+03 
2843050000 8.240450e+03 
2845200000 8.266850e+03 
2847350000 8.278325e+03 
2849500000 8.279625e+03 
2851650000 8.236450e+03 
2853800000 8.275500e+03 
2855950000 8.281675e+03 
2858100000 8.257625e+03 
2.860250e+09 8.250075e+03 
2862400000 8.285450e+03 
2864550000 8.259875e+03 
2866700000 8.260075e+03 
2868850000 8.275925e+03 
2871000000 8.271975e+03 
2873150000 8.258025e+03 
2875300000 8.268525e+03 
2877450000 8.269925e+03 
2879600000 8.269825e+03 
2881750000 8.259475e+03 
2883900000 8.258750e+03 
2886050000 8.246950e+03 
2888200000 8.263275e+03 
2.890350e+09 8.241275e+03 
2892500000 8.239250e+03 
2894650000 8.266500e+03 
2896800000 8.262050e+03 
2898950000 8.270125e+03 
2901100000 8.283350e+03 
2903250000 8.252400e+03 
2905400000 8.254850e+03 
2907550000 8.263600e+03 
2909700000 8.256775e+03 
2911850000 8.253775e+03 
2914000000 8.272125e+03 
2916150000 8.247950e+03 
2918300000 8.281150e+03 
2920450000 8.226800e+03 
2922600000 8.263075e+03 
2924750000 8.243075e+03 
2926900000 8.258300e+03 
2929050000 8.265425e+03 
2931200000 8.244975e+03 
2933350000 8.280475e+03 
2935500000 8.274400e+03 
2937650000 8.262475e+03 
2939800000 8.262600e+03 
2941950000 8.265975e+03 
2.944100e+09 8.273475e+03 
2946250000 8.255625e+03 
2948400000 8.255525e+03 
2950550000 8.254675e+03 
2952700000 8.280725e+03 
2954850000 8.271325e+03 
2957000000 8.264275e+03 
2959150000 8.262600e+03 
2961300000 8.274800e+03 
2963450000 8.272075e+03 
2965600000 8.264050e+03 
2967750000 8.256250e+03 
2969900000 8266 
2972050000 8.252350e+03 
2974200000 8.272825e+03 
2976350000 8.258150e+03 
2978500000 8.248525e+03 
2980650000 8.256425e+03 
2982800000 8.267925e+03 
2984950000 8.283975e+03 
2987100000 8.271075e+03 
2989250000 8.242425e+03 
2991400000 8.238150e+03 
2993550000 8.263775e+03 
2995700000 8.256075e+03 
2997850000 8.285025e+03 
3000000000 8.273775e+03 

END
