IGOR
WAVES/D/O sweep,sig(1) 
BEGIN
2570000000 8198 
2.572150e+09 8.181825e+03 
2574300000 8173 
2576450000 8.188875e+03 
2578600000 8.187400e+03 
2.580750e+09 8.203575e+03 
2582900000 8.177600e+03 
2585050000 8.212750e+03 
2.587200e+09 8182 
2589350000 8.177925e+03 
2591500000 8.191575e+03 
2593650000 8.203950e+03 
2.595800e+09 8.199625e+03 
2597950000 8.175850e+03 
2600100000 8.184125e+03 
2.602250e+09 8.185100e+03 
2604400000 8.190150e+03 
2606550000 8.194750e+03 
2608700000 8.170825e+03 
2.610850e+09 8.176100e+03 
2613000000 8.202775e+03 
2615150000 8.207775e+03 
2.617300e+09 8.178300e+03 
2619450000 8.167450e+03 
2621600000 8.171750e+03 
2623750000 8.146775e+03 
2.625900e+09 8.152025e+03 
2628050000 8.152950e+03 
2630200000 8.153225e+03 
2.632350e+09 8.148900e+03 
2634500000 8.135275e+03 
2636650000 8.136525e+03 
2638800000 8.165275e+03 
2.640950e+09 8.170350e+03 
2643100000 8.160400e+03 
2645250000 8.163425e+03 
2.647400e+09 8.167875e+03 
2649550000 8.189775e+03 
2651700000 8.181650e+03 
2653850000 8.160375e+03 
2.656000e+09 8.153225e+03 
2658150000 8.166425e+03 
2660300000 8.155525e+03 
2.662450e+09 8.139550e+03 
2664600000 8.118800e+03 
2666750000 8.114875e+03 
2668900000 8.106900e+03 
2.671050e+09 8.098850e+03 
2673200000 8.141525e+03 
2675350000 8.138475e+03 
2677500000 8.147525e+03 
2679650000 8.157800e+03 
2681800000 8.160450e+03 
2683950000 8.191250e+03 
2.686100e+09 8.169900e+03 
2688250000 8.157375e+03 
2690400000 8.215925e+03 
2692550000 8.210125e+03 
2694700000 8.169325e+03 
2696850000 8.157625e+03 
2699000000 8.145875e+03 
2.701150e+09 8.136925e+03 
2703300000 8.133625e+03 
2705450000 8.118150e+03 
2707600000 8.091550e+03 
2.709750e+09 8.135525e+03 
2711900000 8.148925e+03 
2714050000 8.157825e+03 
2.716200e+09 8.179825e+03 
2718350000 8.160750e+03 
2720500000 8.202975e+03 
2722650000 8.198600e+03 
2724800000 8.161475e+03 
2726950000 8.168100e+03 
2729100000 8.196375e+03 
2.731250e+09 8.182575e+03 
2733400000 8.185250e+03 
2735550000 8.165100e+03 
2737700000 8.141200e+03 
2.739850e+09 8.129600e+03 
2742000000 8.126200e+03 
2744150000 8.147775e+03 
2.746300e+09 8.171450e+03 
2748450000 8.157500e+03 
2750600000 8.159500e+03 
2752750000 8.196325e+03 
2754900000 8.166575e+03 
2757050000 8.189100e+03 
2759200000 8.180550e+03 
2.761350e+09 8.177450e+03 
2763500000 8.176500e+03 
2765650000 8204 
2767800000 8.193375e+03 
2.769950e+09 8192 
2772100000 8.174225e+03 
2774250000 8.193225e+03 
2.776400e+09 8.174925e+03 
2778550000 8.175575e+03 
2780700000 8.199375e+03 
2782850000 8.198650e+03 
2785000000 8198 
2787150000 8.198625e+03 
2789300000 8.193775e+03 
2791450000 8.203525e+03 
2793600000 8.203275e+03 
2795750000 8.191425e+03 
2797900000 8.184800e+03 
2.800050e+09 8.207200e+03 
2802200000 8.172125e+03 
2804350000 8.180325e+03 
2806500000 8.216325e+03 
2808650000 8.221650e+03 
2810800000 8.180725e+03 
2812950000 8.171725e+03 
2815100000 8.214375e+03 
2817250000 8.195325e+03 
2819400000 8.196950e+03 
2821550000 8.208125e+03 
2823700000 8.211350e+03 
2825850000 8.217925e+03 
2828000000 8.190400e+03 
2.830150e+09 8.191525e+03 
2832300000 8.181150e+03 
2834450000 8.208875e+03 
2836600000 8.193750e+03 
2838750000 8.196450e+03 
2840900000 8.203625e+03 
2843050000 8.194075e+03 
2845200000 8.192600e+03 
2847350000 8.180125e+03 
2849500000 8.200450e+03 
2851650000 8.208450e+03 
2853800000 8.188650e+03 
2855950000 8.191200e+03 
2858100000 8.204200e+03 
2.860250e+09 8.203675e+03 
2862400000 8.190850e+03 
2864550000 8.189525e+03 
2866700000 8198 
2868850000 8.192250e+03 
2871000000 8.199275e+03 
2873150000 8.214300e+03 
2875300000 8.188100e+03 
2877450000 8.179600e+03 
2879600000 8.209125e+03 
2881750000 8.208925e+03 
2883900000 8.188225e+03 
2886050000 8.197350e+03 
2888200000 8.219425e+03 
2.890350e+09 8.184300e+03 
2892500000 8.196325e+03 
2894650000 8.197050e+03 
2896800000 8.196850e+03 
2898950000 8.183800e+03 
2901100000 8.195500e+03 
2903250000 8.224550e+03 
2905400000 8203 
2907550000 8.214025e+03 
2909700000 8.187500e+03 
2911850000 8.210500e+03 
2914000000 8191 
2916150000 8.193200e+03 
2918300000 8.202125e+03 
2920450000 8.188100e+03 
2922600000 8.183300e+03 
2924750000 8.197650e+03 
2926900000 8.191900e+03 
2929050000 8.187900e+03 
2931200000 8.189950e+03 
2933350000 8.197075e+03 
2935500000 8.196325e+03 
2937650000 8.213750e+03 
2939800000 8.191600e+03 
2941950000 8.189725e+03 
2.944100e+09 8.170750e+03 
2946250000 8.162550e+03 
2948400000 8.175375e+03 
2950550000 8.173900e+03 
2952700000 8.188400e+03 
2954850000 8.178775e+03 
2957000000 8.189300e+03 
2959150000 8.208200e+03 
2961300000 8.181100e+03 
2963450000 8.185250e+03 
2965600000 8.167675e+03 
2967750000 8.190650e+03 
2969900000 8.188750e+03 
2972050000 8.181700e+03 
2974200000 8.190350e+03 
2976350000 8.206175e+03 
2978500000 8.189825e+03 
2980650000 8193 
2982800000 8.183825e+03 
2984950000 8.202875e+03 
2987100000 8.165075e+03 
2989250000 8152 
2991400000 8.169575e+03 
2993550000 8.198375e+03 
2995700000 8.164550e+03 
2997850000 8.187875e+03 
3000000000 8.191975e+03 

END
