IGOR
WAVES/D/O sweep,sig(1) 
BEGIN
2570000000 8.266900e+03 
2.572150e+09 8.248900e+03 
2574300000 8.260875e+03 
2576450000 8.271725e+03 
2578600000 8.271025e+03 
2.580750e+09 8.291700e+03 
2582900000 8.267800e+03 
2585050000 8.266375e+03 
2.587200e+09 8.292975e+03 
2589350000 8.283050e+03 
2591500000 8.290425e+03 
2593650000 8.286575e+03 
2.595800e+09 8.277500e+03 
2597950000 8.276750e+03 
2600100000 8.275550e+03 
2.602250e+09 8.290475e+03 
2604400000 8.289550e+03 
2606550000 8.282775e+03 
2608700000 8.278975e+03 
2.610850e+09 8.271675e+03 
2613000000 8.281350e+03 
2615150000 8.269975e+03 
2.617300e+09 8.264075e+03 
2619450000 8.278025e+03 
2621600000 8.251825e+03 
2623750000 8.258125e+03 
2.625900e+09 8.266350e+03 
2628050000 8.238225e+03 
2630200000 8.221525e+03 
2.632350e+09 8.248025e+03 
2634500000 8.252250e+03 
2636650000 8.271350e+03 
2638800000 8.239175e+03 
2.640950e+09 8.251925e+03 
2643100000 8.291375e+03 
2645250000 8.266925e+03 
2.647400e+09 8.252175e+03 
2649550000 8.275900e+03 
2651700000 8.273875e+03 
2653850000 8.265675e+03 
2.656000e+09 8.232850e+03 
2658150000 8.243525e+03 
2660300000 8.259450e+03 
2.662450e+09 8.248100e+03 
2664600000 8.225550e+03 
2666750000 8.216675e+03 
2668900000 8.231800e+03 
2.671050e+09 8.207225e+03 
2673200000 8.203550e+03 
2675350000 8.212200e+03 
2677500000 8220 
2679650000 8.214200e+03 
2681800000 8.264600e+03 
2683950000 8.274100e+03 
2.686100e+09 8.264025e+03 
2688250000 8.249150e+03 
2690400000 8.294550e+03 
2692550000 8.239625e+03 
2694700000 8.252275e+03 
2696850000 8.262200e+03 
2699000000 8.249875e+03 
2.701150e+09 8.216475e+03 
2703300000 8.196750e+03 
2705450000 8.178250e+03 
2707600000 8.200125e+03 
2.709750e+09 8.191125e+03 
2711900000 8.258425e+03 
2714050000 8.261325e+03 
2.716200e+09 8.264050e+03 
2718350000 8.291275e+03 
2720500000 8.263700e+03 
2722650000 8.272325e+03 
2724800000 8.266100e+03 
2726950000 8.253850e+03 
2729100000 8.243700e+03 
2.731250e+09 8.256075e+03 
2733400000 8.279175e+03 
2735550000 8.250500e+03 
2737700000 8.248700e+03 
2.739850e+09 8.242100e+03 
2742000000 8.260125e+03 
2744150000 8.237950e+03 
2.746300e+09 8.231400e+03 
2748450000 8.235325e+03 
2750600000 8.249450e+03 
2752750000 8.275475e+03 
2754900000 8.248600e+03 
2757050000 8.241750e+03 
2759200000 8.258150e+03 
2.761350e+09 8.258525e+03 
2763500000 8.260900e+03 
2765650000 8.252175e+03 
2767800000 8.256625e+03 
2.769950e+09 8.277275e+03 
2772100000 8273 
2774250000 8.271200e+03 
2.776400e+09 8.248600e+03 
2778550000 8.241775e+03 
2780700000 8.262625e+03 
2782850000 8.274825e+03 
2785000000 8.269250e+03 
2787150000 8.282250e+03 
2789300000 8.258625e+03 
2791450000 8.268575e+03 
2793600000 8.253425e+03 
2795750000 8.240875e+03 
2797900000 8.235450e+03 
2.800050e+09 8.256775e+03 
2802200000 8.239975e+03 
2804350000 8.248775e+03 
2806500000 8.243950e+03 
2808650000 8.254175e+03 
2810800000 8.248925e+03 
2812950000 8.245750e+03 
2815100000 8.254300e+03 
2817250000 8259 
2819400000 8.276075e+03 
2821550000 8.262225e+03 
2823700000 8.235375e+03 
2825850000 8.236600e+03 
2828000000 8.246625e+03 
2.830150e+09 8.275425e+03 
2832300000 8.275750e+03 
2834450000 8.250850e+03 
2836600000 8.256425e+03 
2838750000 8.260125e+03 
2840900000 8.250600e+03 
2843050000 8.263075e+03 
2845200000 8.239125e+03 
2847350000 8.262225e+03 
2849500000 8.271075e+03 
2851650000 8.257500e+03 
2853800000 8.270650e+03 
2855950000 8.249375e+03 
2858100000 8.260350e+03 
2.860250e+09 8.277725e+03 
2862400000 8.280575e+03 
2864550000 8.246975e+03 
2866700000 8.261250e+03 
2868850000 8.265100e+03 
2871000000 8.269675e+03 
2873150000 8.257675e+03 
2875300000 8.281375e+03 
2877450000 8.263425e+03 
2879600000 8.256600e+03 
2881750000 8.268225e+03 
2883900000 8.258975e+03 
2886050000 8.259175e+03 
2888200000 8.256825e+03 
2.890350e+09 8.257050e+03 
2892500000 8.276325e+03 
2894650000 8.252125e+03 
2896800000 8.250700e+03 
2898950000 8.265175e+03 
2901100000 8.248175e+03 
2903250000 8.276575e+03 
2905400000 8.251125e+03 
2907550000 8.283600e+03 
2909700000 8.267850e+03 
2911850000 8.260525e+03 
2914000000 8.241275e+03 
2916150000 8.263475e+03 
2918300000 8.272275e+03 
2920450000 8.245275e+03 
2922600000 8.278250e+03 
2924750000 8.253100e+03 
2926900000 8.261550e+03 
2929050000 8.252175e+03 
2931200000 8.287650e+03 
2933350000 8.251925e+03 
2935500000 8.287425e+03 
2937650000 8.285725e+03 
2939800000 8.290750e+03 
2941950000 8.257700e+03 
2.944100e+09 8.255725e+03 
2946250000 8.267625e+03 
2948400000 8.271900e+03 
2950550000 8.272600e+03 
2952700000 8.253375e+03 
2954850000 8.275050e+03 
2957000000 8.259875e+03 
2959150000 8.234875e+03 
2961300000 8.248675e+03 
2963450000 8.253825e+03 
2965600000 8.269650e+03 
2967750000 8.277750e+03 
2969900000 8.273050e+03 
2972050000 8.277200e+03 
2974200000 8.279025e+03 
2976350000 8.291550e+03 
2978500000 8.268250e+03 
2980650000 8.283575e+03 
2982800000 8.269800e+03 
2984950000 8.257050e+03 
2987100000 8.270150e+03 
2989250000 8.278775e+03 
2991400000 8.254375e+03 
2993550000 8.266800e+03 
2995700000 8.266575e+03 
2997850000 8.270150e+03 
3000000000 8.266775e+03 

END
