IGOR
WAVES/D/O sweep,sig(1) 
BEGIN
2570000000 8.225250e+03 
2.572150e+09 8.212075e+03 
2574300000 8.211450e+03 
2576450000 8.225775e+03 
2578600000 8.234950e+03 
2.580750e+09 8.227350e+03 
2582900000 8238 
2585050000 8.207250e+03 
2.587200e+09 8.210200e+03 
2589350000 8.209825e+03 
2591500000 8.228650e+03 
2593650000 8.231300e+03 
2.595800e+09 8.211625e+03 
2597950000 8.208300e+03 
2600100000 8.220450e+03 
2.602250e+09 8.241150e+03 
2604400000 8.208225e+03 
2606550000 8.206275e+03 
2608700000 8.213775e+03 
2.610850e+09 8.207725e+03 
2613000000 8.226950e+03 
2615150000 8.218075e+03 
2.617300e+09 8.216900e+03 
2619450000 8.216150e+03 
2621600000 8.236400e+03 
2623750000 8.190575e+03 
2.625900e+09 8.198700e+03 
2628050000 8.185100e+03 
2630200000 8.192750e+03 
2.632350e+09 8.171125e+03 
2634500000 8.182025e+03 
2636650000 8.147750e+03 
2638800000 8.197600e+03 
2.640950e+09 8.204300e+03 
2643100000 8.193600e+03 
2645250000 8.212800e+03 
2.647400e+09 8.234325e+03 
2649550000 8.261950e+03 
2651700000 8.233600e+03 
2653850000 8.231025e+03 
2.656000e+09 8.218750e+03 
2658150000 8.206900e+03 
2660300000 8.196125e+03 
2.662450e+09 8.193475e+03 
2664600000 8.175575e+03 
2666750000 8.182750e+03 
2668900000 8.166625e+03 
2.671050e+09 8.163050e+03 
2673200000 8.181425e+03 
2675350000 8.180750e+03 
2677500000 8.159500e+03 
2679650000 8.205350e+03 
2681800000 8.208325e+03 
2683950000 8.192550e+03 
2.686100e+09 8.219200e+03 
2688250000 8.212500e+03 
2690400000 8.215200e+03 
2692550000 8.202425e+03 
2694700000 8.210875e+03 
2696850000 8.211775e+03 
2699000000 8.184200e+03 
2.701150e+09 8.172575e+03 
2703300000 8169 
2705450000 8.160100e+03 
2707600000 8.162125e+03 
2.709750e+09 8.172775e+03 
2711900000 8.171975e+03 
2714050000 8.205050e+03 
2.716200e+09 8.226700e+03 
2718350000 8.209500e+03 
2720500000 8.206400e+03 
2722650000 8.206125e+03 
2724800000 8.209625e+03 
2726950000 8.195475e+03 
2729100000 8.218050e+03 
2.731250e+09 8.221475e+03 
2733400000 8.210900e+03 
2735550000 8.162100e+03 
2737700000 8.175600e+03 
2.739850e+09 8.200200e+03 
2742000000 8.201300e+03 
2744150000 8.160025e+03 
2.746300e+09 8.189075e+03 
2748450000 8.203175e+03 
2750600000 8.190250e+03 
2752750000 8.207600e+03 
2754900000 8.212650e+03 
2757050000 8.215325e+03 
2759200000 8.222175e+03 
2.761350e+09 8.219950e+03 
2763500000 8.217575e+03 
2765650000 8.221725e+03 
2767800000 8.215300e+03 
2.769950e+09 8.217600e+03 
2772100000 8.202400e+03 
2774250000 8.224525e+03 
2.776400e+09 8.222250e+03 
2778550000 8.218575e+03 
2780700000 8.208475e+03 
2782850000 8212 
2785000000 8.203925e+03 
2787150000 8.200700e+03 
2789300000 8.222425e+03 
2791450000 8.212875e+03 
2793600000 8.220050e+03 
2795750000 8.203400e+03 
2797900000 8.208175e+03 
2.800050e+09 8.213250e+03 
2802200000 8.198825e+03 
2804350000 8.200325e+03 
2806500000 8.201750e+03 
2808650000 8.210075e+03 
2810800000 8.206275e+03 
2812950000 8.224950e+03 
2815100000 8.227800e+03 
2817250000 8.204600e+03 
2819400000 8.183525e+03 
2821550000 8.194025e+03 
2823700000 8.201700e+03 
2825850000 8.189550e+03 
2828000000 8.228650e+03 
2.830150e+09 8.227450e+03 
2832300000 8.206650e+03 
2834450000 8.195600e+03 
2836600000 8.215900e+03 
2838750000 8.209650e+03 
2840900000 8.212425e+03 
2843050000 8.223475e+03 
2845200000 8.198050e+03 
2847350000 8.225200e+03 
2849500000 8.233375e+03 
2851650000 8.224875e+03 
2853800000 8.253250e+03 
2855950000 8.229900e+03 
2858100000 8.210150e+03 
2.860250e+09 8.228200e+03 
2862400000 8.221300e+03 
2864550000 8.214850e+03 
2866700000 8.199050e+03 
2868850000 8.223425e+03 
2871000000 8.193075e+03 
2873150000 8.213425e+03 
2875300000 8.217175e+03 
2877450000 8.210900e+03 
2879600000 8.189850e+03 
2881750000 8.248300e+03 
2883900000 8.223825e+03 
2886050000 8.238575e+03 
2888200000 8.225100e+03 
2.890350e+09 8.214650e+03 
2892500000 8.199400e+03 
2894650000 8.234900e+03 
2896800000 8.200225e+03 
2898950000 8.192250e+03 
2901100000 8.216475e+03 
2903250000 8.201750e+03 
2905400000 8.209825e+03 
2907550000 8.212750e+03 
2909700000 8.202825e+03 
2911850000 8.204275e+03 
2914000000 8.224225e+03 
2916150000 8.206250e+03 
2918300000 8.205150e+03 
2920450000 8.222100e+03 
2922600000 8.222525e+03 
2924750000 8.230525e+03 
2926900000 8.208600e+03 
2929050000 8.199700e+03 
2931200000 8.207950e+03 
2933350000 8.215175e+03 
2935500000 8.197700e+03 
2937650000 8.217575e+03 
2939800000 8.192525e+03 
2941950000 8.215800e+03 
2.944100e+09 8.230725e+03 
2946250000 8.225500e+03 
2948400000 8.231500e+03 
2950550000 8.222375e+03 
2952700000 8.210075e+03 
2954850000 8.229675e+03 
2957000000 8.239475e+03 
2959150000 8.251625e+03 
2961300000 8.223825e+03 
2963450000 8.210550e+03 
2965600000 8.210325e+03 
2967750000 8.214300e+03 
2969900000 8.210400e+03 
2972050000 8.214500e+03 
2974200000 8.206775e+03 
2976350000 8.209875e+03 
2978500000 8.215625e+03 
2980650000 8.213425e+03 
2982800000 8.230875e+03 
2984950000 8.236750e+03 
2987100000 8.207525e+03 
2989250000 8.242225e+03 
2991400000 8.236875e+03 
2993550000 8.231950e+03 
2995700000 8.217600e+03 
2997850000 8.214850e+03 
3000000000 8.216525e+03 

END
