IGOR
WAVES/D/O sweep,sig(1) 
BEGIN
2570000000 8.167225e+03 
2.572150e+09 8.196250e+03 
2574300000 8.186100e+03 
2576450000 8.187525e+03 
2578600000 8.188800e+03 
2.580750e+09 8.186425e+03 
2582900000 8.209225e+03 
2585050000 8.203275e+03 
2.587200e+09 8.163375e+03 
2589350000 8.167575e+03 
2591500000 8.188075e+03 
2593650000 8.172900e+03 
2.595800e+09 8.187675e+03 
2597950000 8.208150e+03 
2600100000 8.204450e+03 
2.602250e+09 8187 
2604400000 8.175825e+03 
2606550000 8.181125e+03 
2608700000 8.164775e+03 
2.610850e+09 8.171675e+03 
2613000000 8.195600e+03 
2615150000 8.208925e+03 
2.617300e+09 8.214450e+03 
2619450000 8.198125e+03 
2621600000 8.182900e+03 
2623750000 8.204775e+03 
2.625900e+09 8.168425e+03 
2628050000 8.189525e+03 
2630200000 8.172525e+03 
2.632350e+09 8.139175e+03 
2634500000 8.166200e+03 
2636650000 8.160550e+03 
2638800000 8.158650e+03 
2.640950e+09 8.153675e+03 
2643100000 8.181325e+03 
2645250000 8.205400e+03 
2.647400e+09 8.186975e+03 
2649550000 8.170675e+03 
2651700000 8.201100e+03 
2653850000 8.181600e+03 
2.656000e+09 8.168625e+03 
2658150000 8.155300e+03 
2660300000 8.172075e+03 
2.662450e+09 8.154600e+03 
2664600000 8.138075e+03 
2666750000 8.120450e+03 
2668900000 8.136200e+03 
2.671050e+09 8.113750e+03 
2673200000 8.146850e+03 
2675350000 8.129700e+03 
2677500000 8.152575e+03 
2679650000 8.179675e+03 
2681800000 8.181650e+03 
2683950000 8.163075e+03 
2.686100e+09 8.180250e+03 
2688250000 8.196050e+03 
2690400000 8.173600e+03 
2692550000 8.173700e+03 
2694700000 8.186375e+03 
2696850000 8.170750e+03 
2699000000 8.171525e+03 
2.701150e+09 8.131650e+03 
2703300000 8.129925e+03 
2705450000 8.127375e+03 
2707600000 8.114950e+03 
2.709750e+09 8.121250e+03 
2711900000 8.131450e+03 
2714050000 8.163175e+03 
2.716200e+09 8.190800e+03 
2718350000 8.166425e+03 
2720500000 8.205325e+03 
2722650000 8.214600e+03 
2724800000 8.174350e+03 
2726950000 8.174550e+03 
2729100000 8.195800e+03 
2.731250e+09 8.173475e+03 
2733400000 8.206175e+03 
2735550000 8.159675e+03 
2737700000 8.172950e+03 
2.739850e+09 8.154325e+03 
2742000000 8.171650e+03 
2744150000 8.156500e+03 
2.746300e+09 8.150125e+03 
2748450000 8175 
2750600000 8.154975e+03 
2752750000 8.178275e+03 
2754900000 8.183225e+03 
2757050000 8.175275e+03 
2759200000 8.194450e+03 
2.761350e+09 8.156150e+03 
2763500000 8.185075e+03 
2765650000 8.199275e+03 
2767800000 8.201400e+03 
2.769950e+09 8.182325e+03 
2772100000 8.195750e+03 
2774250000 8.181625e+03 
2.776400e+09 8.192675e+03 
2778550000 8.187675e+03 
2780700000 8.178775e+03 
2782850000 8.174325e+03 
2785000000 8.203325e+03 
2787150000 8.172150e+03 
2789300000 8.200450e+03 
2791450000 8.187625e+03 
2793600000 8.186600e+03 
2795750000 8.178400e+03 
2797900000 8.205875e+03 
2.800050e+09 8.188675e+03 
2802200000 8.179350e+03 
2804350000 8.183400e+03 
2806500000 8.191250e+03 
2808650000 8.184325e+03 
2810800000 8.179600e+03 
2812950000 8.185925e+03 
2815100000 8.188800e+03 
2817250000 8.176950e+03 
2819400000 8.201050e+03 
2821550000 8.194050e+03 
2823700000 8.181625e+03 
2825850000 8.203600e+03 
2828000000 8.202400e+03 
2.830150e+09 8.202350e+03 
2832300000 8.199150e+03 
2834450000 8.208725e+03 
2836600000 8.218800e+03 
2838750000 8.207275e+03 
2840900000 8.173075e+03 
2843050000 8.178975e+03 
2845200000 8.187975e+03 
2847350000 8.216025e+03 
2849500000 8.196350e+03 
2851650000 8.199525e+03 
2853800000 8.189725e+03 
2855950000 8.205650e+03 
2858100000 8.196525e+03 
2.860250e+09 8.193600e+03 
2862400000 8.190300e+03 
2864550000 8.191525e+03 
2866700000 8.203925e+03 
2868850000 8.225275e+03 
2871000000 8.193300e+03 
2873150000 8.185100e+03 
2875300000 8.183850e+03 
2877450000 8.177525e+03 
2879600000 8.169900e+03 
2881750000 8.179675e+03 
2883900000 8.203800e+03 
2886050000 8.200125e+03 
2888200000 8.194450e+03 
2.890350e+09 8.213625e+03 
2892500000 8.197675e+03 
2894650000 8.178775e+03 
2896800000 8.172875e+03 
2898950000 8.198050e+03 
2901100000 8.203475e+03 
2903250000 8.216150e+03 
2905400000 8.192225e+03 
2907550000 8.177500e+03 
2909700000 8.202600e+03 
2911850000 8.179875e+03 
2914000000 8.183650e+03 
2916150000 8201 
2918300000 8.206550e+03 
2920450000 8.182275e+03 
2922600000 8.189975e+03 
2924750000 8.212525e+03 
2926900000 8.216275e+03 
2929050000 8.171225e+03 
2931200000 8.198275e+03 
2933350000 8.202275e+03 
2935500000 8.182400e+03 
2937650000 8.207275e+03 
2939800000 8.194900e+03 
2941950000 8.193600e+03 
2.944100e+09 8.186225e+03 
2946250000 8.201950e+03 
2948400000 8.186600e+03 
2950550000 8.177300e+03 
2952700000 8.193700e+03 
2954850000 8.215400e+03 
2957000000 8.190775e+03 
2959150000 8.183550e+03 
2961300000 8.174550e+03 
2963450000 8.201675e+03 
2965600000 8.185825e+03 
2967750000 8.198525e+03 
2969900000 8.204625e+03 
2972050000 8.179300e+03 
2974200000 8.202025e+03 
2976350000 8.212100e+03 
2978500000 8.181550e+03 
2980650000 8.206100e+03 
2982800000 8.181800e+03 
2984950000 8.215700e+03 
2987100000 8.154825e+03 
2989250000 8.178775e+03 
2991400000 8.156425e+03 
2993550000 8179 
2995700000 8.177775e+03 
2997850000 8.207650e+03 
3000000000 8.188675e+03 

END
