IGOR
WAVES/D/O sweep,sig(1) 
BEGIN
2570000000 8.255175e+03 
2.572150e+09 8.275675e+03 
2574300000 8.294525e+03 
2576450000 8.261025e+03 
2578600000 8.280750e+03 
2.580750e+09 8.276900e+03 
2582900000 8.281800e+03 
2585050000 8.271025e+03 
2.587200e+09 8.276550e+03 
2589350000 8.297325e+03 
2591500000 8.288875e+03 
2593650000 8.276475e+03 
2.595800e+09 8.266800e+03 
2597950000 8.276200e+03 
2600100000 8.273575e+03 
2.602250e+09 8.273625e+03 
2604400000 8.280050e+03 
2606550000 8.245175e+03 
2608700000 8.293900e+03 
2.610850e+09 8.274175e+03 
2613000000 8.285550e+03 
2615150000 8.268950e+03 
2.617300e+09 8.268950e+03 
2619450000 8.258825e+03 
2621600000 8.246275e+03 
2623750000 8.271600e+03 
2.625900e+09 8.243600e+03 
2628050000 8.211700e+03 
2630200000 8.230025e+03 
2.632350e+09 8.219300e+03 
2634500000 8.235850e+03 
2636650000 8.241575e+03 
2638800000 8.253725e+03 
2.640950e+09 8241 
2643100000 8.255850e+03 
2645250000 8.240775e+03 
2.647400e+09 8.253100e+03 
2649550000 8.281375e+03 
2651700000 8.286075e+03 
2653850000 8.274625e+03 
2.656000e+09 8.260125e+03 
2658150000 8.272875e+03 
2660300000 8.270575e+03 
2.662450e+09 8.230650e+03 
2664600000 8.218425e+03 
2666750000 8.204175e+03 
2668900000 8.197125e+03 
2.671050e+09 8.187675e+03 
2673200000 8.190600e+03 
2675350000 8.217425e+03 
2677500000 8.214875e+03 
2679650000 8.226425e+03 
2681800000 8.235800e+03 
2683950000 8.246775e+03 
2.686100e+09 8.260950e+03 
2688250000 8.273750e+03 
2690400000 8.255775e+03 
2692550000 8.245575e+03 
2694700000 8.232550e+03 
2696850000 8.221650e+03 
2699000000 8.212150e+03 
2.701150e+09 8.227650e+03 
2703300000 8.206900e+03 
2705450000 8.185475e+03 
2707600000 8.192525e+03 
2.709750e+09 8.210750e+03 
2711900000 8.213850e+03 
2714050000 8.216950e+03 
2.716200e+09 8.253550e+03 
2718350000 8.258400e+03 
2720500000 8.250550e+03 
2722650000 8.255675e+03 
2724800000 8.257800e+03 
2726950000 8.247825e+03 
2729100000 8.249125e+03 
2.731250e+09 8.247200e+03 
2733400000 8.235825e+03 
2735550000 8.226875e+03 
2737700000 8.236900e+03 
2.739850e+09 8.228550e+03 
2742000000 8.210325e+03 
2744150000 8.218575e+03 
2.746300e+09 8.215950e+03 
2748450000 8.255250e+03 
2750600000 8.234950e+03 
2752750000 8.258450e+03 
2754900000 8.234650e+03 
2757050000 8.252025e+03 
2759200000 8.253450e+03 
2.761350e+09 8.232350e+03 
2763500000 8.249025e+03 
2765650000 8.232650e+03 
2767800000 8.239775e+03 
2.769950e+09 8.225625e+03 
2772100000 8.251250e+03 
2774250000 8.230750e+03 
2.776400e+09 8221 
2778550000 8.247925e+03 
2780700000 8.272525e+03 
2782850000 8.270500e+03 
2785000000 8.259700e+03 
2787150000 8264 
2789300000 8.251750e+03 
2791450000 8.226050e+03 
2793600000 8.224075e+03 
2795750000 8.261675e+03 
2797900000 8.229750e+03 
2.800050e+09 8.246700e+03 
2802200000 8.253625e+03 
2804350000 8.214850e+03 
2806500000 8.236625e+03 
2808650000 8.236725e+03 
2810800000 8.235525e+03 
2812950000 8.236525e+03 
2815100000 8.240450e+03 
2817250000 8.224200e+03 
2819400000 8.226750e+03 
2821550000 8.224600e+03 
2823700000 8.245500e+03 
2825850000 8.247700e+03 
2828000000 8.234250e+03 
2.830150e+09 8.222300e+03 
2832300000 8.249975e+03 
2834450000 8.252450e+03 
2836600000 8.250650e+03 
2838750000 8.242975e+03 
2840900000 8.244650e+03 
2843050000 8.244525e+03 
2845200000 8.255675e+03 
2847350000 8.265650e+03 
2849500000 8.265425e+03 
2851650000 8.267825e+03 
2853800000 8.250675e+03 
2855950000 8.247150e+03 
2858100000 8.263400e+03 
2.860250e+09 8.255625e+03 
2862400000 8.260650e+03 
2864550000 8.256100e+03 
2866700000 8.251825e+03 
2868850000 8.242025e+03 
2871000000 8.254950e+03 
2873150000 8.235275e+03 
2875300000 8.256900e+03 
2877450000 8.277775e+03 
2879600000 8.263275e+03 
2881750000 8.270375e+03 
2883900000 8.241050e+03 
2886050000 8.275600e+03 
2888200000 8.225375e+03 
2.890350e+09 8.244550e+03 
2892500000 8.276750e+03 
2894650000 8.272425e+03 
2896800000 8.254100e+03 
2898950000 8.241625e+03 
2901100000 8.233175e+03 
2903250000 8.237375e+03 
2905400000 8.273775e+03 
2907550000 8.236150e+03 
2909700000 8.268775e+03 
2911850000 8.260775e+03 
2914000000 8.263575e+03 
2916150000 8.269350e+03 
2918300000 8.270675e+03 
2920450000 8.262800e+03 
2922600000 8.271300e+03 
2924750000 8.265050e+03 
2926900000 8.264275e+03 
2929050000 8.247325e+03 
2931200000 8.233150e+03 
2933350000 8.234425e+03 
2935500000 8.263275e+03 
2937650000 8.244050e+03 
2939800000 8.263700e+03 
2941950000 8.261100e+03 
2.944100e+09 8.243625e+03 
2946250000 8.255175e+03 
2948400000 8.248900e+03 
2950550000 8.275700e+03 
2952700000 8.257125e+03 
2954850000 8.252150e+03 
2957000000 8.243500e+03 
2959150000 8.264925e+03 
2961300000 8.263775e+03 
2963450000 8.255200e+03 
2965600000 8.269750e+03 
2967750000 8.235700e+03 
2969900000 8.264400e+03 
2972050000 8.284525e+03 
2974200000 8.257475e+03 
2976350000 8.252350e+03 
2978500000 8.257825e+03 
2980650000 8.255725e+03 
2982800000 8.288025e+03 
2984950000 8.262900e+03 
2987100000 8.241150e+03 
2989250000 8.251525e+03 
2991400000 8.254625e+03 
2993550000 8.237900e+03 
2995700000 8.254575e+03 
2997850000 8.237475e+03 
3000000000 8.245125e+03 

END
