IGOR
WAVES/D/O sweep,sig(1) 
BEGIN
2570000000 8.300150e+03 
2.572150e+09 8.317150e+03 
2574300000 8.281175e+03 
2576450000 8.290225e+03 
2578600000 8.312300e+03 
2.580750e+09 8.292350e+03 
2582900000 8.306400e+03 
2585050000 8.294750e+03 
2.587200e+09 8.320575e+03 
2589350000 8.272975e+03 
2591500000 8.320100e+03 
2593650000 8.295125e+03 
2.595800e+09 8.306700e+03 
2597950000 8.302600e+03 
2600100000 8.304600e+03 
2.602250e+09 8.299325e+03 
2604400000 8.325575e+03 
2606550000 8.311200e+03 
2608700000 8.287125e+03 
2.610850e+09 8.309550e+03 
2613000000 8.325200e+03 
2615150000 8.278375e+03 
2.617300e+09 8.307250e+03 
2619450000 8.269275e+03 
2621600000 8.309475e+03 
2623750000 8.275625e+03 
2.625900e+09 8.274575e+03 
2628050000 8.262975e+03 
2630200000 8.265175e+03 
2.632350e+09 8.276100e+03 
2634500000 8.275125e+03 
2636650000 8.260675e+03 
2638800000 8.284950e+03 
2.640950e+09 8.277575e+03 
2643100000 8.286375e+03 
2645250000 8.305775e+03 
2.647400e+09 8.287600e+03 
2649550000 8.315875e+03 
2651700000 8.311875e+03 
2653850000 8.300800e+03 
2.656000e+09 8.307650e+03 
2658150000 8.288250e+03 
2660300000 8.277550e+03 
2.662450e+09 8.255950e+03 
2664600000 8.271350e+03 
2666750000 8.253300e+03 
2668900000 8.220525e+03 
2.671050e+09 8.218750e+03 
2673200000 8248 
2675350000 8.295250e+03 
2677500000 8.273150e+03 
2679650000 8.262750e+03 
2681800000 8.290100e+03 
2683950000 8.308850e+03 
2.686100e+09 8.288375e+03 
2688250000 8.308900e+03 
2690400000 8.312325e+03 
2692550000 8.311700e+03 
2694700000 8.284850e+03 
2696850000 8.269350e+03 
2699000000 8.261425e+03 
2.701150e+09 8.264575e+03 
2703300000 8.246875e+03 
2705450000 8.241475e+03 
2707600000 8.251875e+03 
2.709750e+09 8.266725e+03 
2711900000 8.260800e+03 
2714050000 8.255975e+03 
2.716200e+09 8.280500e+03 
2718350000 8.286275e+03 
2720500000 8.283350e+03 
2722650000 8.295325e+03 
2724800000 8.291950e+03 
2726950000 8.318825e+03 
2729100000 8.332425e+03 
2.731250e+09 8.289300e+03 
2733400000 8.300925e+03 
2735550000 8.281550e+03 
2737700000 8.297500e+03 
2.739850e+09 8.274725e+03 
2742000000 8.246975e+03 
2744150000 8.274575e+03 
2.746300e+09 8.284025e+03 
2748450000 8.283775e+03 
2750600000 8284 
2752750000 8.289750e+03 
2754900000 8.300625e+03 
2757050000 8.309050e+03 
2759200000 8.302725e+03 
2.761350e+09 8.281375e+03 
2763500000 8.314225e+03 
2765650000 8.284175e+03 
2767800000 8.308375e+03 
2.769950e+09 8.342150e+03 
2772100000 8.324725e+03 
2774250000 8.284650e+03 
2.776400e+09 8.297525e+03 
2778550000 8.301125e+03 
2780700000 8.300650e+03 
2782850000 8.295750e+03 
2785000000 8.288600e+03 
2787150000 8.302150e+03 
2789300000 8.316675e+03 
2791450000 8.271175e+03 
2793600000 8.288150e+03 
2795750000 8.314500e+03 
2797900000 8.289800e+03 
2.800050e+09 8.327725e+03 
2802200000 8.315450e+03 
2804350000 8.309350e+03 
2806500000 8.308075e+03 
2808650000 8.331250e+03 
2810800000 8.284500e+03 
2812950000 8.312375e+03 
2815100000 8.306550e+03 
2817250000 8.309250e+03 
2819400000 8.290150e+03 
2821550000 8.306500e+03 
2823700000 8.320400e+03 
2825850000 8.289125e+03 
2828000000 8.278525e+03 
2.830150e+09 8.284800e+03 
2832300000 8.291025e+03 
2834450000 8.287175e+03 
2836600000 8.298150e+03 
2838750000 8.289875e+03 
2840900000 8.279400e+03 
2843050000 8.300425e+03 
2845200000 8.256150e+03 
2847350000 8.289775e+03 
2849500000 8.286300e+03 
2851650000 8.309225e+03 
2853800000 8.292975e+03 
2855950000 8.290900e+03 
2858100000 8.292650e+03 
2.860250e+09 8.293150e+03 
2862400000 8.279625e+03 
2864550000 8.291250e+03 
2866700000 8.288325e+03 
2868850000 8.304350e+03 
2871000000 8.285475e+03 
2873150000 8.286125e+03 
2875300000 8.300800e+03 
2877450000 8.299325e+03 
2879600000 8.292225e+03 
2881750000 8.302075e+03 
2883900000 8.278875e+03 
2886050000 8.292750e+03 
2888200000 8.289150e+03 
2.890350e+09 8.260125e+03 
2892500000 8.298125e+03 
2894650000 8.293625e+03 
2896800000 8.293750e+03 
2898950000 8274 
2901100000 8.303900e+03 
2903250000 8.297525e+03 
2905400000 8.296850e+03 
2907550000 8.284150e+03 
2909700000 8282 
2911850000 8.308925e+03 
2914000000 8.290850e+03 
2916150000 8.286475e+03 
2918300000 8.302925e+03 
2920450000 8.255600e+03 
2922600000 8.292450e+03 
2924750000 8.277925e+03 
2926900000 8.297425e+03 
2929050000 8.300175e+03 
2931200000 8.302125e+03 
2933350000 8.286150e+03 
2935500000 8.271900e+03 
2937650000 8.287375e+03 
2939800000 8.311525e+03 
2941950000 8.306275e+03 
2.944100e+09 8.306050e+03 
2946250000 8.300350e+03 
2948400000 8.298375e+03 
2950550000 8.300100e+03 
2952700000 8.294550e+03 
2954850000 8.283900e+03 
2957000000 8.304700e+03 
2959150000 8.289825e+03 
2961300000 8.292450e+03 
2963450000 8.311650e+03 
2965600000 8.293875e+03 
2967750000 8.266325e+03 
2969900000 8.291275e+03 
2972050000 8.296800e+03 
2974200000 8.303250e+03 
2976350000 8.300775e+03 
2978500000 8.311425e+03 
2980650000 8.297850e+03 
2982800000 8.317375e+03 
2984950000 8.286450e+03 
2987100000 8.283400e+03 
2989250000 8.260225e+03 
2991400000 8310 
2993550000 8.280525e+03 
2995700000 8.255650e+03 
2997850000 8.274325e+03 
3000000000 8.271100e+03 

END
