IGOR
WAVES/D/O sweep,sig(1) 
BEGIN
2570000000 8.280550e+03 
2.572150e+09 8.271375e+03 
2574300000 8.243775e+03 
2576450000 8.281350e+03 
2578600000 8.271900e+03 
2.580750e+09 8.264400e+03 
2582900000 8.250525e+03 
2585050000 8.277925e+03 
2.587200e+09 8.259350e+03 
2589350000 8.263850e+03 
2591500000 8.239750e+03 
2593650000 8.255900e+03 
2.595800e+09 8.255725e+03 
2597950000 8.252675e+03 
2600100000 8.246125e+03 
2.602250e+09 8.245550e+03 
2604400000 8.249125e+03 
2606550000 8.280775e+03 
2608700000 8.263175e+03 
2.610850e+09 8.254475e+03 
2613000000 8.257350e+03 
2615150000 8.258475e+03 
2.617300e+09 8.239925e+03 
2619450000 8.235100e+03 
2621600000 8.265400e+03 
2623750000 8.248400e+03 
2.625900e+09 8.215125e+03 
2628050000 8.211275e+03 
2630200000 8.194925e+03 
2.632350e+09 8.252900e+03 
2634500000 8.206100e+03 
2636650000 8.247550e+03 
2638800000 8.225425e+03 
2.640950e+09 8.257100e+03 
2643100000 8.232450e+03 
2645250000 8.290250e+03 
2.647400e+09 8.259200e+03 
2649550000 8.241425e+03 
2651700000 8.263950e+03 
2653850000 8.263200e+03 
2.656000e+09 8.271800e+03 
2658150000 8.243250e+03 
2660300000 8.240275e+03 
2.662450e+09 8.221550e+03 
2664600000 8.227775e+03 
2666750000 8.197925e+03 
2668900000 8.160500e+03 
2.671050e+09 8.198325e+03 
2673200000 8.194450e+03 
2675350000 8.190825e+03 
2677500000 8.215575e+03 
2679650000 8.232350e+03 
2681800000 8.241350e+03 
2683950000 8.278650e+03 
2.686100e+09 8.243150e+03 
2688250000 8.279550e+03 
2690400000 8.275600e+03 
2692550000 8.247875e+03 
2694700000 8.244750e+03 
2696850000 8.235600e+03 
2699000000 8.225750e+03 
2.701150e+09 8.217675e+03 
2703300000 8.224150e+03 
2705450000 8.209025e+03 
2707600000 8.203450e+03 
2.709750e+09 8.200250e+03 
2711900000 8.229975e+03 
2714050000 8.229500e+03 
2.716200e+09 8261 
2718350000 8265 
2720500000 8.242400e+03 
2722650000 8.256225e+03 
2724800000 8.275250e+03 
2726950000 8.249725e+03 
2729100000 8.254625e+03 
2.731250e+09 8.239375e+03 
2733400000 8.256250e+03 
2735550000 8.241800e+03 
2737700000 8.255025e+03 
2.739850e+09 8.228600e+03 
2742000000 8.220800e+03 
2744150000 8.239025e+03 
2.746300e+09 8.246425e+03 
2748450000 8.239250e+03 
2750600000 8.245250e+03 
2752750000 8.258425e+03 
2754900000 8.263250e+03 
2757050000 8.264375e+03 
2759200000 8.255600e+03 
2.761350e+09 8.270775e+03 
2763500000 8.275250e+03 
2765650000 8.263250e+03 
2767800000 8.273225e+03 
2.769950e+09 8.284975e+03 
2772100000 8.275325e+03 
2774250000 8.273925e+03 
2.776400e+09 8.269425e+03 
2778550000 8.274550e+03 
2780700000 8.258800e+03 
2782850000 8.267300e+03 
2785000000 8.241800e+03 
2787150000 8.240475e+03 
2789300000 8.275150e+03 
2791450000 8.258975e+03 
2793600000 8.267450e+03 
2795750000 8.253775e+03 
2797900000 8.248400e+03 
2.800050e+09 8.273200e+03 
2802200000 8.283175e+03 
2804350000 8.262650e+03 
2806500000 8.270550e+03 
2808650000 8.277300e+03 
2810800000 8.258025e+03 
2812950000 8.259375e+03 
2815100000 8.292025e+03 
2817250000 8.259475e+03 
2819400000 8.265375e+03 
2821550000 8.272175e+03 
2823700000 8.267100e+03 
2825850000 8.275825e+03 
2828000000 8.276750e+03 
2.830150e+09 8.280875e+03 
2832300000 8.263350e+03 
2834450000 8.276125e+03 
2836600000 8.256625e+03 
2838750000 8.278075e+03 
2840900000 8.263425e+03 
2843050000 8.280475e+03 
2845200000 8.267400e+03 
2847350000 8.276375e+03 
2849500000 8.281075e+03 
2851650000 8.264800e+03 
2853800000 8.272525e+03 
2855950000 8.273100e+03 
2858100000 8.282625e+03 
2.860250e+09 8.280275e+03 
2862400000 8.290800e+03 
2864550000 8.260625e+03 
2866700000 8.287725e+03 
2868850000 8.277800e+03 
2871000000 8.258675e+03 
2873150000 8.272475e+03 
2875300000 8.292375e+03 
2877450000 8.281200e+03 
2879600000 8.267275e+03 
2881750000 8.283175e+03 
2883900000 8.296300e+03 
2886050000 8.284175e+03 
2888200000 8.289325e+03 
2.890350e+09 8.272250e+03 
2892500000 8.252250e+03 
2894650000 8.276775e+03 
2896800000 8.273500e+03 
2898950000 8.256800e+03 
2901100000 8.274675e+03 
2903250000 8.252575e+03 
2905400000 8.251275e+03 
2907550000 8.273450e+03 
2909700000 8.261150e+03 
2911850000 8279 
2914000000 8264 
2916150000 8.257300e+03 
2918300000 8.259950e+03 
2920450000 8.284075e+03 
2922600000 8.283150e+03 
2924750000 8.260400e+03 
2926900000 8.259650e+03 
2929050000 8.279725e+03 
2931200000 8.285625e+03 
2933350000 8.277850e+03 
2935500000 8.280875e+03 
2937650000 8.284475e+03 
2939800000 8.276250e+03 
2941950000 8.280875e+03 
2.944100e+09 8.281800e+03 
2946250000 8.263200e+03 
2948400000 8.268625e+03 
2950550000 8.287100e+03 
2952700000 8.272975e+03 
2954850000 8.296925e+03 
2957000000 8.266600e+03 
2959150000 8.242600e+03 
2961300000 8.274350e+03 
2963450000 8.264750e+03 
2965600000 8.273350e+03 
2967750000 8256 
2969900000 8.272650e+03 
2972050000 8.268025e+03 
2974200000 8.261775e+03 
2976350000 8276 
2978500000 8.279125e+03 
2980650000 8282 
2982800000 8.296475e+03 
2984950000 8.265175e+03 
2987100000 8.270225e+03 
2989250000 8.276825e+03 
2991400000 8.268950e+03 
2993550000 8.276925e+03 
2995700000 8.272975e+03 
2997850000 8.265650e+03 
3000000000 8.276300e+03 

END
