IGOR
WAVES/D/O sweep,sig(1) 
BEGIN
2570000000 8.178075e+03 
2.572150e+09 8.202375e+03 
2574300000 8.171325e+03 
2576450000 8.194525e+03 
2578600000 8.180050e+03 
2.580750e+09 8.208750e+03 
2582900000 8.207875e+03 
2585050000 8.205500e+03 
2.587200e+09 8.185300e+03 
2589350000 8.216775e+03 
2591500000 8.198525e+03 
2593650000 8196 
2.595800e+09 8.210250e+03 
2597950000 8.208125e+03 
2600100000 8.191200e+03 
2.602250e+09 8.199050e+03 
2604400000 8.192525e+03 
2606550000 8.220300e+03 
2608700000 8.189550e+03 
2.610850e+09 8.192175e+03 
2613000000 8.197525e+03 
2615150000 8.199925e+03 
2.617300e+09 8.212175e+03 
2619450000 8215 
2621600000 8.202750e+03 
2623750000 8.200575e+03 
2.625900e+09 8.164300e+03 
2628050000 8.176450e+03 
2630200000 8.170625e+03 
2.632350e+09 8.205375e+03 
2634500000 8.162300e+03 
2636650000 8.169850e+03 
2638800000 8193 
2.640950e+09 8.194750e+03 
2643100000 8.226100e+03 
2645250000 8.210450e+03 
2.647400e+09 8.228125e+03 
2649550000 8.203600e+03 
2651700000 8.187450e+03 
2653850000 8.214075e+03 
2.656000e+09 8.200025e+03 
2658150000 8.206100e+03 
2660300000 8.195650e+03 
2.662450e+09 8.174200e+03 
2664600000 8.155925e+03 
2666750000 8.168275e+03 
2668900000 8.134375e+03 
2.671050e+09 8.135600e+03 
2673200000 8.161900e+03 
2675350000 8.142725e+03 
2677500000 8.158075e+03 
2679650000 8.157425e+03 
2681800000 8.210225e+03 
2683950000 8.201800e+03 
2.686100e+09 8.198125e+03 
2688250000 8.215850e+03 
2690400000 8.221075e+03 
2692550000 8.208525e+03 
2694700000 8.184725e+03 
2696850000 8.149325e+03 
2699000000 8.181975e+03 
2.701150e+09 8.141675e+03 
2703300000 8.158750e+03 
2705450000 8.139950e+03 
2707600000 8.121975e+03 
2.709750e+09 8.148800e+03 
2711900000 8.161825e+03 
2714050000 8.189125e+03 
2.716200e+09 8.190800e+03 
2718350000 8.182075e+03 
2720500000 8.209250e+03 
2722650000 8.222675e+03 
2724800000 8.217600e+03 
2726950000 8.213625e+03 
2729100000 8.193425e+03 
2.731250e+09 8.193950e+03 
2733400000 8.189075e+03 
2735550000 8.183350e+03 
2737700000 8.189625e+03 
2.739850e+09 8.171050e+03 
2742000000 8.155325e+03 
2744150000 8.166025e+03 
2.746300e+09 8.193950e+03 
2748450000 8166 
2750600000 8.179500e+03 
2752750000 8.207225e+03 
2754900000 8.223950e+03 
2757050000 8.217450e+03 
2759200000 8.199325e+03 
2.761350e+09 8.207550e+03 
2763500000 8.215450e+03 
2765650000 8.209425e+03 
2767800000 8.219725e+03 
2.769950e+09 8.232275e+03 
2772100000 8.205650e+03 
2774250000 8.215750e+03 
2.776400e+09 8.219300e+03 
2778550000 8206 
2780700000 8.207600e+03 
2782850000 8.201650e+03 
2785000000 8.177975e+03 
2787150000 8.213150e+03 
2789300000 8.190300e+03 
2791450000 8.196550e+03 
2793600000 8.201475e+03 
2795750000 8.192700e+03 
2797900000 8.202075e+03 
2.800050e+09 8.185300e+03 
2802200000 8.201750e+03 
2804350000 8.199525e+03 
2806500000 8206 
2808650000 8.218125e+03 
2810800000 8.198725e+03 
2812950000 8.204525e+03 
2815100000 8.195950e+03 
2817250000 8.215475e+03 
2819400000 8.198100e+03 
2821550000 8.186875e+03 
2823700000 8.197975e+03 
2825850000 8.169450e+03 
2828000000 8.184900e+03 
2.830150e+09 8.193825e+03 
2832300000 8.196800e+03 
2834450000 8.201050e+03 
2836600000 8.200775e+03 
2838750000 8.189550e+03 
2840900000 8.191650e+03 
2843050000 8.170450e+03 
2845200000 8.206425e+03 
2847350000 8.188400e+03 
2849500000 8.205600e+03 
2851650000 8.192900e+03 
2853800000 8.198075e+03 
2855950000 8.173800e+03 
2858100000 8.193475e+03 
2.860250e+09 8.206150e+03 
2862400000 8.210700e+03 
2864550000 8.181300e+03 
2866700000 8.183650e+03 
2868850000 8.185450e+03 
2871000000 8.228900e+03 
2873150000 8.204100e+03 
2875300000 8.181800e+03 
2877450000 8.189950e+03 
2879600000 8.204075e+03 
2881750000 8.198825e+03 
2883900000 8.187025e+03 
2886050000 8.205925e+03 
2888200000 8.183400e+03 
2.890350e+09 8.173200e+03 
2892500000 8.190175e+03 
2894650000 8.200525e+03 
2896800000 8.164350e+03 
2898950000 8.174325e+03 
2901100000 8.217150e+03 
2903250000 8.201775e+03 
2905400000 8.209375e+03 
2907550000 8.182525e+03 
2909700000 8.176200e+03 
2911850000 8.192225e+03 
2914000000 8.188525e+03 
2916150000 8.187100e+03 
2918300000 8.179050e+03 
2920450000 8.212900e+03 
2922600000 8.203625e+03 
2924750000 8.170100e+03 
2926900000 8.189050e+03 
2929050000 8.187525e+03 
2931200000 8.169625e+03 
2933350000 8.202750e+03 
2935500000 8.200575e+03 
2937650000 8.176325e+03 
2939800000 8.199500e+03 
2941950000 8.183925e+03 
2.944100e+09 8.165025e+03 
2946250000 8.210750e+03 
2948400000 8.182350e+03 
2950550000 8.192875e+03 
2952700000 8.176675e+03 
2954850000 8.208025e+03 
2957000000 8.203725e+03 
2959150000 8.169350e+03 
2961300000 8.155850e+03 
2963450000 8.215625e+03 
2965600000 8.195550e+03 
2967750000 8.183525e+03 
2969900000 8.192425e+03 
2972050000 8.217800e+03 
2974200000 8.204900e+03 
2976350000 8.185275e+03 
2978500000 8.162775e+03 
2980650000 8.191575e+03 
2982800000 8.192775e+03 
2984950000 8.183075e+03 
2987100000 8.182250e+03 
2989250000 8.185825e+03 
2991400000 8.182075e+03 
2993550000 8.171250e+03 
2995700000 8.160300e+03 
2997850000 8.168950e+03 
3000000000 8.170625e+03 

END
