IGOR
WAVES/D/O sweep,sig(1) 
BEGIN
2570000000 8.346075e+03 
2.572150e+09 8.332975e+03 
2574300000 8.367250e+03 
2576450000 8.375975e+03 
2578600000 8.384950e+03 
2.580750e+09 8.343075e+03 
2582900000 8.349725e+03 
2585050000 8.367675e+03 
2.587200e+09 8.364350e+03 
2589350000 8.323600e+03 
2591500000 8.340650e+03 
2593650000 8.333025e+03 
2.595800e+09 8.341675e+03 
2597950000 8.346975e+03 
2600100000 8.366625e+03 
2.602250e+09 8.350225e+03 
2604400000 8.345050e+03 
2606550000 8.333950e+03 
2608700000 8.332625e+03 
2.610850e+09 8.332800e+03 
2613000000 8.336900e+03 
2615150000 8.347825e+03 
2.617300e+09 8.334900e+03 
2619450000 8.321800e+03 
2621600000 8.312350e+03 
2623750000 8.329400e+03 
2.625900e+09 8.304775e+03 
2628050000 8.303500e+03 
2630200000 8.289525e+03 
2.632350e+09 8.324525e+03 
2634500000 8.297350e+03 
2636650000 8.298075e+03 
2638800000 8.324700e+03 
2.640950e+09 8.336050e+03 
2643100000 8.335050e+03 
2645250000 8.338525e+03 
2.647400e+09 8.367925e+03 
2649550000 8.355625e+03 
2651700000 8.359725e+03 
2653850000 8.355550e+03 
2.656000e+09 8.364575e+03 
2658150000 8.341300e+03 
2660300000 8.323675e+03 
2.662450e+09 8.308025e+03 
2664600000 8.276125e+03 
2666750000 8.301250e+03 
2668900000 8.273375e+03 
2.671050e+09 8.240925e+03 
2673200000 8.266950e+03 
2675350000 8.275675e+03 
2677500000 8.313350e+03 
2679650000 8.325475e+03 
2681800000 8.317675e+03 
2683950000 8.349750e+03 
2.686100e+09 8.335050e+03 
2688250000 8.331900e+03 
2690400000 8.342200e+03 
2692550000 8.327800e+03 
2694700000 8.312500e+03 
2696850000 8.292575e+03 
2699000000 8.283925e+03 
2.701150e+09 8.283400e+03 
2703300000 8.266625e+03 
2705450000 8.279875e+03 
2707600000 8.245800e+03 
2.709750e+09 8.270050e+03 
2711900000 8.264800e+03 
2714050000 8.283125e+03 
2.716200e+09 8.290925e+03 
2718350000 8.326100e+03 
2720500000 8.352475e+03 
2722650000 8.345150e+03 
2724800000 8.345075e+03 
2726950000 8.321125e+03 
2729100000 8.326825e+03 
2.731250e+09 8.331675e+03 
2733400000 8.314750e+03 
2735550000 8.314425e+03 
2737700000 8.299825e+03 
2.739850e+09 8.321375e+03 
2742000000 8.300600e+03 
2744150000 8.318675e+03 
2.746300e+09 8.301025e+03 
2748450000 8315 
2750600000 8.302475e+03 
2752750000 8.337350e+03 
2754900000 8.367400e+03 
2757050000 8.323775e+03 
2759200000 8.329600e+03 
2.761350e+09 8.331325e+03 
2763500000 8.344300e+03 
2765650000 8.349675e+03 
2767800000 8.317625e+03 
2.769950e+09 8.318275e+03 
2772100000 8.346525e+03 
2774250000 8.340225e+03 
2.776400e+09 8.316725e+03 
2778550000 8.331350e+03 
2780700000 8.335575e+03 
2782850000 8.315850e+03 
2785000000 8.315175e+03 
2787150000 8.336650e+03 
2789300000 8.350525e+03 
2791450000 8.349025e+03 
2793600000 8.346175e+03 
2795750000 8.319075e+03 
2797900000 8.328975e+03 
2.800050e+09 8.327300e+03 
2802200000 8.327475e+03 
2804350000 8.313300e+03 
2806500000 8.318125e+03 
2808650000 8.323050e+03 
2810800000 8.336425e+03 
2812950000 8.328800e+03 
2815100000 8.337325e+03 
2817250000 8335 
2819400000 8311 
2821550000 8.296400e+03 
2823700000 8.343550e+03 
2825850000 8.342050e+03 
2828000000 8.316775e+03 
2.830150e+09 8.320475e+03 
2832300000 8.336325e+03 
2834450000 8.324600e+03 
2836600000 8.321325e+03 
2838750000 8.306275e+03 
2840900000 8.329175e+03 
2843050000 8.313725e+03 
2845200000 8.314125e+03 
2847350000 8.325225e+03 
2849500000 8.339375e+03 
2851650000 8.348550e+03 
2853800000 8.315150e+03 
2855950000 8.328750e+03 
2858100000 8.324025e+03 
2.860250e+09 8.330075e+03 
2862400000 8.312900e+03 
2864550000 8.306500e+03 
2866700000 8.294475e+03 
2868850000 8.319150e+03 
2871000000 8.331975e+03 
2873150000 8.316450e+03 
2875300000 8.303675e+03 
2877450000 8.305875e+03 
2879600000 8.322200e+03 
2881750000 8.320425e+03 
2883900000 8.276400e+03 
2886050000 8.305575e+03 
2888200000 8.314975e+03 
2.890350e+09 8.329575e+03 
2892500000 8.323225e+03 
2894650000 8.296075e+03 
2896800000 8.303325e+03 
2898950000 8.265225e+03 
2901100000 8.292825e+03 
2903250000 8.305775e+03 
2905400000 8.294275e+03 
2907550000 8.315025e+03 
2909700000 8.310600e+03 
2911850000 8.289675e+03 
2914000000 8.290700e+03 
2916150000 8.304575e+03 
2918300000 8.311600e+03 
2920450000 8.291200e+03 
2922600000 8.327625e+03 
2924750000 8.306300e+03 
2926900000 8.278800e+03 
2929050000 8.316325e+03 
2931200000 8.298200e+03 
2933350000 8.309300e+03 
2935500000 8.315850e+03 
2937650000 8.326950e+03 
2939800000 8.323300e+03 
2941950000 8.319825e+03 
2.944100e+09 8.304550e+03 
2946250000 8.302600e+03 
2948400000 8.316025e+03 
2950550000 8.314100e+03 
2952700000 8.332700e+03 
2954850000 8.302125e+03 
2957000000 8.309050e+03 
2959150000 8.304675e+03 
2961300000 8.311150e+03 
2963450000 8.298775e+03 
2965600000 8.300075e+03 
2967750000 8.310325e+03 
2969900000 8.318525e+03 
2972050000 8.298475e+03 
2974200000 8.331225e+03 
2976350000 8.309875e+03 
2978500000 8.307700e+03 
2980650000 8.308575e+03 
2982800000 8.297100e+03 
2984950000 8.304475e+03 
2987100000 8.308150e+03 
2989250000 8.320725e+03 
2991400000 8.295200e+03 
2993550000 8.309150e+03 
2995700000 8.315800e+03 
2997850000 8.316275e+03 
3000000000 8.299600e+03 

END
