IGOR
WAVES/D/O sweep,sig(1) 
BEGIN
2570000000 8.253775e+03 
2.572150e+09 8.258450e+03 
2574300000 8240 
2576450000 8.249550e+03 
2578600000 8.227825e+03 
2.580750e+09 8.255400e+03 
2582900000 8.283750e+03 
2585050000 8.243525e+03 
2.587200e+09 8.251700e+03 
2589350000 8.260400e+03 
2591500000 8.236425e+03 
2593650000 8.257375e+03 
2.595800e+09 8.231125e+03 
2597950000 8.269500e+03 
2600100000 8.253850e+03 
2.602250e+09 8.248475e+03 
2604400000 8.267275e+03 
2606550000 8.267950e+03 
2608700000 8.251125e+03 
2.610850e+09 8.257650e+03 
2613000000 8.247650e+03 
2615150000 8.251850e+03 
2.617300e+09 8.234300e+03 
2619450000 8.241925e+03 
2621600000 8.247800e+03 
2623750000 8.241200e+03 
2.625900e+09 8.248900e+03 
2628050000 8.222275e+03 
2630200000 8.180800e+03 
2.632350e+09 8.223275e+03 
2634500000 8.227375e+03 
2636650000 8.226450e+03 
2638800000 8.215850e+03 
2.640950e+09 8.215150e+03 
2643100000 8.238250e+03 
2645250000 8.237350e+03 
2.647400e+09 8.250850e+03 
2649550000 8.275450e+03 
2651700000 8.260250e+03 
2653850000 8.266150e+03 
2.656000e+09 8.248375e+03 
2658150000 8.277150e+03 
2660300000 8.230450e+03 
2.662450e+09 8.221600e+03 
2664600000 8.197150e+03 
2666750000 8.195975e+03 
2668900000 8.176450e+03 
2.671050e+09 8.177950e+03 
2673200000 8.183500e+03 
2675350000 8.187675e+03 
2677500000 8.216050e+03 
2679650000 8.226500e+03 
2681800000 8259 
2683950000 8.243350e+03 
2.686100e+09 8.231400e+03 
2688250000 8.251400e+03 
2690400000 8.269950e+03 
2692550000 8.237725e+03 
2694700000 8.238500e+03 
2696850000 8.240075e+03 
2699000000 8.203625e+03 
2.701150e+09 8.200750e+03 
2703300000 8.175400e+03 
2705450000 8.190400e+03 
2707600000 8.188250e+03 
2.709750e+09 8.201675e+03 
2711900000 8.206600e+03 
2714050000 8.246200e+03 
2.716200e+09 8.219175e+03 
2718350000 8.257350e+03 
2720500000 8.254225e+03 
2722650000 8.271025e+03 
2724800000 8.249700e+03 
2726950000 8.265525e+03 
2729100000 8.248850e+03 
2.731250e+09 8.267675e+03 
2733400000 8.223950e+03 
2735550000 8.215125e+03 
2737700000 8.222650e+03 
2.739850e+09 8.226550e+03 
2742000000 8.199150e+03 
2744150000 8.218850e+03 
2.746300e+09 8.221525e+03 
2748450000 8.217300e+03 
2750600000 8.235225e+03 
2752750000 8.232575e+03 
2754900000 8.216075e+03 
2757050000 8.229225e+03 
2759200000 8.235250e+03 
2.761350e+09 8.253200e+03 
2763500000 8.258125e+03 
2765650000 8.262950e+03 
2767800000 8252 
2.769950e+09 8.264900e+03 
2772100000 8.266675e+03 
2774250000 8.258725e+03 
2.776400e+09 8266 
2778550000 8.250300e+03 
2780700000 8.233650e+03 
2782850000 8.227625e+03 
2785000000 8.259500e+03 
2787150000 8.249950e+03 
2789300000 8.241700e+03 
2791450000 8.222850e+03 
2793600000 8.208350e+03 
2795750000 8.242200e+03 
2797900000 8.219250e+03 
2.800050e+09 8.236425e+03 
2802200000 8.230900e+03 
2804350000 8.243850e+03 
2806500000 8.245425e+03 
2808650000 8.226725e+03 
2810800000 8.254750e+03 
2812950000 8.246425e+03 
2815100000 8.217625e+03 
2817250000 8.234600e+03 
2819400000 8.237075e+03 
2821550000 8.213875e+03 
2823700000 8.231475e+03 
2825850000 8.222275e+03 
2828000000 8.211875e+03 
2.830150e+09 8.228700e+03 
2832300000 8.217125e+03 
2834450000 8.226825e+03 
2836600000 8.224025e+03 
2838750000 8.210825e+03 
2840900000 8.231800e+03 
2843050000 8.221750e+03 
2845200000 8.200275e+03 
2847350000 8.197625e+03 
2849500000 8.214300e+03 
2851650000 8.235450e+03 
2853800000 8.250100e+03 
2855950000 8238 
2858100000 8.239700e+03 
2.860250e+09 8.226700e+03 
2862400000 8.218775e+03 
2864550000 8.232175e+03 
2866700000 8.212825e+03 
2868850000 8.217575e+03 
2871000000 8.232375e+03 
2873150000 8.216275e+03 
2875300000 8.234775e+03 
2877450000 8.226025e+03 
2879600000 8.217975e+03 
2881750000 8.232575e+03 
2883900000 8.206325e+03 
2886050000 8.218850e+03 
2888200000 8.235125e+03 
2.890350e+09 8248 
2892500000 8.226150e+03 
2894650000 8.218725e+03 
2896800000 8.235825e+03 
2898950000 8.229175e+03 
2901100000 8.209325e+03 
2903250000 8.201350e+03 
2905400000 8.227075e+03 
2907550000 8.235275e+03 
2909700000 8.228650e+03 
2911850000 8.200950e+03 
2914000000 8.195550e+03 
2916150000 8.249150e+03 
2918300000 8.220275e+03 
2920450000 8.214025e+03 
2922600000 8.213275e+03 
2924750000 8.230900e+03 
2926900000 8.226250e+03 
2929050000 8.234050e+03 
2931200000 8.217875e+03 
2933350000 8.222900e+03 
2935500000 8.225850e+03 
2937650000 8.208075e+03 
2939800000 8.231625e+03 
2941950000 8.225200e+03 
2.944100e+09 8.230975e+03 
2946250000 8.246350e+03 
2948400000 8.236375e+03 
2950550000 8.226500e+03 
2952700000 8.234300e+03 
2954850000 8.228175e+03 
2957000000 8.216650e+03 
2959150000 8.212500e+03 
2961300000 8.217600e+03 
2963450000 8.225150e+03 
2965600000 8.230925e+03 
2967750000 8207 
2969900000 8.203125e+03 
2972050000 8.229825e+03 
2974200000 8.234650e+03 
2976350000 8.226925e+03 
2978500000 8.225050e+03 
2980650000 8.219175e+03 
2982800000 8.233375e+03 
2984950000 8.200800e+03 
2987100000 8.240350e+03 
2989250000 8.224025e+03 
2991400000 8.189750e+03 
2993550000 8.187175e+03 
2995700000 8.234200e+03 
2997850000 8.218025e+03 
3000000000 8.218950e+03 

END
