IGOR
WAVES/D/O sweep,sig(1) 
BEGIN
2570000000 8.255300e+03 
2.572150e+09 8.232725e+03 
2574300000 8.248350e+03 
2576450000 8.243425e+03 
2578600000 8.257275e+03 
2.580750e+09 8.241375e+03 
2582900000 8.241150e+03 
2585050000 8.256250e+03 
2.587200e+09 8.252025e+03 
2589350000 8.249775e+03 
2591500000 8.265925e+03 
2593650000 8.260350e+03 
2.595800e+09 8.244950e+03 
2597950000 8.235475e+03 
2600100000 8.237775e+03 
2.602250e+09 8.237800e+03 
2604400000 8.259225e+03 
2606550000 8.250275e+03 
2608700000 8.232300e+03 
2.610850e+09 8.254425e+03 
2613000000 8.247475e+03 
2615150000 8.257350e+03 
2.617300e+09 8.262800e+03 
2619450000 8.241700e+03 
2621600000 8.227375e+03 
2623750000 8.224600e+03 
2.625900e+09 8.212375e+03 
2628050000 8.220175e+03 
2630200000 8.199525e+03 
2.632350e+09 8.188700e+03 
2634500000 8195 
2636650000 8.195175e+03 
2638800000 8.207600e+03 
2.640950e+09 8.214200e+03 
2643100000 8.234450e+03 
2645250000 8.222050e+03 
2.647400e+09 8.238525e+03 
2649550000 8.260925e+03 
2651700000 8.250650e+03 
2653850000 8.285400e+03 
2.656000e+09 8.248850e+03 
2658150000 8.235675e+03 
2660300000 8.239350e+03 
2.662450e+09 8.202550e+03 
2664600000 8.211925e+03 
2666750000 8.172050e+03 
2668900000 8.189425e+03 
2.671050e+09 8.208500e+03 
2673200000 8.207375e+03 
2675350000 8.202975e+03 
2677500000 8.207525e+03 
2679650000 8.228775e+03 
2681800000 8.214550e+03 
2683950000 8.238375e+03 
2.686100e+09 8.266300e+03 
2688250000 8.255800e+03 
2690400000 8.232225e+03 
2692550000 8.246100e+03 
2694700000 8.224200e+03 
2696850000 8.224300e+03 
2699000000 8.200500e+03 
2.701150e+09 8.172725e+03 
2703300000 8.193275e+03 
2705450000 8.182550e+03 
2707600000 8.170850e+03 
2.709750e+09 8.164025e+03 
2711900000 8.206925e+03 
2714050000 8.216400e+03 
2.716200e+09 8.225400e+03 
2718350000 8.233300e+03 
2720500000 8.224400e+03 
2722650000 8.237575e+03 
2724800000 8.232325e+03 
2726950000 8.238875e+03 
2729100000 8.210400e+03 
2.731250e+09 8233 
2733400000 8.198900e+03 
2735550000 8.225175e+03 
2737700000 8.241275e+03 
2.739850e+09 8.200775e+03 
2742000000 8.208750e+03 
2744150000 8.178300e+03 
2.746300e+09 8.176075e+03 
2748450000 8.204725e+03 
2750600000 8.216450e+03 
2752750000 8.219250e+03 
2754900000 8.230425e+03 
2757050000 8.229900e+03 
2759200000 8.238675e+03 
2.761350e+09 8.245400e+03 
2763500000 8.229675e+03 
2765650000 8.251300e+03 
2767800000 8.250100e+03 
2.769950e+09 8.224150e+03 
2772100000 8.238675e+03 
2774250000 8.224200e+03 
2.776400e+09 8.262825e+03 
2778550000 8.229750e+03 
2780700000 8.246400e+03 
2782850000 8.235950e+03 
2785000000 8.255575e+03 
2787150000 8.235175e+03 
2789300000 8.251275e+03 
2791450000 8.238450e+03 
2793600000 8.242425e+03 
2795750000 8.270850e+03 
2797900000 8.274725e+03 
2.800050e+09 8.267275e+03 
2802200000 8.263675e+03 
2804350000 8.246975e+03 
2806500000 8.247925e+03 
2808650000 8.247050e+03 
2810800000 8.256675e+03 
2812950000 8.250850e+03 
2815100000 8.240025e+03 
2817250000 8.223250e+03 
2819400000 8.253775e+03 
2821550000 8.235375e+03 
2823700000 8.236650e+03 
2825850000 8.229950e+03 
2828000000 8.257275e+03 
2.830150e+09 8.276525e+03 
2832300000 8.248700e+03 
2834450000 8.276625e+03 
2836600000 8.263500e+03 
2838750000 8.245900e+03 
2840900000 8.255875e+03 
2843050000 8.251975e+03 
2845200000 8.265775e+03 
2847350000 8.255675e+03 
2849500000 8.258025e+03 
2851650000 8.246300e+03 
2853800000 8.264050e+03 
2855950000 8.267225e+03 
2858100000 8.271075e+03 
2.860250e+09 8.304550e+03 
2862400000 8.266250e+03 
2864550000 8.306950e+03 
2866700000 8.269025e+03 
2868850000 8.268325e+03 
2871000000 8.277825e+03 
2873150000 8.277500e+03 
2875300000 8.277225e+03 
2877450000 8.274175e+03 
2879600000 8.249775e+03 
2881750000 8.262325e+03 
2883900000 8.279375e+03 
2886050000 8.269925e+03 
2888200000 8.243675e+03 
2.890350e+09 8.293425e+03 
2892500000 8.277325e+03 
2894650000 8.269125e+03 
2896800000 8.274300e+03 
2898950000 8280 
2901100000 8.267425e+03 
2903250000 8.270975e+03 
2905400000 8.267075e+03 
2907550000 8.274675e+03 
2909700000 8.266500e+03 
2911850000 8.266700e+03 
2914000000 8.279400e+03 
2916150000 8.279750e+03 
2918300000 8.274950e+03 
2920450000 8.280750e+03 
2922600000 8.290450e+03 
2924750000 8.287225e+03 
2926900000 8.292675e+03 
2929050000 8.268450e+03 
2931200000 8.270375e+03 
2933350000 8.274850e+03 
2935500000 8.256350e+03 
2937650000 8.253600e+03 
2939800000 8.271700e+03 
2941950000 8.260625e+03 
2.944100e+09 8.283200e+03 
2946250000 8.273425e+03 
2948400000 8.267750e+03 
2950550000 8.265825e+03 
2952700000 8.284500e+03 
2954850000 8.272850e+03 
2957000000 8.269500e+03 
2959150000 8.262225e+03 
2961300000 8.254650e+03 
2963450000 8.290350e+03 
2965600000 8.247300e+03 
2967750000 8.268900e+03 
2969900000 8.275450e+03 
2972050000 8.254750e+03 
2974200000 8.281875e+03 
2976350000 8.257825e+03 
2978500000 8.274025e+03 
2980650000 8.268450e+03 
2982800000 8.259050e+03 
2984950000 8.284625e+03 
2987100000 8.260375e+03 
2989250000 8.269725e+03 
2991400000 8.248600e+03 
2993550000 8.257975e+03 
2995700000 8.267375e+03 
2997850000 8.263800e+03 
3000000000 8.246550e+03 

END
