IGOR
WAVES/D/O sweep,sig(1) 
BEGIN
2570000000 8.264025e+03 
2.572150e+09 8.291500e+03 
2574300000 8.277450e+03 
2576450000 8.276125e+03 
2578600000 8.273525e+03 
2.580750e+09 8.271375e+03 
2582900000 8.311125e+03 
2585050000 8.265325e+03 
2.587200e+09 8.255075e+03 
2589350000 8.269325e+03 
2591500000 8.262325e+03 
2593650000 8.279900e+03 
2.595800e+09 8.287850e+03 
2597950000 8.279300e+03 
2600100000 8.273675e+03 
2.602250e+09 8.275675e+03 
2604400000 8.267700e+03 
2606550000 8.299650e+03 
2608700000 8.289900e+03 
2.610850e+09 8.289125e+03 
2613000000 8.279175e+03 
2615150000 8.283150e+03 
2.617300e+09 8.298050e+03 
2619450000 8.249075e+03 
2621600000 8.256350e+03 
2623750000 8.252075e+03 
2.625900e+09 8.262100e+03 
2628050000 8.231850e+03 
2630200000 8.227275e+03 
2.632350e+09 8.219825e+03 
2634500000 8.232925e+03 
2636650000 8.226150e+03 
2638800000 8.258175e+03 
2.640950e+09 8.263525e+03 
2643100000 8.247450e+03 
2645250000 8.272900e+03 
2.647400e+09 8.244200e+03 
2649550000 8269 
2651700000 8.267150e+03 
2653850000 8.272050e+03 
2.656000e+09 8.250475e+03 
2658150000 8.255975e+03 
2660300000 8.261425e+03 
2.662450e+09 8.240450e+03 
2664600000 8.221950e+03 
2666750000 8.206875e+03 
2668900000 8.223050e+03 
2.671050e+09 8.205300e+03 
2673200000 8.226050e+03 
2675350000 8.211450e+03 
2677500000 8.236175e+03 
2679650000 8.258250e+03 
2681800000 8.245575e+03 
2683950000 8.305075e+03 
2.686100e+09 8.282025e+03 
2688250000 8280 
2690400000 8.285975e+03 
2692550000 8.274200e+03 
2694700000 8.245900e+03 
2696850000 8.236175e+03 
2699000000 8.227625e+03 
2.701150e+09 8.228450e+03 
2703300000 8.215775e+03 
2705450000 8.220350e+03 
2707600000 8.207500e+03 
2.709750e+09 8.220600e+03 
2711900000 8.212350e+03 
2714050000 8.230500e+03 
2.716200e+09 8.252550e+03 
2718350000 8.275375e+03 
2720500000 8.269175e+03 
2722650000 8.297600e+03 
2724800000 8.291925e+03 
2726950000 8.275550e+03 
2729100000 8.242525e+03 
2.731250e+09 8.249500e+03 
2733400000 8.244150e+03 
2735550000 8.250400e+03 
2737700000 8.239550e+03 
2.739850e+09 8.235175e+03 
2742000000 8.225125e+03 
2744150000 8.248050e+03 
2.746300e+09 8.250575e+03 
2748450000 8.237425e+03 
2750600000 8.280725e+03 
2752750000 8.256550e+03 
2754900000 8.276100e+03 
2757050000 8.268100e+03 
2759200000 8.246275e+03 
2.761350e+09 8.271400e+03 
2763500000 8.249750e+03 
2765650000 8.253100e+03 
2767800000 8.253375e+03 
2.769950e+09 8.256225e+03 
2772100000 8.275225e+03 
2774250000 8.282625e+03 
2.776400e+09 8.249600e+03 
2778550000 8.259750e+03 
2780700000 8.260850e+03 
2782850000 8.257575e+03 
2785000000 8.255025e+03 
2787150000 8.279175e+03 
2789300000 8.288700e+03 
2791450000 8.261450e+03 
2793600000 8.266825e+03 
2795750000 8.237700e+03 
2797900000 8.265475e+03 
2.800050e+09 8.284625e+03 
2802200000 8.279575e+03 
2804350000 8.279975e+03 
2806500000 8.269450e+03 
2808650000 8.277425e+03 
2810800000 8.284525e+03 
2812950000 8.284600e+03 
2815100000 8.255825e+03 
2817250000 8.269850e+03 
2819400000 8.272350e+03 
2821550000 8.293750e+03 
2823700000 8.264325e+03 
2825850000 8.295875e+03 
2828000000 8.269075e+03 
2.830150e+09 8.280750e+03 
2832300000 8.292225e+03 
2834450000 8.252050e+03 
2836600000 8.277925e+03 
2838750000 8301 
2840900000 8.275325e+03 
2843050000 8.263800e+03 
2845200000 8.277875e+03 
2847350000 8.291825e+03 
2849500000 8.302075e+03 
2851650000 8.287950e+03 
2853800000 8.258075e+03 
2855950000 8.273025e+03 
2858100000 8.288575e+03 
2.860250e+09 8.294300e+03 
2862400000 8.283200e+03 
2864550000 8.289325e+03 
2866700000 8.295175e+03 
2868850000 8.285500e+03 
2871000000 8.299175e+03 
2873150000 8.284025e+03 
2875300000 8.267175e+03 
2877450000 8.265450e+03 
2879600000 8.265925e+03 
2881750000 8.295875e+03 
2883900000 8.271850e+03 
2886050000 8.271325e+03 
2888200000 8.271900e+03 
2.890350e+09 8.293100e+03 
2892500000 8.261200e+03 
2894650000 8.262500e+03 
2896800000 8.283350e+03 
2898950000 8.265600e+03 
2901100000 8.273275e+03 
2903250000 8.267800e+03 
2905400000 8.288450e+03 
2907550000 8.287575e+03 
2909700000 8.298900e+03 
2911850000 8.277625e+03 
2914000000 8.294275e+03 
2916150000 8.271850e+03 
2918300000 8.281425e+03 
2920450000 8.287675e+03 
2922600000 8.264475e+03 
2924750000 8.270950e+03 
2926900000 8.279975e+03 
2929050000 8.242800e+03 
2931200000 8.263650e+03 
2933350000 8.281300e+03 
2935500000 8.276925e+03 
2937650000 8.275700e+03 
2939800000 8.270250e+03 
2941950000 8.254075e+03 
2.944100e+09 8.290250e+03 
2946250000 8.269575e+03 
2948400000 8.276050e+03 
2950550000 8.266550e+03 
2952700000 8.300800e+03 
2954850000 8.273825e+03 
2957000000 8.267425e+03 
2959150000 8.270875e+03 
2961300000 8.292375e+03 
2963450000 8.264025e+03 
2965600000 8.262575e+03 
2967750000 8.268250e+03 
2969900000 8.280950e+03 
2972050000 8.263425e+03 
2974200000 8.284200e+03 
2976350000 8.296700e+03 
2978500000 8.273275e+03 
2980650000 8.265400e+03 
2982800000 8.256925e+03 
2984950000 8.254875e+03 
2987100000 8270 
2989250000 8.249175e+03 
2991400000 8.291375e+03 
2993550000 8.280850e+03 
2995700000 8.273725e+03 
2997850000 8.284150e+03 
3000000000 8.259375e+03 

END
