IGOR
WAVES/D/O sweep,sig(1) 
BEGIN
2570000000 8.362625e+03 
2.572150e+09 8.399750e+03 
2574300000 8.400525e+03 
2576450000 8.383075e+03 
2578600000 8.426650e+03 
2.580750e+09 8.357650e+03 
2582900000 8.386900e+03 
2585050000 8.370700e+03 
2.587200e+09 8.377925e+03 
2589350000 8.381200e+03 
2591500000 8.412700e+03 
2593650000 8.412025e+03 
2.595800e+09 8.392325e+03 
2597950000 8.387575e+03 
2600100000 8.393625e+03 
2.602250e+09 8.392075e+03 
2604400000 8.396325e+03 
2606550000 8.383825e+03 
2608700000 8387 
2.610850e+09 8.388075e+03 
2613000000 8.391425e+03 
2615150000 8.387925e+03 
2.617300e+09 8.365050e+03 
2619450000 8.372175e+03 
2621600000 8.368050e+03 
2623750000 8.375875e+03 
2.625900e+09 8.353275e+03 
2628050000 8.366725e+03 
2630200000 8.386675e+03 
2.632350e+09 8.320725e+03 
2634500000 8.356050e+03 
2636650000 8.350800e+03 
2638800000 8.347675e+03 
2.640950e+09 8.352950e+03 
2643100000 8.357750e+03 
2645250000 8.354525e+03 
2.647400e+09 8.352525e+03 
2649550000 8.376050e+03 
2651700000 8.364525e+03 
2653850000 8.368100e+03 
2.656000e+09 8.367075e+03 
2658150000 8.350850e+03 
2660300000 8.347375e+03 
2.662450e+09 8.335275e+03 
2664600000 8.339375e+03 
2666750000 8.334675e+03 
2668900000 8.316150e+03 
2.671050e+09 8.312125e+03 
2673200000 8.307275e+03 
2675350000 8.318325e+03 
2677500000 8.342575e+03 
2679650000 8334 
2681800000 8.364500e+03 
2683950000 8.381250e+03 
2.686100e+09 8.381400e+03 
2688250000 8.355900e+03 
2690400000 8.368425e+03 
2692550000 8.352750e+03 
2694700000 8.334300e+03 
2696850000 8.338625e+03 
2699000000 8.340900e+03 
2.701150e+09 8.309500e+03 
2703300000 8.306175e+03 
2705450000 8.314225e+03 
2707600000 8.290950e+03 
2.709750e+09 8.322950e+03 
2711900000 8.336675e+03 
2714050000 8.336500e+03 
2.716200e+09 8.338550e+03 
2718350000 8.388475e+03 
2720500000 8.377775e+03 
2722650000 8.380700e+03 
2724800000 8.361400e+03 
2726950000 8.362850e+03 
2729100000 8.363200e+03 
2.731250e+09 8.351400e+03 
2733400000 8.343275e+03 
2735550000 8.370225e+03 
2737700000 8.348350e+03 
2.739850e+09 8.359150e+03 
2742000000 8.350750e+03 
2744150000 8.336325e+03 
2.746300e+09 8.353950e+03 
2748450000 8.373500e+03 
2750600000 8.349400e+03 
2752750000 8.362275e+03 
2754900000 8.364375e+03 
2757050000 8.372075e+03 
2759200000 8.371175e+03 
2.761350e+09 8.351300e+03 
2763500000 8.341725e+03 
2765650000 8.377275e+03 
2767800000 8.374650e+03 
2.769950e+09 8.389100e+03 
2772100000 8.393825e+03 
2774250000 8.364125e+03 
2.776400e+09 8.367100e+03 
2778550000 8.354025e+03 
2780700000 8.369725e+03 
2782850000 8.361825e+03 
2785000000 8.364275e+03 
2787150000 8.356325e+03 
2789300000 8.377925e+03 
2791450000 8.351200e+03 
2793600000 8.377525e+03 
2795750000 8.338950e+03 
2797900000 8.367950e+03 
2.800050e+09 8367 
2802200000 8.363375e+03 
2804350000 8.354625e+03 
2806500000 8.390150e+03 
2808650000 8.363775e+03 
2810800000 8.348775e+03 
2812950000 8.363350e+03 
2815100000 8.364400e+03 
2817250000 8.371200e+03 
2819400000 8.385625e+03 
2821550000 8.355200e+03 
2823700000 8.357625e+03 
2825850000 8.349400e+03 
2828000000 8.357125e+03 
2.830150e+09 8.371075e+03 
2832300000 8.369550e+03 
2834450000 8.340500e+03 
2836600000 8.379600e+03 
2838750000 8.368575e+03 
2840900000 8.355375e+03 
2843050000 8.366925e+03 
2845200000 8.364950e+03 
2847350000 8.376675e+03 
2849500000 8.369475e+03 
2851650000 8.360925e+03 
2853800000 8.365650e+03 
2855950000 8.364275e+03 
2858100000 8.377750e+03 
2.860250e+09 8.338275e+03 
2862400000 8.390725e+03 
2864550000 8.385200e+03 
2866700000 8.340500e+03 
2868850000 8.350450e+03 
2871000000 8.338900e+03 
2873150000 8.364775e+03 
2875300000 8332 
2877450000 8.337425e+03 
2879600000 8.344675e+03 
2881750000 8.365325e+03 
2883900000 8.351500e+03 
2886050000 8.329650e+03 
2888200000 8.364125e+03 
2.890350e+09 8.355750e+03 
2892500000 8.351475e+03 
2894650000 8.366475e+03 
2896800000 8.369075e+03 
2898950000 8.364500e+03 
2901100000 8.355925e+03 
2903250000 8.351775e+03 
2905400000 8.364675e+03 
2907550000 8.339825e+03 
2909700000 8.370125e+03 
2911850000 8.368175e+03 
2914000000 8.354650e+03 
2916150000 8.349150e+03 
2918300000 8.363625e+03 
2920450000 8.352650e+03 
2922600000 8.354350e+03 
2924750000 8.365875e+03 
2926900000 8.338750e+03 
2929050000 8.374625e+03 
2931200000 8.361450e+03 
2933350000 8.351850e+03 
2935500000 8.346425e+03 
2937650000 8.350875e+03 
2939800000 8.367375e+03 
2941950000 8.375750e+03 
2.944100e+09 8.380250e+03 
2946250000 8.362725e+03 
2948400000 8.352700e+03 
2950550000 8.339825e+03 
2952700000 8.353650e+03 
2954850000 8.370100e+03 
2957000000 8.361650e+03 
2959150000 8.348850e+03 
2961300000 8.344125e+03 
2963450000 8.363250e+03 
2965600000 8.368750e+03 
2967750000 8.359625e+03 
2969900000 8.360350e+03 
2972050000 8.355750e+03 
2974200000 8.353725e+03 
2976350000 8.362050e+03 
2978500000 8.358775e+03 
2980650000 8.328050e+03 
2982800000 8.374400e+03 
2984950000 8.349075e+03 
2987100000 8.340850e+03 
2989250000 8.347175e+03 
2991400000 8.366250e+03 
2993550000 8.340500e+03 
2995700000 8.343675e+03 
2997850000 8.344550e+03 
3000000000 8.346700e+03 

END
