IGOR
WAVES/D/O sweep,sig(1) 
BEGIN
2570000000 8.158975e+03 
2.572150e+09 8.155400e+03 
2574300000 8.136050e+03 
2576450000 8.172900e+03 
2578600000 8.147775e+03 
2.580750e+09 8.162450e+03 
2582900000 8.143525e+03 
2585050000 8.160500e+03 
2.587200e+09 8.168950e+03 
2589350000 8.143575e+03 
2591500000 8.142225e+03 
2593650000 8.163275e+03 
2.595800e+09 8.189375e+03 
2597950000 8.161350e+03 
2600100000 8.156775e+03 
2.602250e+09 8.152900e+03 
2604400000 8.176825e+03 
2606550000 8.148675e+03 
2608700000 8.153425e+03 
2.610850e+09 8.155375e+03 
2613000000 8.174500e+03 
2615150000 8.164125e+03 
2.617300e+09 8.147225e+03 
2619450000 8156 
2621600000 8.172075e+03 
2623750000 8.163075e+03 
2.625900e+09 8.127875e+03 
2628050000 8.140100e+03 
2630200000 8.138325e+03 
2.632350e+09 8.096525e+03 
2634500000 8.122575e+03 
2636650000 8.160725e+03 
2638800000 8.147975e+03 
2.640950e+09 8.162175e+03 
2643100000 8.147325e+03 
2645250000 8.139750e+03 
2.647400e+09 8.163600e+03 
2649550000 8.189075e+03 
2651700000 8.172525e+03 
2653850000 8.181700e+03 
2.656000e+09 8.182725e+03 
2658150000 8.179150e+03 
2660300000 8.144625e+03 
2.662450e+09 8.135500e+03 
2664600000 8.127350e+03 
2666750000 8.097350e+03 
2668900000 8.085425e+03 
2.671050e+09 8.108625e+03 
2673200000 8.089225e+03 
2675350000 8.122350e+03 
2677500000 8.106075e+03 
2679650000 8.125425e+03 
2681800000 8.147525e+03 
2683950000 8.149650e+03 
2.686100e+09 8.153950e+03 
2688250000 8.174500e+03 
2690400000 8.150325e+03 
2692550000 8.149800e+03 
2694700000 8.133425e+03 
2696850000 8.134300e+03 
2699000000 8.109425e+03 
2.701150e+09 8.109625e+03 
2703300000 8.093750e+03 
2705450000 8.067825e+03 
2707600000 8.084325e+03 
2.709750e+09 8.099075e+03 
2711900000 8.097500e+03 
2714050000 8.103375e+03 
2.716200e+09 8.143650e+03 
2718350000 8.138750e+03 
2720500000 8.136250e+03 
2722650000 8.154625e+03 
2724800000 8.151725e+03 
2726950000 8.145525e+03 
2729100000 8.153975e+03 
2.731250e+09 8138 
2733400000 8.153225e+03 
2735550000 8.143050e+03 
2737700000 8.121825e+03 
2.739850e+09 8.137825e+03 
2742000000 8.117325e+03 
2744150000 8.128925e+03 
2.746300e+09 8.125375e+03 
2748450000 8.133550e+03 
2750600000 8.139650e+03 
2752750000 8.153825e+03 
2754900000 8.149900e+03 
2757050000 8.145675e+03 
2759200000 8.144275e+03 
2.761350e+09 8.149175e+03 
2763500000 8.156650e+03 
2765650000 8.149150e+03 
2767800000 8.152425e+03 
2.769950e+09 8.165750e+03 
2772100000 8.180100e+03 
2774250000 8.144650e+03 
2.776400e+09 8.141900e+03 
2778550000 8.135425e+03 
2780700000 8.168025e+03 
2782850000 8.131700e+03 
2785000000 8.159500e+03 
2787150000 8142 
2789300000 8.138375e+03 
2791450000 8.143400e+03 
2793600000 8.143150e+03 
2795750000 8.141975e+03 
2797900000 8.178875e+03 
2.800050e+09 8.164200e+03 
2802200000 8.141950e+03 
2804350000 8.152450e+03 
2806500000 8.150975e+03 
2808650000 8.163300e+03 
2810800000 8.157725e+03 
2812950000 8.168825e+03 
2815100000 8.153300e+03 
2817250000 8.143200e+03 
2819400000 8.147700e+03 
2821550000 8.151150e+03 
2823700000 8.167950e+03 
2825850000 8.154750e+03 
2828000000 8.170800e+03 
2.830150e+09 8.149475e+03 
2832300000 8.157250e+03 
2834450000 8.163400e+03 
2836600000 8.135975e+03 
2838750000 8.169675e+03 
2840900000 8.148900e+03 
2843050000 8.163175e+03 
2845200000 8.155525e+03 
2847350000 8.153575e+03 
2849500000 8.140550e+03 
2851650000 8.147250e+03 
2853800000 8.132475e+03 
2855950000 8.142600e+03 
2858100000 8.153975e+03 
2.860250e+09 8.163975e+03 
2862400000 8.176275e+03 
2864550000 8.157225e+03 
2866700000 8.150800e+03 
2868850000 8.177975e+03 
2871000000 8.169100e+03 
2873150000 8.148350e+03 
2875300000 8.147925e+03 
2877450000 8.174475e+03 
2879600000 8.162725e+03 
2881750000 8.163400e+03 
2883900000 8.147850e+03 
2886050000 8.166275e+03 
2888200000 8.139375e+03 
2.890350e+09 8.141600e+03 
2892500000 8.135175e+03 
2894650000 8.134575e+03 
2896800000 8.146650e+03 
2898950000 8.164575e+03 
2901100000 8.126350e+03 
2903250000 8.157750e+03 
2905400000 8.131525e+03 
2907550000 8.133525e+03 
2909700000 8.140400e+03 
2911850000 8.142975e+03 
2914000000 8.141450e+03 
2916150000 8.169475e+03 
2918300000 8.131950e+03 
2920450000 8.151725e+03 
2922600000 8.159125e+03 
2924750000 8.150475e+03 
2926900000 8.149050e+03 
2929050000 8.171950e+03 
2931200000 8.154900e+03 
2933350000 8.178775e+03 
2935500000 8.161725e+03 
2937650000 8.135200e+03 
2939800000 8.178500e+03 
2941950000 8.152400e+03 
2.944100e+09 8.154500e+03 
2946250000 8.154700e+03 
2948400000 8.172675e+03 
2950550000 8.185300e+03 
2952700000 8.155350e+03 
2954850000 8.156800e+03 
2957000000 8.198575e+03 
2959150000 8.164100e+03 
2961300000 8.142350e+03 
2963450000 8.154125e+03 
2965600000 8.179800e+03 
2967750000 8.155725e+03 
2969900000 8.152625e+03 
2972050000 8.184050e+03 
2974200000 8.157700e+03 
2976350000 8.147700e+03 
2978500000 8.160950e+03 
2980650000 8.160800e+03 
2982800000 8.162300e+03 
2984950000 8.145925e+03 
2987100000 8.150700e+03 
2989250000 8.169200e+03 
2991400000 8.149900e+03 
2993550000 8.169600e+03 
2995700000 8.154500e+03 
2997850000 8.149600e+03 
3000000000 8.181275e+03 

END
