IGOR
WAVES/D/O sweep,sig(1) 
BEGIN
2570000000 8.233800e+03 
2.572150e+09 8.232650e+03 
2574300000 8.238250e+03 
2576450000 8.248875e+03 
2578600000 8.261775e+03 
2.580750e+09 8.243025e+03 
2582900000 8.233750e+03 
2585050000 8.227825e+03 
2.587200e+09 8.235425e+03 
2589350000 8.220700e+03 
2591500000 8.223725e+03 
2593650000 8.242500e+03 
2.595800e+09 8.239775e+03 
2597950000 8.228525e+03 
2600100000 8.229825e+03 
2.602250e+09 8.233725e+03 
2604400000 8.239175e+03 
2606550000 8236 
2608700000 8.222925e+03 
2.610850e+09 8.220775e+03 
2613000000 8.235750e+03 
2615150000 8.239600e+03 
2.617300e+09 8.223550e+03 
2619450000 8.233425e+03 
2621600000 8.212750e+03 
2623750000 8.215275e+03 
2.625900e+09 8.193250e+03 
2628050000 8.196975e+03 
2630200000 8.224225e+03 
2.632350e+09 8.190425e+03 
2634500000 8.202250e+03 
2636650000 8.190925e+03 
2638800000 8.214225e+03 
2.640950e+09 8.217800e+03 
2643100000 8.216050e+03 
2645250000 8.222800e+03 
2.647400e+09 8.225350e+03 
2649550000 8.220200e+03 
2651700000 8.244075e+03 
2653850000 8.250325e+03 
2.656000e+09 8.238300e+03 
2658150000 8.249525e+03 
2660300000 8.190675e+03 
2.662450e+09 8.212600e+03 
2664600000 8.188250e+03 
2666750000 8.192525e+03 
2668900000 8.163650e+03 
2.671050e+09 8.170475e+03 
2673200000 8.173225e+03 
2675350000 8.188800e+03 
2677500000 8.156450e+03 
2679650000 8.210675e+03 
2681800000 8.217925e+03 
2683950000 8.212900e+03 
2.686100e+09 8.217300e+03 
2688250000 8.224725e+03 
2690400000 8.236575e+03 
2692550000 8.201200e+03 
2694700000 8.207050e+03 
2696850000 8.223075e+03 
2699000000 8.178525e+03 
2.701150e+09 8172 
2703300000 8.164800e+03 
2705450000 8.171625e+03 
2707600000 8.164175e+03 
2.709750e+09 8.181875e+03 
2711900000 8.174950e+03 
2714050000 8.201575e+03 
2.716200e+09 8.203300e+03 
2718350000 8.239850e+03 
2720500000 8.229575e+03 
2722650000 8.226150e+03 
2724800000 8.225125e+03 
2726950000 8237 
2729100000 8.231675e+03 
2.731250e+09 8.216125e+03 
2733400000 8.207625e+03 
2735550000 8.193675e+03 
2737700000 8.225925e+03 
2.739850e+09 8.211200e+03 
2742000000 8.210975e+03 
2744150000 8.207025e+03 
2.746300e+09 8.206925e+03 
2748450000 8.205600e+03 
2750600000 8.188100e+03 
2752750000 8.217625e+03 
2754900000 8.217250e+03 
2757050000 8.232325e+03 
2759200000 8.219875e+03 
2.761350e+09 8.252475e+03 
2763500000 8.247500e+03 
2765650000 8.221575e+03 
2767800000 8.202950e+03 
2.769950e+09 8.241450e+03 
2772100000 8.244800e+03 
2774250000 8.222925e+03 
2.776400e+09 8.217150e+03 
2778550000 8.222975e+03 
2780700000 8.244475e+03 
2782850000 8.218325e+03 
2785000000 8.233925e+03 
2787150000 8.200950e+03 
2789300000 8.219700e+03 
2791450000 8.227075e+03 
2793600000 8.251725e+03 
2795750000 8.254950e+03 
2797900000 8.227125e+03 
2.800050e+09 8.216975e+03 
2802200000 8.228150e+03 
2804350000 8.227425e+03 
2806500000 8.220375e+03 
2808650000 8.244800e+03 
2810800000 8.226650e+03 
2812950000 8.216025e+03 
2815100000 8.236875e+03 
2817250000 8.230550e+03 
2819400000 8.237650e+03 
2821550000 8.218575e+03 
2823700000 8.222700e+03 
2825850000 8.196575e+03 
2828000000 8.221750e+03 
2.830150e+09 8.208300e+03 
2832300000 8.222350e+03 
2834450000 8.228025e+03 
2836600000 8.214950e+03 
2838750000 8.218775e+03 
2840900000 8.212100e+03 
2843050000 8.222325e+03 
2845200000 8.234225e+03 
2847350000 8.217950e+03 
2849500000 8.234625e+03 
2851650000 8.214025e+03 
2853800000 8.235450e+03 
2855950000 8.200175e+03 
2858100000 8.217575e+03 
2.860250e+09 8.240300e+03 
2862400000 8.201050e+03 
2864550000 8.220650e+03 
2866700000 8.214575e+03 
2868850000 8.221350e+03 
2871000000 8.221475e+03 
2873150000 8.232500e+03 
2875300000 8.234800e+03 
2877450000 8.220950e+03 
2879600000 8.231875e+03 
2881750000 8.221950e+03 
2883900000 8.205175e+03 
2886050000 8.231575e+03 
2888200000 8.232725e+03 
2.890350e+09 8.206975e+03 
2892500000 8.207025e+03 
2894650000 8.205800e+03 
2896800000 8.234400e+03 
2898950000 8.228800e+03 
2901100000 8.240200e+03 
2903250000 8.230300e+03 
2905400000 8.218400e+03 
2907550000 8.216875e+03 
2909700000 8.231825e+03 
2911850000 8.232525e+03 
2914000000 8.231475e+03 
2916150000 8.238500e+03 
2918300000 8.203525e+03 
2920450000 8.243400e+03 
2922600000 8.253675e+03 
2924750000 8.213375e+03 
2926900000 8236 
2929050000 8.231375e+03 
2931200000 8.236100e+03 
2933350000 8.231875e+03 
2935500000 8.225250e+03 
2937650000 8.237475e+03 
2939800000 8.237575e+03 
2941950000 8.250025e+03 
2.944100e+09 8.228575e+03 
2946250000 8.242075e+03 
2948400000 8.236525e+03 
2950550000 8.247425e+03 
2952700000 8.236900e+03 
2954850000 8222 
2957000000 8.246100e+03 
2959150000 8.231050e+03 
2961300000 8.224975e+03 
2963450000 8.261025e+03 
2965600000 8.225675e+03 
2967750000 8.237700e+03 
2969900000 8.258700e+03 
2972050000 8.240925e+03 
2974200000 8.217550e+03 
2976350000 8.247150e+03 
2978500000 8.237150e+03 
2980650000 8.255925e+03 
2982800000 8.210625e+03 
2984950000 8.241650e+03 
2987100000 8.229825e+03 
2989250000 8.235450e+03 
2991400000 8.249150e+03 
2993550000 8238 
2995700000 8.235725e+03 
2997850000 8.232300e+03 
3000000000 8.231275e+03 

END
