IGOR
WAVES/D/O sweep,sig(1) 
BEGIN
2570000000 8.295675e+03 
2.572150e+09 8.306550e+03 
2574300000 8.308825e+03 
2576450000 8.302825e+03 
2578600000 8.289925e+03 
2.580750e+09 8.275950e+03 
2582900000 8.292925e+03 
2585050000 8.312850e+03 
2.587200e+09 8.307175e+03 
2589350000 8.304625e+03 
2591500000 8.285550e+03 
2593650000 8.269325e+03 
2.595800e+09 8.308300e+03 
2597950000 8.295725e+03 
2600100000 8.314400e+03 
2.602250e+09 8.292475e+03 
2604400000 8.309375e+03 
2606550000 8283 
2608700000 8.302700e+03 
2.610850e+09 8.295825e+03 
2613000000 8.305275e+03 
2615150000 8.280250e+03 
2.617300e+09 8.293700e+03 
2619450000 8.295450e+03 
2621600000 8.284225e+03 
2623750000 8.292725e+03 
2.625900e+09 8.269300e+03 
2628050000 8.279450e+03 
2630200000 8.247475e+03 
2.632350e+09 8.259350e+03 
2634500000 8.257550e+03 
2636650000 8.247050e+03 
2638800000 8.286900e+03 
2.640950e+09 8.294650e+03 
2643100000 8.274275e+03 
2645250000 8.282675e+03 
2.647400e+09 8.314175e+03 
2649550000 8331 
2651700000 8.321500e+03 
2653850000 8.313550e+03 
2.656000e+09 8.316750e+03 
2658150000 8.314750e+03 
2660300000 8282 
2.662450e+09 8.273625e+03 
2664600000 8251 
2666750000 8.229550e+03 
2668900000 8.223750e+03 
2.671050e+09 8.220700e+03 
2673200000 8.239525e+03 
2675350000 8.255650e+03 
2677500000 8.276500e+03 
2679650000 8.283325e+03 
2681800000 8.289325e+03 
2683950000 8.287250e+03 
2.686100e+09 8.291425e+03 
2688250000 8289 
2690400000 8.308175e+03 
2692550000 8.308375e+03 
2694700000 8.289200e+03 
2696850000 8.299225e+03 
2699000000 8.277600e+03 
2.701150e+09 8.257150e+03 
2703300000 8.246650e+03 
2705450000 8.252575e+03 
2707600000 8.259775e+03 
2.709750e+09 8.235125e+03 
2711900000 8.255425e+03 
2714050000 8.269475e+03 
2.716200e+09 8.273075e+03 
2718350000 8.306250e+03 
2720500000 8.295575e+03 
2722650000 8.307825e+03 
2724800000 8.302050e+03 
2726950000 8.296325e+03 
2729100000 8.308375e+03 
2.731250e+09 8.313275e+03 
2733400000 8.288500e+03 
2735550000 8.280700e+03 
2737700000 8.280625e+03 
2.739850e+09 8.277375e+03 
2742000000 8.284125e+03 
2744150000 8.277425e+03 
2.746300e+09 8.273700e+03 
2748450000 8.259650e+03 
2750600000 8.304625e+03 
2752750000 8.293300e+03 
2754900000 8.301750e+03 
2757050000 8.280100e+03 
2759200000 8.293025e+03 
2.761350e+09 8.297400e+03 
2763500000 8.274800e+03 
2765650000 8.288700e+03 
2767800000 8.310025e+03 
2.769950e+09 8.319125e+03 
2772100000 8.301325e+03 
2774250000 8.308250e+03 
2.776400e+09 8.297425e+03 
2778550000 8.301100e+03 
2780700000 8.314925e+03 
2782850000 8.289700e+03 
2785000000 8.311825e+03 
2787150000 8.304600e+03 
2789300000 8.297525e+03 
2791450000 8.302125e+03 
2793600000 8.296300e+03 
2795750000 8.292975e+03 
2797900000 8.293600e+03 
2.800050e+09 8.283300e+03 
2802200000 8.317725e+03 
2804350000 8.271650e+03 
2806500000 8.287700e+03 
2808650000 8.291300e+03 
2810800000 8.285175e+03 
2812950000 8.289575e+03 
2815100000 8.306125e+03 
2817250000 8.289200e+03 
2819400000 8.301325e+03 
2821550000 8.291650e+03 
2823700000 8.305025e+03 
2825850000 8.307225e+03 
2828000000 8.295825e+03 
2.830150e+09 8.300275e+03 
2832300000 8.292850e+03 
2834450000 8.281625e+03 
2836600000 8.294050e+03 
2838750000 8.295775e+03 
2840900000 8.301300e+03 
2843050000 8.293825e+03 
2845200000 8.301200e+03 
2847350000 8.290275e+03 
2849500000 8.302800e+03 
2851650000 8.286325e+03 
2853800000 8.304575e+03 
2855950000 8.285100e+03 
2858100000 8.280350e+03 
2.860250e+09 8.303925e+03 
2862400000 8.298650e+03 
2864550000 8.311150e+03 
2866700000 8.300975e+03 
2868850000 8.292775e+03 
2871000000 8.302050e+03 
2873150000 8.281225e+03 
2875300000 8.287925e+03 
2877450000 8.305425e+03 
2879600000 8.312450e+03 
2881750000 8.306700e+03 
2883900000 8.289900e+03 
2886050000 8.304175e+03 
2888200000 8.299500e+03 
2.890350e+09 8.290425e+03 
2892500000 8.285600e+03 
2894650000 8.288900e+03 
2896800000 8.297825e+03 
2898950000 8.277725e+03 
2901100000 8.288200e+03 
2903250000 8.309025e+03 
2905400000 8.306125e+03 
2907550000 8.291825e+03 
2909700000 8.301750e+03 
2911850000 8.285550e+03 
2914000000 8.297225e+03 
2916150000 8.307425e+03 
2918300000 8.317950e+03 
2920450000 8.277800e+03 
2922600000 8.294400e+03 
2924750000 8.276150e+03 
2926900000 8.286100e+03 
2929050000 8.318500e+03 
2931200000 8.291825e+03 
2933350000 8.308400e+03 
2935500000 8.290425e+03 
2937650000 8.285625e+03 
2939800000 8.299775e+03 
2941950000 8.300575e+03 
2.944100e+09 8.299675e+03 
2946250000 8.321750e+03 
2948400000 8.313075e+03 
2950550000 8.293025e+03 
2952700000 8306 
2954850000 8.288875e+03 
2957000000 8.299425e+03 
2959150000 8.302500e+03 
2961300000 8.302825e+03 
2963450000 8.312100e+03 
2965600000 8.287175e+03 
2967750000 8.308075e+03 
2969900000 8.294075e+03 
2972050000 8.298800e+03 
2974200000 8.292575e+03 
2976350000 8.302400e+03 
2978500000 8.312350e+03 
2980650000 8.304125e+03 
2982800000 8.299375e+03 
2984950000 8.317825e+03 
2987100000 8.304225e+03 
2989250000 8.298275e+03 
2991400000 8.293700e+03 
2993550000 8.298925e+03 
2995700000 8.290500e+03 
2997850000 8.299025e+03 
3000000000 8.298875e+03 

END
