IGOR
WAVES/D/O sweep,sig(1) 
BEGIN
2570000000 8.339475e+03 
2.572150e+09 8.335375e+03 
2574300000 8.329200e+03 
2576450000 8.320750e+03 
2578600000 8.327350e+03 
2.580750e+09 8.308050e+03 
2582900000 8.325200e+03 
2585050000 8.328600e+03 
2.587200e+09 8.334825e+03 
2589350000 8.330600e+03 
2591500000 8333 
2593650000 8.326250e+03 
2.595800e+09 8.314975e+03 
2597950000 8.339100e+03 
2600100000 8.343675e+03 
2.602250e+09 8.330725e+03 
2604400000 8.330650e+03 
2606550000 8.332350e+03 
2608700000 8.336350e+03 
2.610850e+09 8.325950e+03 
2613000000 8.341675e+03 
2615150000 8.339575e+03 
2.617300e+09 8.346800e+03 
2619450000 8.326825e+03 
2621600000 8.316450e+03 
2623750000 8.316375e+03 
2.625900e+09 8.310350e+03 
2628050000 8.315500e+03 
2630200000 8290 
2.632350e+09 8.275650e+03 
2634500000 8.271050e+03 
2636650000 8.295950e+03 
2638800000 8.293300e+03 
2.640950e+09 8.321125e+03 
2643100000 8.304300e+03 
2645250000 8.302175e+03 
2.647400e+09 8.312275e+03 
2649550000 8.329525e+03 
2651700000 8.339300e+03 
2653850000 8.332475e+03 
2.656000e+09 8.330350e+03 
2658150000 8.322825e+03 
2660300000 8.311650e+03 
2.662450e+09 8.309475e+03 
2664600000 8.285975e+03 
2666750000 8.266650e+03 
2668900000 8.258275e+03 
2.671050e+09 8.265700e+03 
2673200000 8.257875e+03 
2675350000 8.270300e+03 
2677500000 8.315625e+03 
2679650000 8.319500e+03 
2681800000 8.344350e+03 
2683950000 8.367425e+03 
2.686100e+09 8.339100e+03 
2688250000 8.364450e+03 
2690400000 8.314975e+03 
2692550000 8.340675e+03 
2694700000 8.330775e+03 
2696850000 8.333350e+03 
2699000000 8.313150e+03 
2.701150e+09 8.281800e+03 
2703300000 8.285550e+03 
2705450000 8.283550e+03 
2707600000 8.281300e+03 
2.709750e+09 8.283875e+03 
2711900000 8.299600e+03 
2714050000 8.315800e+03 
2.716200e+09 8.331850e+03 
2718350000 8.331900e+03 
2720500000 8.356025e+03 
2722650000 8.356050e+03 
2724800000 8.331600e+03 
2726950000 8.345150e+03 
2729100000 8.349950e+03 
2.731250e+09 8.340725e+03 
2733400000 8.354775e+03 
2735550000 8.317200e+03 
2737700000 8.326075e+03 
2.739850e+09 8.311400e+03 
2742000000 8.305675e+03 
2744150000 8.317650e+03 
2.746300e+09 8.319100e+03 
2748450000 8.308625e+03 
2750600000 8.310725e+03 
2752750000 8.322200e+03 
2754900000 8.333575e+03 
2757050000 8.349150e+03 
2759200000 8.340100e+03 
2.761350e+09 8.338550e+03 
2763500000 8.330700e+03 
2765650000 8.344875e+03 
2767800000 8.354400e+03 
2.769950e+09 8.318625e+03 
2772100000 8.348475e+03 
2774250000 8.344925e+03 
2.776400e+09 8.366375e+03 
2778550000 8.361050e+03 
2780700000 8.367550e+03 
2782850000 8.357575e+03 
2785000000 8.365050e+03 
2787150000 8.376150e+03 
2789300000 8.333550e+03 
2791450000 8.352450e+03 
2793600000 8.341975e+03 
2795750000 8.353200e+03 
2797900000 8.362950e+03 
2.800050e+09 8.344075e+03 
2802200000 8.379150e+03 
2804350000 8.342200e+03 
2806500000 8.344725e+03 
2808650000 8350 
2810800000 8.339800e+03 
2812950000 8.356650e+03 
2815100000 8.357275e+03 
2817250000 8.335725e+03 
2819400000 8.332100e+03 
2821550000 8.328625e+03 
2823700000 8331 
2825850000 8.361375e+03 
2828000000 8330 
2.830150e+09 8.349075e+03 
2832300000 8.315300e+03 
2834450000 8.346425e+03 
2836600000 8.350400e+03 
2838750000 8.358400e+03 
2840900000 8.363050e+03 
2843050000 8.351100e+03 
2845200000 8.335875e+03 
2847350000 8.376450e+03 
2849500000 8.334750e+03 
2851650000 8.319600e+03 
2853800000 8.346900e+03 
2855950000 8.322450e+03 
2858100000 8.336425e+03 
2.860250e+09 8.348450e+03 
2862400000 8.353050e+03 
2864550000 8.332175e+03 
2866700000 8.351925e+03 
2868850000 8.334350e+03 
2871000000 8.343350e+03 
2873150000 8.361850e+03 
2875300000 8.365600e+03 
2877450000 8.339275e+03 
2879600000 8.317300e+03 
2881750000 8.359100e+03 
2883900000 8.340975e+03 
2886050000 8.339025e+03 
2888200000 8.339300e+03 
2.890350e+09 8.341950e+03 
2892500000 8.357700e+03 
2894650000 8.318225e+03 
2896800000 8.348350e+03 
2898950000 8.341725e+03 
2901100000 8.351225e+03 
2903250000 8.334525e+03 
2905400000 8.324225e+03 
2907550000 8.334425e+03 
2909700000 8.353675e+03 
2911850000 8.337050e+03 
2914000000 8330 
2916150000 8.318925e+03 
2918300000 8.355700e+03 
2920450000 8.349125e+03 
2922600000 8.333725e+03 
2924750000 8.346325e+03 
2926900000 8334 
2929050000 8.314350e+03 
2931200000 8.363100e+03 
2933350000 8.347375e+03 
2935500000 8.332750e+03 
2937650000 8.362825e+03 
2939800000 8.324250e+03 
2941950000 8.350600e+03 
2.944100e+09 8.323825e+03 
2946250000 8.346075e+03 
2948400000 8.327775e+03 
2950550000 8.320525e+03 
2952700000 8.353500e+03 
2954850000 8.358575e+03 
2957000000 8.326925e+03 
2959150000 8.327950e+03 
2961300000 8.366425e+03 
2963450000 8.368275e+03 
2965600000 8.321350e+03 
2967750000 8.338875e+03 
2969900000 8.337825e+03 
2972050000 8.351925e+03 
2974200000 8.333875e+03 
2976350000 8.336650e+03 
2978500000 8.352725e+03 
2980650000 8345 
2982800000 8.329450e+03 
2984950000 8.339600e+03 
2987100000 8.367050e+03 
2989250000 8.348900e+03 
2991400000 8.350475e+03 
2993550000 8.321975e+03 
2995700000 8.340225e+03 
2997850000 8.328100e+03 
3000000000 8.341700e+03 

END
