IGOR
WAVES/D/O sweep,sig(1) 
BEGIN
2570000000 8.254475e+03 
2.572150e+09 8.244775e+03 
2574300000 8.253750e+03 
2576450000 8.253700e+03 
2578600000 8.268475e+03 
2.580750e+09 8.241175e+03 
2582900000 8.236975e+03 
2585050000 8.266375e+03 
2.587200e+09 8.260625e+03 
2589350000 8.260500e+03 
2591500000 8.258875e+03 
2593650000 8.278300e+03 
2.595800e+09 8.224950e+03 
2597950000 8.250350e+03 
2600100000 8.254725e+03 
2.602250e+09 8.262975e+03 
2604400000 8.263150e+03 
2606550000 8.255375e+03 
2608700000 8.282725e+03 
2.610850e+09 8.285875e+03 
2613000000 8.265925e+03 
2615150000 8.265250e+03 
2.617300e+09 8.260725e+03 
2619450000 8.260800e+03 
2621600000 8.274175e+03 
2623750000 8.248100e+03 
2.625900e+09 8.215650e+03 
2628050000 8217 
2630200000 8.211700e+03 
2.632350e+09 8.221950e+03 
2634500000 8.223500e+03 
2636650000 8.203075e+03 
2638800000 8.225475e+03 
2.640950e+09 8.247125e+03 
2643100000 8.259450e+03 
2645250000 8.272075e+03 
2.647400e+09 8.268325e+03 
2649550000 8.243525e+03 
2651700000 8.277300e+03 
2653850000 8.255350e+03 
2.656000e+09 8.273350e+03 
2658150000 8.260550e+03 
2660300000 8.246375e+03 
2.662450e+09 8.228225e+03 
2664600000 8.217925e+03 
2666750000 8.186025e+03 
2668900000 8.201525e+03 
2.671050e+09 8.194200e+03 
2673200000 8.200575e+03 
2675350000 8.205775e+03 
2677500000 8.212550e+03 
2679650000 8.242100e+03 
2681800000 8.220150e+03 
2683950000 8.261900e+03 
2.686100e+09 8.282925e+03 
2688250000 8.245925e+03 
2690400000 8.273425e+03 
2692550000 8.256425e+03 
2694700000 8.233475e+03 
2696850000 8.218725e+03 
2699000000 8.215150e+03 
2.701150e+09 8.208900e+03 
2703300000 8.197525e+03 
2705450000 8.183325e+03 
2707600000 8.203975e+03 
2.709750e+09 8.204850e+03 
2711900000 8.217850e+03 
2714050000 8.240325e+03 
2.716200e+09 8.245875e+03 
2718350000 8.239425e+03 
2720500000 8.258300e+03 
2722650000 8.264075e+03 
2724800000 8.257850e+03 
2726950000 8.258275e+03 
2729100000 8.250650e+03 
2.731250e+09 8.261975e+03 
2733400000 8.260675e+03 
2735550000 8.227500e+03 
2737700000 8.227925e+03 
2.739850e+09 8.245225e+03 
2742000000 8.225525e+03 
2744150000 8.234775e+03 
2.746300e+09 8.219450e+03 
2748450000 8.255400e+03 
2750600000 8.232300e+03 
2752750000 8.259825e+03 
2754900000 8.249975e+03 
2757050000 8256 
2759200000 8.253950e+03 
2.761350e+09 8.268275e+03 
2763500000 8.276725e+03 
2765650000 8.280975e+03 
2767800000 8.289175e+03 
2.769950e+09 8.268050e+03 
2772100000 8.264500e+03 
2774250000 8.272775e+03 
2.776400e+09 8.247400e+03 
2778550000 8.292950e+03 
2780700000 8.259075e+03 
2782850000 8.257200e+03 
2785000000 8.264975e+03 
2787150000 8.247950e+03 
2789300000 8.264650e+03 
2791450000 8.261400e+03 
2793600000 8.254275e+03 
2795750000 8.243375e+03 
2797900000 8.283150e+03 
2.800050e+09 8.267100e+03 
2802200000 8.264700e+03 
2804350000 8.261525e+03 
2806500000 8.278575e+03 
2808650000 8.235875e+03 
2810800000 8.268750e+03 
2812950000 8.267500e+03 
2815100000 8.267200e+03 
2817250000 8.257650e+03 
2819400000 8.252900e+03 
2821550000 8.264400e+03 
2823700000 8.252650e+03 
2825850000 8.257250e+03 
2828000000 8.255450e+03 
2.830150e+09 8.287200e+03 
2832300000 8.266025e+03 
2834450000 8.270325e+03 
2836600000 8.239775e+03 
2838750000 8.254575e+03 
2840900000 8.256550e+03 
2843050000 8.259400e+03 
2845200000 8.280250e+03 
2847350000 8.265225e+03 
2849500000 8.270300e+03 
2851650000 8.246225e+03 
2853800000 8.249800e+03 
2855950000 8.254100e+03 
2858100000 8.276425e+03 
2.860250e+09 8.282575e+03 
2862400000 8.269325e+03 
2864550000 8.271525e+03 
2866700000 8.276375e+03 
2868850000 8.258075e+03 
2871000000 8.265200e+03 
2873150000 8.242375e+03 
2875300000 8.249775e+03 
2877450000 8.252550e+03 
2879600000 8.254725e+03 
2881750000 8.255375e+03 
2883900000 8.254575e+03 
2886050000 8.232575e+03 
2888200000 8.257400e+03 
2.890350e+09 8.268650e+03 
2892500000 8.255950e+03 
2894650000 8.271250e+03 
2896800000 8.258625e+03 
2898950000 8.270850e+03 
2901100000 8.267125e+03 
2903250000 8.267150e+03 
2905400000 8.258400e+03 
2907550000 8.245575e+03 
2909700000 8.271825e+03 
2911850000 8.276350e+03 
2914000000 8.268925e+03 
2916150000 8.261550e+03 
2918300000 8.262650e+03 
2920450000 8.289950e+03 
2922600000 8.250725e+03 
2924750000 8.272775e+03 
2926900000 8.259525e+03 
2929050000 8.264300e+03 
2931200000 8.290825e+03 
2933350000 8.257250e+03 
2935500000 8.239950e+03 
2937650000 8.287525e+03 
2939800000 8.271500e+03 
2941950000 8.262275e+03 
2.944100e+09 8.263200e+03 
2946250000 8.258775e+03 
2948400000 8.275350e+03 
2950550000 8.282950e+03 
2952700000 8.257525e+03 
2954850000 8.246900e+03 
2957000000 8.251150e+03 
2959150000 8.252150e+03 
2961300000 8.259175e+03 
2963450000 8.255250e+03 
2965600000 8.270050e+03 
2967750000 8.264650e+03 
2969900000 8.242175e+03 
2972050000 8.264350e+03 
2974200000 8.254175e+03 
2976350000 8.264775e+03 
2978500000 8.268075e+03 
2980650000 8.257650e+03 
2982800000 8.268700e+03 
2984950000 8.273350e+03 
2987100000 8.265275e+03 
2989250000 8.293225e+03 
2991400000 8.264450e+03 
2993550000 8.257075e+03 
2995700000 8.263250e+03 
2997850000 8.264500e+03 
3000000000 8.261350e+03 

END
