IGOR
WAVES/D/O sweep,sig(1) 
BEGIN
2570000000 8.137900e+03 
2.572150e+09 8.092450e+03 
2574300000 8.095300e+03 
2576450000 8.114650e+03 
2578600000 8.116850e+03 
2.580750e+09 8.106225e+03 
2582900000 8.101775e+03 
2585050000 8096 
2.587200e+09 8.093575e+03 
2589350000 8.097775e+03 
2591500000 8.087475e+03 
2593650000 8.108400e+03 
2.595800e+09 8.111850e+03 
2597950000 8.136900e+03 
2600100000 8.110675e+03 
2.602250e+09 8.094200e+03 
2604400000 8.113925e+03 
2606550000 8125 
2608700000 8.111550e+03 
2.610850e+09 8.118025e+03 
2613000000 8.096350e+03 
2615150000 8.115225e+03 
2.617300e+09 8.112800e+03 
2619450000 8.118250e+03 
2621600000 8.124400e+03 
2623750000 8.080150e+03 
2.625900e+09 8.081175e+03 
2628050000 8.047925e+03 
2630200000 8.065875e+03 
2.632350e+09 8.074600e+03 
2634500000 8.072675e+03 
2636650000 8.040275e+03 
2638800000 8.070675e+03 
2.640950e+09 8.073100e+03 
2643100000 8.083875e+03 
2645250000 8.095550e+03 
2.647400e+09 8.103050e+03 
2649550000 8.099075e+03 
2651700000 8.107825e+03 
2653850000 8.121975e+03 
2.656000e+09 8.077050e+03 
2658150000 8.100225e+03 
2660300000 8.072600e+03 
2.662450e+09 8.074750e+03 
2664600000 8.064050e+03 
2666750000 8.044350e+03 
2668900000 8.012350e+03 
2.671050e+09 8.038275e+03 
2673200000 8.036825e+03 
2675350000 8.048175e+03 
2677500000 8.064175e+03 
2679650000 8.073700e+03 
2681800000 8.085575e+03 
2683950000 8.090050e+03 
2.686100e+09 8.093850e+03 
2688250000 8.081625e+03 
2690400000 8.113650e+03 
2692550000 8.109250e+03 
2694700000 8.092500e+03 
2696850000 8.045375e+03 
2699000000 8.073650e+03 
2.701150e+09 8.040825e+03 
2703300000 8.065700e+03 
2705450000 8.026550e+03 
2707600000 8.028475e+03 
2.709750e+09 8.066050e+03 
2711900000 8.061325e+03 
2714050000 8.065950e+03 
2.716200e+09 8.082975e+03 
2718350000 8.093600e+03 
2720500000 8.093625e+03 
2722650000 8.117400e+03 
2724800000 8.131400e+03 
2726950000 8.102175e+03 
2729100000 8.110100e+03 
2.731250e+09 8.110550e+03 
2733400000 8.085525e+03 
2735550000 8.090425e+03 
2737700000 8.115575e+03 
2.739850e+09 8.079125e+03 
2742000000 8.094600e+03 
2744150000 8.062625e+03 
2.746300e+09 8.083575e+03 
2748450000 8.082175e+03 
2750600000 8.111525e+03 
2752750000 8.093875e+03 
2754900000 8.122325e+03 
2757050000 8.095350e+03 
2759200000 8.129925e+03 
2.761350e+09 8.113850e+03 
2763500000 8.111425e+03 
2765650000 8.117625e+03 
2767800000 8.126475e+03 
2.769950e+09 8.154325e+03 
2772100000 8.126425e+03 
2774250000 8.099825e+03 
2.776400e+09 8.086800e+03 
2778550000 8.108850e+03 
2780700000 8.120975e+03 
2782850000 8.125325e+03 
2785000000 8.119300e+03 
2787150000 8.105375e+03 
2789300000 8.123275e+03 
2791450000 8.103750e+03 
2793600000 8.115525e+03 
2795750000 8.108325e+03 
2797900000 8.153750e+03 
2.800050e+09 8.113575e+03 
2802200000 8.125025e+03 
2804350000 8.135425e+03 
2806500000 8.121400e+03 
2808650000 8.124350e+03 
2810800000 8.129850e+03 
2812950000 8125 
2815100000 8.121200e+03 
2817250000 8.129375e+03 
2819400000 8.136325e+03 
2821550000 8.122350e+03 
2823700000 8.101225e+03 
2825850000 8.150725e+03 
2828000000 8.157800e+03 
2.830150e+09 8.126650e+03 
2832300000 8.134175e+03 
2834450000 8.135925e+03 
2836600000 8.150825e+03 
2838750000 8.137750e+03 
2840900000 8.134725e+03 
2843050000 8.166275e+03 
2845200000 8.143850e+03 
2847350000 8.114850e+03 
2849500000 8.140600e+03 
2851650000 8.128050e+03 
2853800000 8.144575e+03 
2855950000 8.133450e+03 
2858100000 8.144400e+03 
2.860250e+09 8.158225e+03 
2862400000 8.146750e+03 
2864550000 8.144675e+03 
2866700000 8.127050e+03 
2868850000 8.158800e+03 
2871000000 8.154825e+03 
2873150000 8.115725e+03 
2875300000 8.150050e+03 
2877450000 8.119675e+03 
2879600000 8.174025e+03 
2881750000 8.143875e+03 
2883900000 8.156950e+03 
2886050000 8.143075e+03 
2888200000 8.113475e+03 
2.890350e+09 8.134350e+03 
2892500000 8.149575e+03 
2894650000 8.168600e+03 
2896800000 8.141575e+03 
2898950000 8.158675e+03 
2901100000 8.152425e+03 
2903250000 8.142925e+03 
2905400000 8.141025e+03 
2907550000 8.128825e+03 
2909700000 8.139625e+03 
2911850000 8.169500e+03 
2914000000 8.151125e+03 
2916150000 8.124575e+03 
2918300000 8.117575e+03 
2920450000 8.147400e+03 
2922600000 8.132725e+03 
2924750000 8.129700e+03 
2926900000 8.159150e+03 
2929050000 8.158050e+03 
2931200000 8.137775e+03 
2933350000 8.163350e+03 
2935500000 8.146175e+03 
2937650000 8.152250e+03 
2939800000 8.142600e+03 
2941950000 8.164750e+03 
2.944100e+09 8.115500e+03 
2946250000 8.166375e+03 
2948400000 8.166275e+03 
2950550000 8.123825e+03 
2952700000 8.113600e+03 
2954850000 8.141025e+03 
2957000000 8.156425e+03 
2959150000 8.117300e+03 
2961300000 8.144500e+03 
2963450000 8.120850e+03 
2965600000 8.124450e+03 
2967750000 8.132650e+03 
2969900000 8.137075e+03 
2972050000 8.136875e+03 
2974200000 8.148300e+03 
2976350000 8.155200e+03 
2978500000 8.155675e+03 
2980650000 8.155175e+03 
2982800000 8.160450e+03 
2984950000 8.140150e+03 
2987100000 8.117750e+03 
2989250000 8.157175e+03 
2991400000 8.167800e+03 
2993550000 8.164925e+03 
2995700000 8.162350e+03 
2997850000 8.135025e+03 
3000000000 8.130175e+03 

END
