IGOR
WAVES/D/O sweep,sig(1) 
BEGIN
2570000000 8.347400e+03 
2.572150e+09 8.364400e+03 
2574300000 8.349675e+03 
2576450000 8.345175e+03 
2578600000 8.347650e+03 
2.580750e+09 8.356075e+03 
2582900000 8.330425e+03 
2585050000 8.338225e+03 
2.587200e+09 8.353050e+03 
2589350000 8.332900e+03 
2591500000 8336 
2593650000 8.336725e+03 
2.595800e+09 8.355250e+03 
2597950000 8.345750e+03 
2600100000 8345 
2.602250e+09 8.351500e+03 
2604400000 8.349175e+03 
2606550000 8.357875e+03 
2608700000 8.345350e+03 
2.610850e+09 8.354550e+03 
2613000000 8.360950e+03 
2615150000 8.336850e+03 
2.617300e+09 8.345075e+03 
2619450000 8.337900e+03 
2621600000 8.346475e+03 
2623750000 8.332125e+03 
2.625900e+09 8.291050e+03 
2628050000 8.305350e+03 
2630200000 8.325425e+03 
2.632350e+09 8.308975e+03 
2634500000 8.288850e+03 
2636650000 8.298575e+03 
2638800000 8.339650e+03 
2.640950e+09 8.321500e+03 
2643100000 8.334925e+03 
2645250000 8.332525e+03 
2.647400e+09 8.356200e+03 
2649550000 8.354150e+03 
2651700000 8.360950e+03 
2653850000 8.323650e+03 
2.656000e+09 8.337275e+03 
2658150000 8.348450e+03 
2660300000 8.319475e+03 
2.662450e+09 8.288725e+03 
2664600000 8.284050e+03 
2666750000 8.294300e+03 
2668900000 8.248175e+03 
2.671050e+09 8.283525e+03 
2673200000 8.279500e+03 
2675350000 8.279725e+03 
2677500000 8.294325e+03 
2679650000 8.310100e+03 
2681800000 8.302675e+03 
2683950000 8.355300e+03 
2.686100e+09 8.347275e+03 
2688250000 8324 
2690400000 8.335650e+03 
2692550000 8.337400e+03 
2694700000 8.314775e+03 
2696850000 8.304425e+03 
2699000000 8.272100e+03 
2.701150e+09 8295 
2703300000 8.285575e+03 
2705450000 8.253550e+03 
2707600000 8.248375e+03 
2.709750e+09 8.279375e+03 
2711900000 8.293625e+03 
2714050000 8.292200e+03 
2.716200e+09 8.314875e+03 
2718350000 8.322525e+03 
2720500000 8.338100e+03 
2722650000 8.332250e+03 
2724800000 8.337175e+03 
2726950000 8.315100e+03 
2729100000 8.338350e+03 
2.731250e+09 8.318500e+03 
2733400000 8.321950e+03 
2735550000 8.321825e+03 
2737700000 8.301425e+03 
2.739850e+09 8.314025e+03 
2742000000 8.299300e+03 
2744150000 8.320825e+03 
2.746300e+09 8.300200e+03 
2748450000 8.320550e+03 
2750600000 8.319075e+03 
2752750000 8.333375e+03 
2754900000 8.336175e+03 
2757050000 8.347750e+03 
2759200000 8.333775e+03 
2.761350e+09 8.353200e+03 
2763500000 8.337600e+03 
2765650000 8.329750e+03 
2767800000 8.337075e+03 
2.769950e+09 8.329850e+03 
2772100000 8.341875e+03 
2774250000 8.365775e+03 
2.776400e+09 8.340350e+03 
2778550000 8.353125e+03 
2780700000 8.372500e+03 
2782850000 8.331175e+03 
2785000000 8.332025e+03 
2787150000 8.319675e+03 
2789300000 8.328675e+03 
2791450000 8.351200e+03 
2793600000 8.350850e+03 
2795750000 8.343150e+03 
2797900000 8.358775e+03 
2.800050e+09 8.347400e+03 
2802200000 8.339725e+03 
2804350000 8.348725e+03 
2806500000 8.343650e+03 
2808650000 8.341600e+03 
2810800000 8.331575e+03 
2812950000 8.340825e+03 
2815100000 8.342525e+03 
2817250000 8.333150e+03 
2819400000 8.302150e+03 
2821550000 8.344050e+03 
2823700000 8.348525e+03 
2825850000 8.352200e+03 
2828000000 8.371150e+03 
2.830150e+09 8337 
2832300000 8.337575e+03 
2834450000 8.351800e+03 
2836600000 8.327450e+03 
2838750000 8.351300e+03 
2840900000 8.336525e+03 
2843050000 8.348900e+03 
2845200000 8.357350e+03 
2847350000 8.343525e+03 
2849500000 8.368900e+03 
2851650000 8.363850e+03 
2853800000 8.337575e+03 
2855950000 8.347125e+03 
2858100000 8.358300e+03 
2.860250e+09 8.382800e+03 
2862400000 8.347950e+03 
2864550000 8.356325e+03 
2866700000 8.358025e+03 
2868850000 8.345225e+03 
2871000000 8.339375e+03 
2873150000 8.340950e+03 
2875300000 8.342875e+03 
2877450000 8.346150e+03 
2879600000 8.342700e+03 
2881750000 8.346025e+03 
2883900000 8.360300e+03 
2886050000 8.340300e+03 
2888200000 8.364825e+03 
2.890350e+09 8.334275e+03 
2892500000 8.351275e+03 
2894650000 8.358550e+03 
2896800000 8.343400e+03 
2898950000 8.349875e+03 
2901100000 8.352600e+03 
2903250000 8.338150e+03 
2905400000 8.340750e+03 
2907550000 8.353400e+03 
2909700000 8.331975e+03 
2911850000 8.365500e+03 
2914000000 8.350450e+03 
2916150000 8.346150e+03 
2918300000 8.333075e+03 
2920450000 8.344275e+03 
2922600000 8.350125e+03 
2924750000 8362 
2926900000 8.354800e+03 
2929050000 8.336800e+03 
2931200000 8.380100e+03 
2933350000 8.372150e+03 
2935500000 8.361800e+03 
2937650000 8.366100e+03 
2939800000 8.362550e+03 
2941950000 8.350475e+03 
2.944100e+09 8.359775e+03 
2946250000 8.367100e+03 
2948400000 8.374975e+03 
2950550000 8.355825e+03 
2952700000 8.347550e+03 
2954850000 8.348900e+03 
2957000000 8.369225e+03 
2959150000 8.349500e+03 
2961300000 8.359925e+03 
2963450000 8.352850e+03 
2965600000 8356 
2967750000 8.356125e+03 
2969900000 8.345125e+03 
2972050000 8.352425e+03 
2974200000 8.364725e+03 
2976350000 8376 
2978500000 8.367275e+03 
2980650000 8.364400e+03 
2982800000 8.377250e+03 
2984950000 8359 
2987100000 8.379400e+03 
2989250000 8.352300e+03 
2991400000 8.351200e+03 
2993550000 8.352300e+03 
2995700000 8.345775e+03 
2997850000 8.342050e+03 
3000000000 8.362150e+03 

END
