IGOR
WAVES/D/O sweep,sig(1) 
BEGIN
2570000000 8.370700e+03 
2.572150e+09 8.359525e+03 
2574300000 8.379450e+03 
2576450000 8.360025e+03 
2578600000 8.354075e+03 
2.580750e+09 8.346375e+03 
2582900000 8.354525e+03 
2585050000 8.361900e+03 
2.587200e+09 8.368050e+03 
2589350000 8.347700e+03 
2591500000 8.362625e+03 
2593650000 8.368225e+03 
2.595800e+09 8.365800e+03 
2597950000 8.348025e+03 
2600100000 8.376625e+03 
2.602250e+09 8.350250e+03 
2604400000 8.365625e+03 
2606550000 8.347675e+03 
2608700000 8.380450e+03 
2.610850e+09 8.355900e+03 
2613000000 8.365050e+03 
2615150000 8.355225e+03 
2.617300e+09 8368 
2619450000 8.345125e+03 
2621600000 8.356550e+03 
2623750000 8.338250e+03 
2.625900e+09 8.344300e+03 
2628050000 8.311725e+03 
2630200000 8.313150e+03 
2.632350e+09 8.312750e+03 
2634500000 8.321425e+03 
2636650000 8.314050e+03 
2638800000 8.315700e+03 
2.640950e+09 8.340050e+03 
2643100000 8.327950e+03 
2645250000 8.341600e+03 
2.647400e+09 8.357150e+03 
2649550000 8.360450e+03 
2651700000 8.363525e+03 
2653850000 8.365200e+03 
2.656000e+09 8.366250e+03 
2658150000 8.339050e+03 
2660300000 8.330625e+03 
2.662450e+09 8.324075e+03 
2664600000 8314 
2666750000 8.269975e+03 
2668900000 8.275625e+03 
2.671050e+09 8.297450e+03 
2673200000 8.317925e+03 
2675350000 8.287250e+03 
2677500000 8.312625e+03 
2679650000 8.318875e+03 
2681800000 8.365100e+03 
2683950000 8.343875e+03 
2.686100e+09 8.368575e+03 
2688250000 8.353825e+03 
2690400000 8.347825e+03 
2692550000 8.360300e+03 
2694700000 8.346950e+03 
2696850000 8.326950e+03 
2699000000 8.333375e+03 
2.701150e+09 8.303475e+03 
2703300000 8.317475e+03 
2705450000 8.301500e+03 
2707600000 8291 
2.709750e+09 8.303050e+03 
2711900000 8.337225e+03 
2714050000 8.334175e+03 
2.716200e+09 8.339400e+03 
2718350000 8.364550e+03 
2720500000 8.348200e+03 
2722650000 8.366725e+03 
2724800000 8.351850e+03 
2726950000 8.364175e+03 
2729100000 8.367550e+03 
2.731250e+09 8.348200e+03 
2733400000 8.352275e+03 
2735550000 8.323575e+03 
2737700000 8.335650e+03 
2.739850e+09 8.336575e+03 
2742000000 8.342275e+03 
2744150000 8.330300e+03 
2.746300e+09 8.330275e+03 
2748450000 8.319650e+03 
2750600000 8.354950e+03 
2752750000 8.354800e+03 
2754900000 8.359850e+03 
2757050000 8.356900e+03 
2759200000 8.391150e+03 
2.761350e+09 8.384075e+03 
2763500000 8.381100e+03 
2765650000 8.356700e+03 
2767800000 8.352200e+03 
2.769950e+09 8.363500e+03 
2772100000 8.366650e+03 
2774250000 8.368625e+03 
2.776400e+09 8.365175e+03 
2778550000 8.379600e+03 
2780700000 8.335875e+03 
2782850000 8.335450e+03 
2785000000 8.390075e+03 
2787150000 8.345600e+03 
2789300000 8.357100e+03 
2791450000 8.361850e+03 
2793600000 8.362675e+03 
2795750000 8.373625e+03 
2797900000 8.358625e+03 
2.800050e+09 8.367750e+03 
2802200000 8.361075e+03 
2804350000 8.370675e+03 
2806500000 8.364175e+03 
2808650000 8.373325e+03 
2810800000 8.375325e+03 
2812950000 8.398350e+03 
2815100000 8.372175e+03 
2817250000 8.365525e+03 
2819400000 8.367600e+03 
2821550000 8.360275e+03 
2823700000 8.351600e+03 
2825850000 8.363900e+03 
2828000000 8.362325e+03 
2.830150e+09 8.352050e+03 
2832300000 8.336800e+03 
2834450000 8.364675e+03 
2836600000 8.366200e+03 
2838750000 8.376800e+03 
2840900000 8.347600e+03 
2843050000 8.365075e+03 
2845200000 8.368450e+03 
2847350000 8.358925e+03 
2849500000 8.358850e+03 
2851650000 8.362225e+03 
2853800000 8.373600e+03 
2855950000 8.389150e+03 
2858100000 8.373975e+03 
2.860250e+09 8.346225e+03 
2862400000 8.391975e+03 
2864550000 8.364375e+03 
2866700000 8.346575e+03 
2868850000 8.353550e+03 
2871000000 8.350950e+03 
2873150000 8.352050e+03 
2875300000 8.383725e+03 
2877450000 8.377550e+03 
2879600000 8.359275e+03 
2881750000 8.361800e+03 
2883900000 8.363100e+03 
2886050000 8.368975e+03 
2888200000 8.333375e+03 
2.890350e+09 8.358500e+03 
2892500000 8.333325e+03 
2894650000 8.351425e+03 
2896800000 8.350550e+03 
2898950000 8.357325e+03 
2901100000 8.351975e+03 
2903250000 8.375200e+03 
2905400000 8.345250e+03 
2907550000 8.374475e+03 
2909700000 8.367550e+03 
2911850000 8.350775e+03 
2914000000 8.362600e+03 
2916150000 8.361375e+03 
2918300000 8.368650e+03 
2920450000 8.366700e+03 
2922600000 8.378575e+03 
2924750000 8.364400e+03 
2926900000 8.354900e+03 
2929050000 8.345675e+03 
2931200000 8.351625e+03 
2933350000 8.336800e+03 
2935500000 8.345100e+03 
2937650000 8.387875e+03 
2939800000 8.349450e+03 
2941950000 8.369625e+03 
2.944100e+09 8.381550e+03 
2946250000 8.386600e+03 
2948400000 8.369900e+03 
2950550000 8.367075e+03 
2952700000 8.360125e+03 
2954850000 8.379125e+03 
2957000000 8.356975e+03 
2959150000 8.367100e+03 
2961300000 8.375525e+03 
2963450000 8.327475e+03 
2965600000 8.350750e+03 
2967750000 8.345450e+03 
2969900000 8390 
2972050000 8.369250e+03 
2974200000 8.352925e+03 
2976350000 8.355275e+03 
2978500000 8.345475e+03 
2980650000 8.366775e+03 
2982800000 8.343875e+03 
2984950000 8.353450e+03 
2987100000 8.375250e+03 
2989250000 8.362975e+03 
2991400000 8.357800e+03 
2993550000 8.339125e+03 
2995700000 8.348875e+03 
2997850000 8.384700e+03 
3000000000 8.356850e+03 

END
