IGOR
WAVES/D/O sweep,sig(1) 
BEGIN
2570000000 8371 
2.572150e+09 8.365675e+03 
2574300000 8.366550e+03 
2576450000 8.380050e+03 
2578600000 8.374700e+03 
2.580750e+09 8.378725e+03 
2582900000 8.395925e+03 
2585050000 8.357725e+03 
2.587200e+09 8.355275e+03 
2589350000 8378 
2591500000 8.381875e+03 
2593650000 8.367675e+03 
2.595800e+09 8.358025e+03 
2597950000 8.364750e+03 
2600100000 8.345725e+03 
2.602250e+09 8.393750e+03 
2604400000 8.369150e+03 
2606550000 8.359400e+03 
2608700000 8.348825e+03 
2.610850e+09 8.370125e+03 
2613000000 8.360900e+03 
2615150000 8.374975e+03 
2.617300e+09 8.360600e+03 
2619450000 8.358750e+03 
2621600000 8.363200e+03 
2623750000 8.344300e+03 
2.625900e+09 8.366125e+03 
2628050000 8.345300e+03 
2630200000 8.312450e+03 
2.632350e+09 8.328950e+03 
2634500000 8.329200e+03 
2636650000 8.341675e+03 
2638800000 8.349550e+03 
2.640950e+09 8.343550e+03 
2643100000 8.340750e+03 
2645250000 8.359150e+03 
2.647400e+09 8.365275e+03 
2649550000 8.375325e+03 
2651700000 8.369100e+03 
2653850000 8.378125e+03 
2.656000e+09 8.372850e+03 
2658150000 8.370675e+03 
2660300000 8.365500e+03 
2.662450e+09 8.332500e+03 
2664600000 8.334650e+03 
2666750000 8.319150e+03 
2668900000 8.314750e+03 
2.671050e+09 8.324075e+03 
2673200000 8.311300e+03 
2675350000 8.311750e+03 
2677500000 8.336625e+03 
2679650000 8.339900e+03 
2681800000 8.353425e+03 
2683950000 8.368800e+03 
2.686100e+09 8.388975e+03 
2688250000 8.382650e+03 
2690400000 8.373675e+03 
2692550000 8.381600e+03 
2694700000 8.388300e+03 
2696850000 8.369950e+03 
2699000000 8.340550e+03 
2.701150e+09 8.340700e+03 
2703300000 8.334025e+03 
2705450000 8.302600e+03 
2707600000 8.301925e+03 
2.709750e+09 8.306450e+03 
2711900000 8.324175e+03 
2714050000 8.373750e+03 
2.716200e+09 8.364550e+03 
2718350000 8.339650e+03 
2720500000 8.390100e+03 
2722650000 8.387500e+03 
2724800000 8.400150e+03 
2726950000 8.384800e+03 
2729100000 8.374875e+03 
2.731250e+09 8.371900e+03 
2733400000 8.341400e+03 
2735550000 8.356175e+03 
2737700000 8.337275e+03 
2.739850e+09 8.341050e+03 
2742000000 8.355750e+03 
2744150000 8.349125e+03 
2.746300e+09 8.367750e+03 
2748450000 8.365250e+03 
2750600000 8.337175e+03 
2752750000 8.357900e+03 
2754900000 8348 
2757050000 8.372900e+03 
2759200000 8.385750e+03 
2.761350e+09 8.397500e+03 
2763500000 8.356950e+03 
2765650000 8.382050e+03 
2767800000 8.384625e+03 
2.769950e+09 8.368400e+03 
2772100000 8.388325e+03 
2774250000 8.374950e+03 
2.776400e+09 8.391925e+03 
2778550000 8.378925e+03 
2780700000 8.368125e+03 
2782850000 8.389400e+03 
2785000000 8.398325e+03 
2787150000 8.395875e+03 
2789300000 8.396100e+03 
2791450000 8.375425e+03 
2793600000 8.390375e+03 
2795750000 8.380025e+03 
2797900000 8.385150e+03 
2.800050e+09 8.380875e+03 
2802200000 8.369300e+03 
2804350000 8.377525e+03 
2806500000 8.380250e+03 
2808650000 8.369500e+03 
2810800000 8.376675e+03 
2812950000 8.384500e+03 
2815100000 8.371075e+03 
2817250000 8.387725e+03 
2819400000 8.380125e+03 
2821550000 8.375100e+03 
2823700000 8.349825e+03 
2825850000 8.364200e+03 
2828000000 8.378325e+03 
2.830150e+09 8.357275e+03 
2832300000 8.375250e+03 
2834450000 8.393750e+03 
2836600000 8.371500e+03 
2838750000 8.376425e+03 
2840900000 8.388950e+03 
2843050000 8.403150e+03 
2845200000 8.391075e+03 
2847350000 8.372025e+03 
2849500000 8.374275e+03 
2851650000 8.378050e+03 
2853800000 8.379125e+03 
2855950000 8.396275e+03 
2858100000 8.379300e+03 
2.860250e+09 8.378325e+03 
2862400000 8.368325e+03 
2864550000 8.369900e+03 
2866700000 8.370250e+03 
2868850000 8.364675e+03 
2871000000 8.383475e+03 
2873150000 8.379800e+03 
2875300000 8.389200e+03 
2877450000 8.374725e+03 
2879600000 8.360050e+03 
2881750000 8.381600e+03 
2883900000 8.375400e+03 
2886050000 8.355550e+03 
2888200000 8.380275e+03 
2.890350e+09 8.386475e+03 
2892500000 8.391450e+03 
2894650000 8.366500e+03 
2896800000 8.373925e+03 
2898950000 8.404650e+03 
2901100000 8.392050e+03 
2903250000 8.370300e+03 
2905400000 8.363325e+03 
2907550000 8.385175e+03 
2909700000 8.382600e+03 
2911850000 8.378325e+03 
2914000000 8.382450e+03 
2916150000 8.380375e+03 
2918300000 8.390500e+03 
2920450000 8.370075e+03 
2922600000 8.380125e+03 
2924750000 8.387650e+03 
2926900000 8.374150e+03 
2929050000 8.374525e+03 
2931200000 8.369550e+03 
2933350000 8.365300e+03 
2935500000 8.364550e+03 
2937650000 8.369375e+03 
2939800000 8.361750e+03 
2941950000 8.378175e+03 
2.944100e+09 8.355175e+03 
2946250000 8.390175e+03 
2948400000 8.398825e+03 
2950550000 8.377950e+03 
2952700000 8.374500e+03 
2954850000 8.397025e+03 
2957000000 8.388800e+03 
2959150000 8.365725e+03 
2961300000 8.358750e+03 
2963450000 8368 
2965600000 8.375200e+03 
2967750000 8.369125e+03 
2969900000 8.395650e+03 
2972050000 8.395675e+03 
2974200000 8.372550e+03 
2976350000 8.354700e+03 
2978500000 8.391850e+03 
2980650000 8.395225e+03 
2982800000 8.376300e+03 
2984950000 8.382575e+03 
2987100000 8.374225e+03 
2989250000 8.371400e+03 
2991400000 8.368200e+03 
2993550000 8.370600e+03 
2995700000 8.376450e+03 
2997850000 8.387600e+03 
3000000000 8.388300e+03 

END
