IGOR
WAVES/D/O sweep,sig(1) 
BEGIN
2570000000 8.338125e+03 
2.572150e+09 8.329675e+03 
2574300000 8.362900e+03 
2576450000 8.340250e+03 
2578600000 8.318200e+03 
2.580750e+09 8.316625e+03 
2582900000 8.336950e+03 
2585050000 8.339300e+03 
2.587200e+09 8.326975e+03 
2589350000 8.308800e+03 
2591500000 8.299550e+03 
2593650000 8.328950e+03 
2.595800e+09 8.348675e+03 
2597950000 8.314125e+03 
2600100000 8.311325e+03 
2.602250e+09 8.344550e+03 
2604400000 8.332350e+03 
2606550000 8.340875e+03 
2608700000 8.324825e+03 
2.610850e+09 8.332725e+03 
2613000000 8.340400e+03 
2615150000 8359 
2.617300e+09 8.327075e+03 
2619450000 8.336975e+03 
2621600000 8.311225e+03 
2623750000 8.342325e+03 
2.625900e+09 8.321650e+03 
2628050000 8.297075e+03 
2630200000 8.287425e+03 
2.632350e+09 8.301725e+03 
2634500000 8.309850e+03 
2636650000 8.303475e+03 
2638800000 8.338775e+03 
2.640950e+09 8.320700e+03 
2643100000 8.318875e+03 
2645250000 8.319950e+03 
2.647400e+09 8.351250e+03 
2649550000 8.346425e+03 
2651700000 8.332025e+03 
2653850000 8.339300e+03 
2.656000e+09 8.357625e+03 
2658150000 8.351375e+03 
2660300000 8.305600e+03 
2.662450e+09 8.319725e+03 
2664600000 8.294525e+03 
2666750000 8.285325e+03 
2668900000 8.276775e+03 
2.671050e+09 8.267775e+03 
2673200000 8.280900e+03 
2675350000 8.276075e+03 
2677500000 8.311325e+03 
2679650000 8.302325e+03 
2681800000 8.344550e+03 
2683950000 8.351125e+03 
2.686100e+09 8349 
2688250000 8.339725e+03 
2690400000 8.332975e+03 
2692550000 8.359050e+03 
2694700000 8.318875e+03 
2696850000 8.307250e+03 
2699000000 8.293100e+03 
2.701150e+09 8.287350e+03 
2703300000 8.281100e+03 
2705450000 8.302725e+03 
2707600000 8.288050e+03 
2.709750e+09 8.287450e+03 
2711900000 8.299150e+03 
2714050000 8.281375e+03 
2.716200e+09 8.302450e+03 
2718350000 8.333250e+03 
2720500000 8.340400e+03 
2722650000 8.365525e+03 
2724800000 8.343825e+03 
2726950000 8.341825e+03 
2729100000 8.319550e+03 
2.731250e+09 8.306300e+03 
2733400000 8.294450e+03 
2735550000 8.339275e+03 
2737700000 8.316300e+03 
2.739850e+09 8.285075e+03 
2742000000 8.299225e+03 
2744150000 8.299775e+03 
2.746300e+09 8.340925e+03 
2748450000 8.323950e+03 
2750600000 8.354900e+03 
2752750000 8.309225e+03 
2754900000 8.337175e+03 
2757050000 8.334925e+03 
2759200000 8.318800e+03 
2.761350e+09 8.325650e+03 
2763500000 8.340575e+03 
2765650000 8.328550e+03 
2767800000 8.329250e+03 
2.769950e+09 8.319975e+03 
2772100000 8.345675e+03 
2774250000 8.347800e+03 
2.776400e+09 8.355400e+03 
2778550000 8.330075e+03 
2780700000 8.327275e+03 
2782850000 8.326100e+03 
2785000000 8.339400e+03 
2787150000 8.354350e+03 
2789300000 8.349750e+03 
2791450000 8.335075e+03 
2793600000 8.344075e+03 
2795750000 8.353250e+03 
2797900000 8.336250e+03 
2.800050e+09 8.353425e+03 
2802200000 8.341275e+03 
2804350000 8.365500e+03 
2806500000 8.343775e+03 
2808650000 8.350925e+03 
2810800000 8.341675e+03 
2812950000 8.358450e+03 
2815100000 8.359875e+03 
2817250000 8.364625e+03 
2819400000 8.341175e+03 
2821550000 8.349200e+03 
2823700000 8.333025e+03 
2825850000 8.348500e+03 
2828000000 8.326675e+03 
2.830150e+09 8.331250e+03 
2832300000 8.335575e+03 
2834450000 8.333625e+03 
2836600000 8.346475e+03 
2838750000 8.346225e+03 
2840900000 8.319100e+03 
2843050000 8.326100e+03 
2845200000 8.323850e+03 
2847350000 8.336350e+03 
2849500000 8.326550e+03 
2851650000 8.338500e+03 
2853800000 8.347475e+03 
2855950000 8.353850e+03 
2858100000 8.310700e+03 
2.860250e+09 8.350350e+03 
2862400000 8.342225e+03 
2864550000 8.333375e+03 
2866700000 8.329700e+03 
2868850000 8.341125e+03 
2871000000 8.333625e+03 
2873150000 8.342025e+03 
2875300000 8.333350e+03 
2877450000 8.341875e+03 
2879600000 8.324875e+03 
2881750000 8.351450e+03 
2883900000 8.319250e+03 
2886050000 8.338425e+03 
2888200000 8.339950e+03 
2.890350e+09 8.330900e+03 
2892500000 8.336275e+03 
2894650000 8.316775e+03 
2896800000 8.331875e+03 
2898950000 8.322600e+03 
2901100000 8.352375e+03 
2903250000 8.348225e+03 
2905400000 8.320725e+03 
2907550000 8.326150e+03 
2909700000 8.343400e+03 
2911850000 8.334225e+03 
2914000000 8.344400e+03 
2916150000 8.324550e+03 
2918300000 8.346675e+03 
2920450000 8.335350e+03 
2922600000 8.316925e+03 
2924750000 8.335550e+03 
2926900000 8.349125e+03 
2929050000 8.337475e+03 
2931200000 8.347675e+03 
2933350000 8.322975e+03 
2935500000 8.323825e+03 
2937650000 8.321075e+03 
2939800000 8.352375e+03 
2941950000 8.346300e+03 
2.944100e+09 8.358875e+03 
2946250000 8.337150e+03 
2948400000 8.318325e+03 
2950550000 8.340675e+03 
2952700000 8.318350e+03 
2954850000 8.319050e+03 
2957000000 8.340175e+03 
2959150000 8.318425e+03 
2961300000 8.328675e+03 
2963450000 8.332675e+03 
2965600000 8.329200e+03 
2967750000 8.339600e+03 
2969900000 8.332950e+03 
2972050000 8.321775e+03 
2974200000 8.327825e+03 
2976350000 8.327175e+03 
2978500000 8.333300e+03 
2980650000 8.326800e+03 
2982800000 8.329150e+03 
2984950000 8.331350e+03 
2987100000 8.338875e+03 
2989250000 8.360925e+03 
2991400000 8.329225e+03 
2993550000 8.336750e+03 
2995700000 8.318100e+03 
2997850000 8.335275e+03 
3000000000 8.337575e+03 

END
