IGOR
WAVES/D/O sweep,sig(1) 
BEGIN
2570000000 8231 
2.572150e+09 8.228375e+03 
2574300000 8.252675e+03 
2576450000 8.218675e+03 
2578600000 8.228300e+03 
2.580750e+09 8.237725e+03 
2582900000 8.235725e+03 
2585050000 8.243575e+03 
2.587200e+09 8198 
2589350000 8.209750e+03 
2591500000 8.219300e+03 
2593650000 8.248500e+03 
2.595800e+09 8.234425e+03 
2597950000 8.220600e+03 
2600100000 8.228725e+03 
2.602250e+09 8.237700e+03 
2604400000 8.233825e+03 
2606550000 8.219325e+03 
2608700000 8232 
2.610850e+09 8.208975e+03 
2613000000 8.241175e+03 
2615150000 8.222975e+03 
2.617300e+09 8.221950e+03 
2619450000 8.216050e+03 
2621600000 8.211350e+03 
2623750000 8.211750e+03 
2.625900e+09 8.172050e+03 
2628050000 8.200325e+03 
2630200000 8.187475e+03 
2.632350e+09 8.195975e+03 
2634500000 8.180450e+03 
2636650000 8.171300e+03 
2638800000 8.194750e+03 
2.640950e+09 8.209550e+03 
2643100000 8.201950e+03 
2645250000 8.219850e+03 
2.647400e+09 8.228925e+03 
2649550000 8.217100e+03 
2651700000 8.238450e+03 
2653850000 8.237725e+03 
2.656000e+09 8.215250e+03 
2658150000 8.216675e+03 
2660300000 8.214250e+03 
2.662450e+09 8.181425e+03 
2664600000 8.176025e+03 
2666750000 8.157525e+03 
2668900000 8.149225e+03 
2.671050e+09 8149 
2673200000 8.157775e+03 
2675350000 8.164025e+03 
2677500000 8.175650e+03 
2679650000 8.176850e+03 
2681800000 8.198325e+03 
2683950000 8.221725e+03 
2.686100e+09 8.225125e+03 
2688250000 8.209550e+03 
2690400000 8.222850e+03 
2692550000 8.203950e+03 
2694700000 8.208800e+03 
2696850000 8.173700e+03 
2699000000 8.196075e+03 
2.701150e+09 8.167700e+03 
2703300000 8155 
2705450000 8.140025e+03 
2707600000 8.148775e+03 
2.709750e+09 8.155850e+03 
2711900000 8.184450e+03 
2714050000 8.175575e+03 
2.716200e+09 8.203750e+03 
2718350000 8.170575e+03 
2720500000 8.203775e+03 
2722650000 8.206475e+03 
2724800000 8.219725e+03 
2726950000 8.230400e+03 
2729100000 8.238250e+03 
2.731250e+09 8.221400e+03 
2733400000 8.206800e+03 
2735550000 8.199775e+03 
2737700000 8.198050e+03 
2.739850e+09 8.203075e+03 
2742000000 8.199050e+03 
2744150000 8.166750e+03 
2.746300e+09 8.205225e+03 
2748450000 8.198175e+03 
2750600000 8.179850e+03 
2752750000 8.213975e+03 
2754900000 8.221725e+03 
2757050000 8.193750e+03 
2759200000 8.213550e+03 
2.761350e+09 8.217475e+03 
2763500000 8.217350e+03 
2765650000 8.213325e+03 
2767800000 8.205800e+03 
2.769950e+09 8210 
2772100000 8.217975e+03 
2774250000 8.197750e+03 
2.776400e+09 8.222050e+03 
2778550000 8.229450e+03 
2780700000 8.235050e+03 
2782850000 8.190125e+03 
2785000000 8.215800e+03 
2787150000 8.202475e+03 
2789300000 8.214600e+03 
2791450000 8.181975e+03 
2793600000 8.180950e+03 
2795750000 8.220975e+03 
2797900000 8.216750e+03 
2.800050e+09 8.210500e+03 
2802200000 8.227875e+03 
2804350000 8.192050e+03 
2806500000 8.203875e+03 
2808650000 8.207675e+03 
2810800000 8.193400e+03 
2812950000 8.225450e+03 
2815100000 8.204225e+03 
2817250000 8.200150e+03 
2819400000 8.220350e+03 
2821550000 8.188450e+03 
2823700000 8.225350e+03 
2825850000 8.212600e+03 
2828000000 8.227600e+03 
2.830150e+09 8203 
2832300000 8.224400e+03 
2834450000 8.251550e+03 
2836600000 8.192800e+03 
2838750000 8.193550e+03 
2840900000 8.223050e+03 
2843050000 8.197100e+03 
2845200000 8.197250e+03 
2847350000 8.227200e+03 
2849500000 8.205950e+03 
2851650000 8.218925e+03 
2853800000 8.209375e+03 
2855950000 8.213925e+03 
2858100000 8.201600e+03 
2.860250e+09 8.190200e+03 
2862400000 8.195650e+03 
2864550000 8.173650e+03 
2866700000 8.206425e+03 
2868850000 8.191275e+03 
2871000000 8.162525e+03 
2873150000 8.180800e+03 
2875300000 8.212200e+03 
2877450000 8.212525e+03 
2879600000 8.195175e+03 
2881750000 8.197125e+03 
2883900000 8.212800e+03 
2886050000 8.209125e+03 
2888200000 8.207550e+03 
2.890350e+09 8.207275e+03 
2892500000 8.194825e+03 
2894650000 8.187050e+03 
2896800000 8.196300e+03 
2898950000 8.205275e+03 
2901100000 8.227275e+03 
2903250000 8.188700e+03 
2905400000 8.206525e+03 
2907550000 8.193950e+03 
2909700000 8.198725e+03 
2911850000 8.200200e+03 
2914000000 8.201025e+03 
2916150000 8.195950e+03 
2918300000 8.182900e+03 
2920450000 8.194550e+03 
2922600000 8.203800e+03 
2924750000 8.181875e+03 
2926900000 8.174500e+03 
2929050000 8.180550e+03 
2931200000 8.199200e+03 
2933350000 8.199025e+03 
2935500000 8.188400e+03 
2937650000 8.194350e+03 
2939800000 8.188450e+03 
2941950000 8.193350e+03 
2.944100e+09 8.184875e+03 
2946250000 8.212150e+03 
2948400000 8.211300e+03 
2950550000 8.217400e+03 
2952700000 8.216075e+03 
2954850000 8.193850e+03 
2957000000 8.193425e+03 
2959150000 8.207725e+03 
2961300000 8.172425e+03 
2963450000 8.207200e+03 
2965600000 8.190125e+03 
2967750000 8.213125e+03 
2969900000 8.194250e+03 
2972050000 8.204250e+03 
2974200000 8.202100e+03 
2976350000 8.175750e+03 
2978500000 8.189425e+03 
2980650000 8.194725e+03 
2982800000 8.198050e+03 
2984950000 8.204950e+03 
2987100000 8.219250e+03 
2989250000 8.191575e+03 
2991400000 8.199200e+03 
2993550000 8.184350e+03 
2995700000 8.183100e+03 
2997850000 8.185925e+03 
3000000000 8.179450e+03 

END
