IGOR
WAVES/D/O sweep,sig(1) 
BEGIN
2570000000 8.307450e+03 
2.572150e+09 8.293900e+03 
2574300000 8.302575e+03 
2576450000 8.279125e+03 
2578600000 8.282450e+03 
2.580750e+09 8.300775e+03 
2582900000 8.270725e+03 
2585050000 8.293350e+03 
2.587200e+09 8.290275e+03 
2589350000 8.301950e+03 
2591500000 8.279975e+03 
2593650000 8.307625e+03 
2.595800e+09 8.309050e+03 
2597950000 8.293800e+03 
2600100000 8.312650e+03 
2.602250e+09 8.297625e+03 
2604400000 8.291950e+03 
2606550000 8.309400e+03 
2608700000 8.295975e+03 
2.610850e+09 8.302125e+03 
2613000000 8.317375e+03 
2615150000 8.306425e+03 
2.617300e+09 8.277625e+03 
2619450000 8.313400e+03 
2621600000 8.281475e+03 
2623750000 8.289450e+03 
2.625900e+09 8.270350e+03 
2628050000 8.251775e+03 
2630200000 8.251675e+03 
2.632350e+09 8.264725e+03 
2634500000 8.255650e+03 
2636650000 8.290050e+03 
2638800000 8.267875e+03 
2.640950e+09 8.273725e+03 
2643100000 8.282025e+03 
2645250000 8.284125e+03 
2.647400e+09 8.298150e+03 
2649550000 8.306975e+03 
2651700000 8.300700e+03 
2653850000 8.287850e+03 
2.656000e+09 8.295375e+03 
2658150000 8.282325e+03 
2660300000 8.271100e+03 
2.662450e+09 8.258750e+03 
2664600000 8.239200e+03 
2666750000 8.248025e+03 
2668900000 8.220350e+03 
2.671050e+09 8.220625e+03 
2673200000 8.238750e+03 
2675350000 8.250300e+03 
2677500000 8.229675e+03 
2679650000 8.268600e+03 
2681800000 8.288450e+03 
2683950000 8.263075e+03 
2.686100e+09 8.266350e+03 
2688250000 8.307900e+03 
2690400000 8.304900e+03 
2692550000 8.268950e+03 
2694700000 8.271225e+03 
2696850000 8.266050e+03 
2699000000 8.254125e+03 
2.701150e+09 8.262600e+03 
2703300000 8247 
2705450000 8.232825e+03 
2707600000 8.257175e+03 
2.709750e+09 8.203250e+03 
2711900000 8.263225e+03 
2714050000 8.278400e+03 
2.716200e+09 8.272625e+03 
2718350000 8.280950e+03 
2720500000 8.308850e+03 
2722650000 8.287875e+03 
2724800000 8.300500e+03 
2726950000 8.291225e+03 
2729100000 8.303825e+03 
2.731250e+09 8.274125e+03 
2733400000 8.300350e+03 
2735550000 8.307950e+03 
2737700000 8.261175e+03 
2.739850e+09 8.259750e+03 
2742000000 8.253425e+03 
2744150000 8.271950e+03 
2.746300e+09 8.274975e+03 
2748450000 8.291650e+03 
2750600000 8289 
2752750000 8.284175e+03 
2754900000 8.297800e+03 
2757050000 8.291050e+03 
2759200000 8.315650e+03 
2.761350e+09 8.303925e+03 
2763500000 8.293800e+03 
2765650000 8.293575e+03 
2767800000 8.293475e+03 
2.769950e+09 8.310100e+03 
2772100000 8.312750e+03 
2774250000 8.304700e+03 
2.776400e+09 8.295875e+03 
2778550000 8.312925e+03 
2780700000 8.291475e+03 
2782850000 8.307100e+03 
2785000000 8.279575e+03 
2787150000 8.284275e+03 
2789300000 8.284250e+03 
2791450000 8.277075e+03 
2793600000 8.303400e+03 
2795750000 8.273975e+03 
2797900000 8.294900e+03 
2.800050e+09 8.292175e+03 
2802200000 8.293625e+03 
2804350000 8.273250e+03 
2806500000 8.313925e+03 
2808650000 8.284525e+03 
2810800000 8.277775e+03 
2812950000 8.276875e+03 
2815100000 8.278100e+03 
2817250000 8.294400e+03 
2819400000 8.297525e+03 
2821550000 8.285950e+03 
2823700000 8.289775e+03 
2825850000 8.284100e+03 
2828000000 8.282625e+03 
2.830150e+09 8.285025e+03 
2832300000 8.283975e+03 
2834450000 8.306725e+03 
2836600000 8.286650e+03 
2838750000 8.288325e+03 
2840900000 8293 
2843050000 8.290950e+03 
2845200000 8.314575e+03 
2847350000 8.296075e+03 
2849500000 8.290650e+03 
2851650000 8.271525e+03 
2853800000 8.286175e+03 
2855950000 8.280650e+03 
2858100000 8.292100e+03 
2.860250e+09 8.270875e+03 
2862400000 8291 
2864550000 8.289825e+03 
2866700000 8.282125e+03 
2868850000 8.296800e+03 
2871000000 8.286575e+03 
2873150000 8.279550e+03 
2875300000 8.280725e+03 
2877450000 8.273800e+03 
2879600000 8.288900e+03 
2881750000 8.281925e+03 
2883900000 8.297675e+03 
2886050000 8.293800e+03 
2888200000 8.299600e+03 
2.890350e+09 8.314575e+03 
2892500000 8.303600e+03 
2894650000 8.299325e+03 
2896800000 8.276275e+03 
2898950000 8305 
2901100000 8.289200e+03 
2903250000 8.311825e+03 
2905400000 8.294500e+03 
2907550000 8.303225e+03 
2909700000 8.283500e+03 
2911850000 8.275800e+03 
2914000000 8.284675e+03 
2916150000 8.294225e+03 
2918300000 8.274475e+03 
2920450000 8.276650e+03 
2922600000 8.271425e+03 
2924750000 8.265175e+03 
2926900000 8.279075e+03 
2929050000 8.314125e+03 
2931200000 8.294850e+03 
2933350000 8.294050e+03 
2935500000 8.294800e+03 
2937650000 8.270675e+03 
2939800000 8.266425e+03 
2941950000 8295 
2.944100e+09 8.303375e+03 
2946250000 8.291425e+03 
2948400000 8.303250e+03 
2950550000 8.296225e+03 
2952700000 8.287675e+03 
2954850000 8.310975e+03 
2957000000 8.263775e+03 
2959150000 8.299025e+03 
2961300000 8.288375e+03 
2963450000 8.298250e+03 
2965600000 8.291200e+03 
2967750000 8.278225e+03 
2969900000 8.282875e+03 
2972050000 8.299275e+03 
2974200000 8.293750e+03 
2976350000 8.269275e+03 
2978500000 8.293200e+03 
2980650000 8.274775e+03 
2982800000 8.294400e+03 
2984950000 8.301325e+03 
2987100000 8.282775e+03 
2989250000 8.293950e+03 
2991400000 8.272125e+03 
2993550000 8.269150e+03 
2995700000 8.267400e+03 
2997850000 8.290975e+03 
3000000000 8.293325e+03 

END
