IGOR
WAVES/D/O sweep,sig(1) 
BEGIN
2570000000 8.335675e+03 
2.572150e+09 8.358975e+03 
2574300000 8.315450e+03 
2576450000 8.356925e+03 
2578600000 8.343875e+03 
2.580750e+09 8.357800e+03 
2582900000 8.369625e+03 
2585050000 8.360250e+03 
2.587200e+09 8.344650e+03 
2589350000 8.352400e+03 
2591500000 8.336200e+03 
2593650000 8.340200e+03 
2.595800e+09 8.347550e+03 
2597950000 8.352275e+03 
2600100000 8.361850e+03 
2.602250e+09 8.331275e+03 
2604400000 8.334200e+03 
2606550000 8.343025e+03 
2608700000 8.376675e+03 
2.610850e+09 8.375025e+03 
2613000000 8.360900e+03 
2615150000 8.342700e+03 
2.617300e+09 8.359900e+03 
2619450000 8.359550e+03 
2621600000 8.338100e+03 
2623750000 8.341725e+03 
2.625900e+09 8.308500e+03 
2628050000 8.317800e+03 
2630200000 8.319525e+03 
2.632350e+09 8.308900e+03 
2634500000 8.306900e+03 
2636650000 8.304825e+03 
2638800000 8.312850e+03 
2.640950e+09 8.340400e+03 
2643100000 8.339375e+03 
2645250000 8.373350e+03 
2.647400e+09 8.362750e+03 
2649550000 8.349925e+03 
2651700000 8.365475e+03 
2653850000 8.348125e+03 
2.656000e+09 8.360400e+03 
2658150000 8.333975e+03 
2660300000 8.325625e+03 
2.662450e+09 8.338350e+03 
2664600000 8.330975e+03 
2666750000 8.298925e+03 
2668900000 8.296575e+03 
2.671050e+09 8.293925e+03 
2673200000 8.282475e+03 
2675350000 8.304875e+03 
2677500000 8.313275e+03 
2679650000 8.324125e+03 
2681800000 8.350250e+03 
2683950000 8.344300e+03 
2.686100e+09 8.358475e+03 
2688250000 8.350850e+03 
2690400000 8.343175e+03 
2692550000 8.343025e+03 
2694700000 8.347025e+03 
2696850000 8.342450e+03 
2699000000 8.344500e+03 
2.701150e+09 8.304500e+03 
2703300000 8.277925e+03 
2705450000 8.299650e+03 
2707600000 8.283125e+03 
2.709750e+09 8.305800e+03 
2711900000 8.324075e+03 
2714050000 8.348050e+03 
2.716200e+09 8.319475e+03 
2718350000 8.356250e+03 
2720500000 8.333225e+03 
2722650000 8.359250e+03 
2724800000 8.367025e+03 
2726950000 8.342125e+03 
2729100000 8.352600e+03 
2.731250e+09 8.378400e+03 
2733400000 8.339850e+03 
2735550000 8.342075e+03 
2737700000 8.343525e+03 
2.739850e+09 8.327275e+03 
2742000000 8.323300e+03 
2744150000 8.341550e+03 
2.746300e+09 8.335675e+03 
2748450000 8.347550e+03 
2750600000 8.328600e+03 
2752750000 8.334125e+03 
2754900000 8.336125e+03 
2757050000 8.355500e+03 
2759200000 8.359050e+03 
2.761350e+09 8.388550e+03 
2763500000 8.366725e+03 
2765650000 8.393600e+03 
2767800000 8.386650e+03 
2.769950e+09 8.362575e+03 
2772100000 8.363075e+03 
2774250000 8.368350e+03 
2.776400e+09 8.366700e+03 
2778550000 8.384800e+03 
2780700000 8.368075e+03 
2782850000 8364 
2785000000 8.377975e+03 
2787150000 8.378900e+03 
2789300000 8.377075e+03 
2791450000 8.377575e+03 
2793600000 8.356175e+03 
2795750000 8.336525e+03 
2797900000 8.359875e+03 
2.800050e+09 8.371650e+03 
2802200000 8.379850e+03 
2804350000 8.397825e+03 
2806500000 8.384150e+03 
2808650000 8.390375e+03 
2810800000 8.369525e+03 
2812950000 8.380650e+03 
2815100000 8.375225e+03 
2817250000 8.367350e+03 
2819400000 8.375725e+03 
2821550000 8.398550e+03 
2823700000 8.371775e+03 
2825850000 8.384225e+03 
2828000000 8.401600e+03 
2.830150e+09 8.375925e+03 
2832300000 8.386075e+03 
2834450000 8.358300e+03 
2836600000 8.374825e+03 
2838750000 8.370800e+03 
2840900000 8.362450e+03 
2843050000 8.356675e+03 
2845200000 8.368275e+03 
2847350000 8.373525e+03 
2849500000 8.373575e+03 
2851650000 8.363525e+03 
2853800000 8.375500e+03 
2855950000 8.370800e+03 
2858100000 8.362325e+03 
2.860250e+09 8.380575e+03 
2862400000 8.365150e+03 
2864550000 8.374900e+03 
2866700000 8.387250e+03 
2868850000 8.373225e+03 
2871000000 8.371675e+03 
2873150000 8.376375e+03 
2875300000 8.359850e+03 
2877450000 8.375275e+03 
2879600000 8.359325e+03 
2881750000 8366 
2883900000 8.345650e+03 
2886050000 8.340600e+03 
2888200000 8.389975e+03 
2.890350e+09 8.371825e+03 
2892500000 8.348400e+03 
2894650000 8.360925e+03 
2896800000 8.361900e+03 
2898950000 8.368450e+03 
2901100000 8.366250e+03 
2903250000 8.358675e+03 
2905400000 8.365750e+03 
2907550000 8.341650e+03 
2909700000 8.352175e+03 
2911850000 8.360425e+03 
2914000000 8.353800e+03 
2916150000 8.380600e+03 
2918300000 8.368975e+03 
2920450000 8.355425e+03 
2922600000 8.367225e+03 
2924750000 8.351650e+03 
2926900000 8.368475e+03 
2929050000 8.378275e+03 
2931200000 8.363150e+03 
2933350000 8348 
2935500000 8.380900e+03 
2937650000 8.381775e+03 
2939800000 8.365200e+03 
2941950000 8.346775e+03 
2.944100e+09 8.357925e+03 
2946250000 8.362825e+03 
2948400000 8.370225e+03 
2950550000 8.386475e+03 
2952700000 8.405650e+03 
2954850000 8.341250e+03 
2957000000 8.369175e+03 
2959150000 8.358575e+03 
2961300000 8.371575e+03 
2963450000 8.369675e+03 
2965600000 8.367900e+03 
2967750000 8.345375e+03 
2969900000 8.352050e+03 
2972050000 8.358150e+03 
2974200000 8.371600e+03 
2976350000 8.374575e+03 
2978500000 8.371650e+03 
2980650000 8.362350e+03 
2982800000 8.369575e+03 
2984950000 8.353975e+03 
2987100000 8.370150e+03 
2989250000 8.369850e+03 
2991400000 8359 
2993550000 8.364250e+03 
2995700000 8.367175e+03 
2997850000 8.381950e+03 
3000000000 8.351800e+03 

END
