IGOR
WAVES/D/O sweep,sig(1) 
BEGIN
2570000000 8.311425e+03 
2.572150e+09 8.314750e+03 
2574300000 8.294525e+03 
2576450000 8.285750e+03 
2578600000 8.309250e+03 
2.580750e+09 8.327550e+03 
2582900000 8.322400e+03 
2585050000 8.314400e+03 
2.587200e+09 8.287725e+03 
2589350000 8.274125e+03 
2591500000 8.286175e+03 
2593650000 8.279050e+03 
2.595800e+09 8.287525e+03 
2597950000 8.304475e+03 
2600100000 8.301600e+03 
2.602250e+09 8.294675e+03 
2604400000 8296 
2606550000 8.307225e+03 
2608700000 8.296275e+03 
2.610850e+09 8.288625e+03 
2613000000 8.286625e+03 
2615150000 8271 
2.617300e+09 8.290325e+03 
2619450000 8292 
2621600000 8282 
2623750000 8.274675e+03 
2.625900e+09 8.272800e+03 
2628050000 8.270875e+03 
2630200000 8.251700e+03 
2.632350e+09 8.257600e+03 
2634500000 8.250275e+03 
2636650000 8.255600e+03 
2638800000 8.287975e+03 
2.640950e+09 8.276700e+03 
2643100000 8.284100e+03 
2645250000 8.294300e+03 
2.647400e+09 8.272650e+03 
2649550000 8.280675e+03 
2651700000 8.295850e+03 
2653850000 8.276125e+03 
2.656000e+09 8.282975e+03 
2658150000 8.298225e+03 
2660300000 8.293500e+03 
2.662450e+09 8.293425e+03 
2664600000 8.243800e+03 
2666750000 8.233525e+03 
2668900000 8.247175e+03 
2.671050e+09 8.226400e+03 
2673200000 8.237025e+03 
2675350000 8.221900e+03 
2677500000 8.262325e+03 
2679650000 8.295025e+03 
2681800000 8272 
2683950000 8.283300e+03 
2.686100e+09 8.281125e+03 
2688250000 8.277725e+03 
2690400000 8.307075e+03 
2692550000 8.268075e+03 
2694700000 8.296225e+03 
2696850000 8.260400e+03 
2699000000 8.274300e+03 
2.701150e+09 8.202575e+03 
2703300000 8.204150e+03 
2705450000 8.221750e+03 
2707600000 8.232425e+03 
2.709750e+09 8.229050e+03 
2711900000 8.247875e+03 
2714050000 8.228600e+03 
2.716200e+09 8.266425e+03 
2718350000 8.263350e+03 
2720500000 8.284800e+03 
2722650000 8.255275e+03 
2724800000 8.278300e+03 
2726950000 8.259050e+03 
2729100000 8.254825e+03 
2.731250e+09 8.247575e+03 
2733400000 8.241850e+03 
2735550000 8.256300e+03 
2737700000 8.251300e+03 
2.739850e+09 8.270875e+03 
2742000000 8.236300e+03 
2744150000 8.241725e+03 
2.746300e+09 8.258500e+03 
2748450000 8.228675e+03 
2750600000 8.250350e+03 
2752750000 8.271075e+03 
2754900000 8.271075e+03 
2757050000 8.266925e+03 
2759200000 8.267925e+03 
2.761350e+09 8.264075e+03 
2763500000 8.273475e+03 
2765650000 8.256475e+03 
2767800000 8.282600e+03 
2.769950e+09 8.280275e+03 
2772100000 8.258375e+03 
2774250000 8.253900e+03 
2.776400e+09 8.283850e+03 
2778550000 8.287600e+03 
2780700000 8.260650e+03 
2782850000 8.265100e+03 
2785000000 8.263200e+03 
2787150000 8.274725e+03 
2789300000 8.237175e+03 
2791450000 8.244775e+03 
2793600000 8.245350e+03 
2795750000 8.261250e+03 
2797900000 8.260675e+03 
2.800050e+09 8.259975e+03 
2802200000 8.289050e+03 
2804350000 8.256825e+03 
2806500000 8.266875e+03 
2808650000 8.270250e+03 
2810800000 8.241750e+03 
2812950000 8.267625e+03 
2815100000 8.239175e+03 
2817250000 8.271400e+03 
2819400000 8.253375e+03 
2821550000 8.257925e+03 
2823700000 8.270050e+03 
2825850000 8.253600e+03 
2828000000 8.255525e+03 
2.830150e+09 8.252575e+03 
2832300000 8.236375e+03 
2834450000 8.255500e+03 
2836600000 8.255550e+03 
2838750000 8.267550e+03 
2840900000 8.243125e+03 
2843050000 8.251675e+03 
2845200000 8.254375e+03 
2847350000 8250 
2849500000 8.236450e+03 
2851650000 8.247050e+03 
2853800000 8.237450e+03 
2855950000 8.238775e+03 
2858100000 8.257400e+03 
2.860250e+09 8.240900e+03 
2862400000 8.233075e+03 
2864550000 8256 
2866700000 8.259275e+03 
2868850000 8.231200e+03 
2871000000 8.244500e+03 
2873150000 8.249050e+03 
2875300000 8.262275e+03 
2877450000 8.225325e+03 
2879600000 8.251300e+03 
2881750000 8.233050e+03 
2883900000 8.228125e+03 
2886050000 8.263725e+03 
2888200000 8.253775e+03 
2.890350e+09 8.242950e+03 
2892500000 8.252550e+03 
2894650000 8.239700e+03 
2896800000 8.234325e+03 
2898950000 8.210250e+03 
2901100000 8.230950e+03 
2903250000 8.253875e+03 
2905400000 8.273675e+03 
2907550000 8.259375e+03 
2909700000 8.230675e+03 
2911850000 8.253925e+03 
2914000000 8.239200e+03 
2916150000 8.235625e+03 
2918300000 8.263650e+03 
2920450000 8.232650e+03 
2922600000 8.259075e+03 
2924750000 8.261375e+03 
2926900000 8.246225e+03 
2929050000 8.229400e+03 
2931200000 8.251725e+03 
2933350000 8.252575e+03 
2935500000 8.237625e+03 
2937650000 8.214125e+03 
2939800000 8.231150e+03 
2941950000 8.244900e+03 
2.944100e+09 8.251350e+03 
2946250000 8.230975e+03 
2948400000 8.242800e+03 
2950550000 8.234025e+03 
2952700000 8.249850e+03 
2954850000 8.225450e+03 
2957000000 8.226875e+03 
2959150000 8.235700e+03 
2961300000 8.253300e+03 
2963450000 8.263825e+03 
2965600000 8.267375e+03 
2967750000 8.257975e+03 
2969900000 8.251900e+03 
2972050000 8.243650e+03 
2974200000 8.250750e+03 
2976350000 8.250575e+03 
2978500000 8.250150e+03 
2980650000 8.251200e+03 
2982800000 8.269875e+03 
2984950000 8.278425e+03 
2987100000 8.262875e+03 
2989250000 8.259800e+03 
2991400000 8.278900e+03 
2993550000 8.287425e+03 
2995700000 8.275975e+03 
2997850000 8.261375e+03 
3000000000 8.253750e+03 

END
