IGOR
WAVES/D/O sweep,sig(1) 
BEGIN
2570000000 8.351075e+03 
2.572150e+09 8.338450e+03 
2574300000 8.314325e+03 
2576450000 8.343425e+03 
2578600000 8.315350e+03 
2.580750e+09 8.294375e+03 
2582900000 8.330175e+03 
2585050000 8.313100e+03 
2.587200e+09 8.326775e+03 
2589350000 8.297775e+03 
2591500000 8.304375e+03 
2593650000 8.347100e+03 
2.595800e+09 8.318825e+03 
2597950000 8.309100e+03 
2600100000 8.321525e+03 
2.602250e+09 8.349500e+03 
2604400000 8.319775e+03 
2606550000 8.318150e+03 
2608700000 8.290125e+03 
2.610850e+09 8.339325e+03 
2613000000 8.335350e+03 
2615150000 8.311800e+03 
2.617300e+09 8.311450e+03 
2619450000 8.320175e+03 
2621600000 8.303925e+03 
2623750000 8.318225e+03 
2.625900e+09 8.292475e+03 
2628050000 8.280725e+03 
2630200000 8.267375e+03 
2.632350e+09 8.308525e+03 
2634500000 8.278250e+03 
2636650000 8271 
2638800000 8.278650e+03 
2.640950e+09 8321 
2643100000 8.317275e+03 
2645250000 8.318900e+03 
2.647400e+09 8.341300e+03 
2649550000 8.344675e+03 
2651700000 8.335650e+03 
2653850000 8.320575e+03 
2.656000e+09 8.357250e+03 
2658150000 8.320475e+03 
2660300000 8.306125e+03 
2.662450e+09 8.282425e+03 
2664600000 8.266875e+03 
2666750000 8.258700e+03 
2668900000 8.262275e+03 
2.671050e+09 8.223650e+03 
2673200000 8.233675e+03 
2675350000 8266 
2677500000 8.273500e+03 
2679650000 8.270025e+03 
2681800000 8.303325e+03 
2683950000 8.302500e+03 
2.686100e+09 8.329025e+03 
2688250000 8.295300e+03 
2690400000 8.317925e+03 
2692550000 8.293450e+03 
2694700000 8.302050e+03 
2696850000 8.285100e+03 
2699000000 8.312425e+03 
2.701150e+09 8.252575e+03 
2703300000 8.249100e+03 
2705450000 8.256125e+03 
2707600000 8.250850e+03 
2.709750e+09 8.255500e+03 
2711900000 8.282575e+03 
2714050000 8.286850e+03 
2.716200e+09 8.311175e+03 
2718350000 8.297050e+03 
2720500000 8.343525e+03 
2722650000 8.305725e+03 
2724800000 8.340050e+03 
2726950000 8.330225e+03 
2729100000 8.331400e+03 
2.731250e+09 8.325875e+03 
2733400000 8.298975e+03 
2735550000 8.263775e+03 
2737700000 8.263700e+03 
2.739850e+09 8.276025e+03 
2742000000 8.298050e+03 
2744150000 8.261475e+03 
2.746300e+09 8.270625e+03 
2748450000 8.292925e+03 
2750600000 8.291100e+03 
2752750000 8.300875e+03 
2754900000 8.316875e+03 
2757050000 8.315600e+03 
2759200000 8.303750e+03 
2.761350e+09 8.323575e+03 
2763500000 8.337725e+03 
2765650000 8.350200e+03 
2767800000 8.331325e+03 
2.769950e+09 8.326400e+03 
2772100000 8.327900e+03 
2774250000 8.328850e+03 
2.776400e+09 8.311350e+03 
2778550000 8.308675e+03 
2780700000 8.326850e+03 
2782850000 8.337325e+03 
2785000000 8.314575e+03 
2787150000 8.325575e+03 
2789300000 8.329300e+03 
2791450000 8.329325e+03 
2793600000 8.309550e+03 
2795750000 8.324500e+03 
2797900000 8.347225e+03 
2.800050e+09 8.317975e+03 
2802200000 8.326800e+03 
2804350000 8.319125e+03 
2806500000 8.340550e+03 
2808650000 8.328800e+03 
2810800000 8.328625e+03 
2812950000 8.329550e+03 
2815100000 8.329650e+03 
2817250000 8.339950e+03 
2819400000 8.321100e+03 
2821550000 8.329550e+03 
2823700000 8.336200e+03 
2825850000 8.335450e+03 
2828000000 8.312300e+03 
2.830150e+09 8.305500e+03 
2832300000 8.330350e+03 
2834450000 8.319800e+03 
2836600000 8.316900e+03 
2838750000 8.321175e+03 
2840900000 8.319475e+03 
2843050000 8.315025e+03 
2845200000 8.333475e+03 
2847350000 8.296350e+03 
2849500000 8.316175e+03 
2851650000 8.317600e+03 
2853800000 8.334825e+03 
2855950000 8.315225e+03 
2858100000 8.308675e+03 
2.860250e+09 8.315075e+03 
2862400000 8.338450e+03 
2864550000 8.331550e+03 
2866700000 8.320475e+03 
2868850000 8.312475e+03 
2871000000 8.337275e+03 
2873150000 8.337400e+03 
2875300000 8.329850e+03 
2877450000 8.310975e+03 
2879600000 8.331875e+03 
2881750000 8.296075e+03 
2883900000 8.309650e+03 
2886050000 8.314525e+03 
2888200000 8.345450e+03 
2.890350e+09 8.342650e+03 
2892500000 8.317500e+03 
2894650000 8.329875e+03 
2896800000 8.332650e+03 
2898950000 8.337325e+03 
2901100000 8.324075e+03 
2903250000 8.338425e+03 
2905400000 8.342600e+03 
2907550000 8.327650e+03 
2909700000 8.355700e+03 
2911850000 8.343475e+03 
2914000000 8.330275e+03 
2916150000 8.320325e+03 
2918300000 8.322175e+03 
2920450000 8.312550e+03 
2922600000 8.313200e+03 
2924750000 8.329800e+03 
2926900000 8.314650e+03 
2929050000 8.326975e+03 
2931200000 8.300350e+03 
2933350000 8.325050e+03 
2935500000 8.338100e+03 
2937650000 8.326300e+03 
2939800000 8.318950e+03 
2941950000 8.335400e+03 
2.944100e+09 8342 
2946250000 8.335350e+03 
2948400000 8.319600e+03 
2950550000 8.327075e+03 
2952700000 8.308925e+03 
2954850000 8.325925e+03 
2957000000 8.325775e+03 
2959150000 8.327025e+03 
2961300000 8.306450e+03 
2963450000 8.321775e+03 
2965600000 8.315800e+03 
2967750000 8319 
2969900000 8.323150e+03 
2972050000 8.299650e+03 
2974200000 8.288025e+03 
2976350000 8.316050e+03 
2978500000 8.277550e+03 
2980650000 8.318325e+03 
2982800000 8.307175e+03 
2984950000 8335 
2987100000 8.325100e+03 
2989250000 8.311450e+03 
2991400000 8.322275e+03 
2993550000 8.350325e+03 
2995700000 8.313100e+03 
2997850000 8.295750e+03 
3000000000 8.334675e+03 

END
