IGOR
WAVES/D/O sweep,sig(1) 
BEGIN
2570000000 8.244075e+03 
2.572150e+09 8.251625e+03 
2574300000 8.260700e+03 
2576450000 8.264625e+03 
2578600000 8.254950e+03 
2.580750e+09 8.259225e+03 
2582900000 8.286250e+03 
2585050000 8.246250e+03 
2.587200e+09 8.263450e+03 
2589350000 8.249950e+03 
2591500000 8.257200e+03 
2593650000 8.228700e+03 
2.595800e+09 8.251350e+03 
2597950000 8.243400e+03 
2600100000 8.262250e+03 
2.602250e+09 8.265475e+03 
2604400000 8.264675e+03 
2606550000 8.253975e+03 
2608700000 8.272325e+03 
2.610850e+09 8.255675e+03 
2613000000 8.245125e+03 
2615150000 8.249300e+03 
2.617300e+09 8.257575e+03 
2619450000 8.264200e+03 
2621600000 8.232675e+03 
2623750000 8.226200e+03 
2.625900e+09 8.213400e+03 
2628050000 8.212950e+03 
2630200000 8.215800e+03 
2.632350e+09 8.206625e+03 
2634500000 8.223150e+03 
2636650000 8.217625e+03 
2638800000 8.229325e+03 
2.640950e+09 8.244850e+03 
2643100000 8.240125e+03 
2645250000 8.263300e+03 
2.647400e+09 8.244100e+03 
2649550000 8.257450e+03 
2651700000 8.264350e+03 
2653850000 8.260925e+03 
2.656000e+09 8.234750e+03 
2658150000 8.248325e+03 
2660300000 8.220525e+03 
2.662450e+09 8.224950e+03 
2664600000 8.201625e+03 
2666750000 8212 
2668900000 8.210250e+03 
2.671050e+09 8.182825e+03 
2673200000 8.187750e+03 
2675350000 8215 
2677500000 8.192550e+03 
2679650000 8.234975e+03 
2681800000 8.263600e+03 
2683950000 8.254875e+03 
2.686100e+09 8.259725e+03 
2688250000 8.250700e+03 
2690400000 8.249925e+03 
2692550000 8.258150e+03 
2694700000 8.256950e+03 
2696850000 8.241400e+03 
2699000000 8.200950e+03 
2.701150e+09 8.218350e+03 
2703300000 8.178575e+03 
2705450000 8.184675e+03 
2707600000 8.204925e+03 
2.709750e+09 8.203275e+03 
2711900000 8.208500e+03 
2714050000 8.238200e+03 
2.716200e+09 8.226875e+03 
2718350000 8.239450e+03 
2720500000 8.253475e+03 
2722650000 8.263250e+03 
2724800000 8.279600e+03 
2726950000 8.273300e+03 
2729100000 8.246950e+03 
2.731250e+09 8.235575e+03 
2733400000 8.247275e+03 
2735550000 8.228850e+03 
2737700000 8.248100e+03 
2.739850e+09 8.235175e+03 
2742000000 8.215850e+03 
2744150000 8.220125e+03 
2.746300e+09 8.233525e+03 
2748450000 8.249775e+03 
2750600000 8.254950e+03 
2752750000 8.258250e+03 
2754900000 8.248525e+03 
2757050000 8.259800e+03 
2759200000 8.281250e+03 
2.761350e+09 8.249975e+03 
2763500000 8.260575e+03 
2765650000 8.252750e+03 
2767800000 8.263975e+03 
2.769950e+09 8.256700e+03 
2772100000 8.275300e+03 
2774250000 8.262850e+03 
2.776400e+09 8267 
2778550000 8.296725e+03 
2780700000 8.278300e+03 
2782850000 8.273150e+03 
2785000000 8.267650e+03 
2787150000 8.259150e+03 
2789300000 8.255150e+03 
2791450000 8.271950e+03 
2793600000 8.264775e+03 
2795750000 8.240975e+03 
2797900000 8.260875e+03 
2.800050e+09 8.267650e+03 
2802200000 8.259100e+03 
2804350000 8.306725e+03 
2806500000 8.253250e+03 
2808650000 8.264700e+03 
2810800000 8.256625e+03 
2812950000 8.281025e+03 
2815100000 8.264900e+03 
2817250000 8.284625e+03 
2819400000 8.281475e+03 
2821550000 8.258775e+03 
2823700000 8.277175e+03 
2825850000 8.277600e+03 
2828000000 8.259175e+03 
2.830150e+09 8.273850e+03 
2832300000 8.271800e+03 
2834450000 8.253525e+03 
2836600000 8.298825e+03 
2838750000 8.255125e+03 
2840900000 8.247525e+03 
2843050000 8.280050e+03 
2845200000 8.286025e+03 
2847350000 8.286775e+03 
2849500000 8.271625e+03 
2851650000 8.267975e+03 
2853800000 8.289025e+03 
2855950000 8.278250e+03 
2858100000 8.266625e+03 
2.860250e+09 8.281825e+03 
2862400000 8.283375e+03 
2864550000 8.285675e+03 
2866700000 8.293175e+03 
2868850000 8.274725e+03 
2871000000 8.298150e+03 
2873150000 8.284800e+03 
2875300000 8.283525e+03 
2877450000 8.259225e+03 
2879600000 8.252850e+03 
2881750000 8.283100e+03 
2883900000 8.271650e+03 
2886050000 8.283800e+03 
2888200000 8.270175e+03 
2.890350e+09 8.273375e+03 
2892500000 8.275950e+03 
2894650000 8.288400e+03 
2896800000 8.283775e+03 
2898950000 8.281175e+03 
2901100000 8.301075e+03 
2903250000 8.284725e+03 
2905400000 8.292325e+03 
2907550000 8.262700e+03 
2909700000 8.281125e+03 
2911850000 8.302325e+03 
2914000000 8.287300e+03 
2916150000 8.277875e+03 
2918300000 8.300800e+03 
2920450000 8.289650e+03 
2922600000 8.279800e+03 
2924750000 8.282450e+03 
2926900000 8.272200e+03 
2929050000 8.287275e+03 
2931200000 8.290200e+03 
2933350000 8.280200e+03 
2935500000 8.275175e+03 
2937650000 8.296275e+03 
2939800000 8.284425e+03 
2941950000 8.286900e+03 
2.944100e+09 8.279275e+03 
2946250000 8.279475e+03 
2948400000 8.273175e+03 
2950550000 8.288900e+03 
2952700000 8.293750e+03 
2954850000 8.280475e+03 
2957000000 8.279075e+03 
2959150000 8.296750e+03 
2961300000 8.311900e+03 
2963450000 8.295450e+03 
2965600000 8.300525e+03 
2967750000 8.285825e+03 
2969900000 8.296350e+03 
2972050000 8.298050e+03 
2974200000 8.275900e+03 
2976350000 8.291950e+03 
2978500000 8.301575e+03 
2980650000 8.305275e+03 
2982800000 8.260900e+03 
2984950000 8.281725e+03 
2987100000 8.281950e+03 
2989250000 8.272850e+03 
2991400000 8.295725e+03 
2993550000 8.268850e+03 
2995700000 8.268325e+03 
2997850000 8.272100e+03 
3000000000 8.272150e+03 

END
