IGOR
WAVES/D/O sweep,sig(1) 
BEGIN
2570000000 8.277650e+03 
2.572150e+09 8.259175e+03 
2574300000 8.282850e+03 
2576450000 8.250650e+03 
2578600000 8.251525e+03 
2.580750e+09 8.249625e+03 
2582900000 8.287975e+03 
2585050000 8.257225e+03 
2.587200e+09 8.281250e+03 
2589350000 8.272850e+03 
2591500000 8.261475e+03 
2593650000 8.293200e+03 
2.595800e+09 8.314050e+03 
2597950000 8.265700e+03 
2600100000 8.277925e+03 
2.602250e+09 8.272675e+03 
2604400000 8.294400e+03 
2606550000 8.277750e+03 
2608700000 8.268625e+03 
2.610850e+09 8.281400e+03 
2613000000 8.299600e+03 
2615150000 8.284025e+03 
2.617300e+09 8.276700e+03 
2619450000 8.305600e+03 
2621600000 8.289125e+03 
2623750000 8.269575e+03 
2.625900e+09 8.229125e+03 
2628050000 8.263750e+03 
2630200000 8.241275e+03 
2.632350e+09 8.261950e+03 
2634500000 8227 
2636650000 8.237900e+03 
2638800000 8.262650e+03 
2.640950e+09 8.262525e+03 
2643100000 8.273725e+03 
2645250000 8.259025e+03 
2.647400e+09 8.262600e+03 
2649550000 8.274675e+03 
2651700000 8.295800e+03 
2653850000 8.293200e+03 
2.656000e+09 8.266575e+03 
2658150000 8.278025e+03 
2660300000 8244 
2.662450e+09 8.246850e+03 
2664600000 8.230775e+03 
2666750000 8.246325e+03 
2668900000 8.200850e+03 
2.671050e+09 8.225650e+03 
2673200000 8.192050e+03 
2675350000 8.219925e+03 
2677500000 8.201425e+03 
2679650000 8.255975e+03 
2681800000 8.238775e+03 
2683950000 8.280150e+03 
2.686100e+09 8.272600e+03 
2688250000 8.269475e+03 
2690400000 8.277125e+03 
2692550000 8.248675e+03 
2694700000 8.244425e+03 
2696850000 8.235525e+03 
2699000000 8.238250e+03 
2.701150e+09 8.185575e+03 
2703300000 8.228350e+03 
2705450000 8.189700e+03 
2707600000 8.177700e+03 
2.709750e+09 8.194900e+03 
2711900000 8.211500e+03 
2714050000 8.251050e+03 
2.716200e+09 8.235300e+03 
2718350000 8.276125e+03 
2720500000 8.248900e+03 
2722650000 8.251800e+03 
2724800000 8.254475e+03 
2726950000 8.235725e+03 
2729100000 8.236925e+03 
2.731250e+09 8.235875e+03 
2733400000 8.225375e+03 
2735550000 8.257800e+03 
2737700000 8.227725e+03 
2.739850e+09 8.247975e+03 
2742000000 8.213875e+03 
2744150000 8.216525e+03 
2.746300e+09 8.241900e+03 
2748450000 8.245125e+03 
2750600000 8.233025e+03 
2752750000 8.253400e+03 
2754900000 8.251175e+03 
2757050000 8.256725e+03 
2759200000 8.230700e+03 
2.761350e+09 8.249800e+03 
2763500000 8.259675e+03 
2765650000 8.256275e+03 
2767800000 8.252875e+03 
2.769950e+09 8.223600e+03 
2772100000 8.245825e+03 
2774250000 8.242475e+03 
2.776400e+09 8.238400e+03 
2778550000 8.247900e+03 
2780700000 8.261475e+03 
2782850000 8.244450e+03 
2785000000 8.283650e+03 
2787150000 8.254100e+03 
2789300000 8.247625e+03 
2791450000 8.258400e+03 
2793600000 8.276350e+03 
2795750000 8.255100e+03 
2797900000 8.269975e+03 
2.800050e+09 8.246025e+03 
2802200000 8.250450e+03 
2804350000 8.230325e+03 
2806500000 8.221725e+03 
2808650000 8.251125e+03 
2810800000 8.243275e+03 
2812950000 8.241625e+03 
2815100000 8.293900e+03 
2817250000 8253 
2819400000 8.224200e+03 
2821550000 8.269725e+03 
2823700000 8.266850e+03 
2825850000 8.258475e+03 
2828000000 8.247200e+03 
2.830150e+09 8.236375e+03 
2832300000 8.261025e+03 
2834450000 8.273875e+03 
2836600000 8.244200e+03 
2838750000 8.247725e+03 
2840900000 8.278400e+03 
2843050000 8.266875e+03 
2845200000 8.264650e+03 
2847350000 8.245775e+03 
2849500000 8.262675e+03 
2851650000 8.260075e+03 
2853800000 8.267300e+03 
2855950000 8.239025e+03 
2858100000 8.244825e+03 
2.860250e+09 8.237750e+03 
2862400000 8.245625e+03 
2864550000 8.254750e+03 
2866700000 8.237250e+03 
2868850000 8.259575e+03 
2871000000 8.259525e+03 
2873150000 8.242200e+03 
2875300000 8.258150e+03 
2877450000 8.284300e+03 
2879600000 8.248975e+03 
2881750000 8.225375e+03 
2883900000 8.266875e+03 
2886050000 8.250775e+03 
2888200000 8.252500e+03 
2.890350e+09 8.250425e+03 
2892500000 8.262800e+03 
2894650000 8.267800e+03 
2896800000 8.271575e+03 
2898950000 8.248575e+03 
2901100000 8.271800e+03 
2903250000 8.264925e+03 
2905400000 8.240275e+03 
2907550000 8.240925e+03 
2909700000 8.270025e+03 
2911850000 8.267400e+03 
2914000000 8.234600e+03 
2916150000 8.263150e+03 
2918300000 8.234975e+03 
2920450000 8.249775e+03 
2922600000 8.255425e+03 
2924750000 8.282975e+03 
2926900000 8.279025e+03 
2929050000 8.245150e+03 
2931200000 8.264425e+03 
2933350000 8.276075e+03 
2935500000 8.277075e+03 
2937650000 8.260925e+03 
2939800000 8.264375e+03 
2941950000 8.273200e+03 
2.944100e+09 8.267700e+03 
2946250000 8.268975e+03 
2948400000 8.269950e+03 
2950550000 8.262875e+03 
2952700000 8.246150e+03 
2954850000 8.258775e+03 
2957000000 8.265025e+03 
2959150000 8.249775e+03 
2961300000 8.268125e+03 
2963450000 8.240600e+03 
2965600000 8.229750e+03 
2967750000 8.254325e+03 
2969900000 8.248350e+03 
2972050000 8.269175e+03 
2974200000 8.235375e+03 
2976350000 8.249300e+03 
2978500000 8.257325e+03 
2980650000 8.251050e+03 
2982800000 8.267250e+03 
2984950000 8.264925e+03 
2987100000 8.261375e+03 
2989250000 8.257425e+03 
2991400000 8.248150e+03 
2993550000 8.259375e+03 
2995700000 8.271475e+03 
2997850000 8.274375e+03 
3000000000 8.286475e+03 

END
