IGOR
WAVES/D/O sweep,sig(1) 
BEGIN
2570000000 8.284875e+03 
2.572150e+09 8.269750e+03 
2574300000 8.266500e+03 
2576450000 8268 
2578600000 8.280175e+03 
2.580750e+09 8.279200e+03 
2582900000 8.254125e+03 
2585050000 8.282400e+03 
2.587200e+09 8.284575e+03 
2589350000 8.286600e+03 
2591500000 8.302050e+03 
2593650000 8.296675e+03 
2.595800e+09 8.263425e+03 
2597950000 8.269825e+03 
2600100000 8.271450e+03 
2.602250e+09 8.270675e+03 
2604400000 8.278450e+03 
2606550000 8.276625e+03 
2608700000 8.283325e+03 
2.610850e+09 8.297200e+03 
2613000000 8.295375e+03 
2615150000 8.275925e+03 
2.617300e+09 8.315200e+03 
2619450000 8.264575e+03 
2621600000 8.285975e+03 
2623750000 8.266250e+03 
2.625900e+09 8.263575e+03 
2628050000 8.250950e+03 
2630200000 8.267500e+03 
2.632350e+09 8.258300e+03 
2634500000 8.267600e+03 
2636650000 8.240850e+03 
2638800000 8251 
2.640950e+09 8.269650e+03 
2643100000 8.272750e+03 
2645250000 8.282775e+03 
2.647400e+09 8.272475e+03 
2649550000 8.277050e+03 
2651700000 8.309475e+03 
2653850000 8.270725e+03 
2.656000e+09 8.294975e+03 
2658150000 8.270175e+03 
2660300000 8.274600e+03 
2.662450e+09 8.264725e+03 
2664600000 8.234225e+03 
2666750000 8.238100e+03 
2668900000 8.198400e+03 
2.671050e+09 8.215600e+03 
2673200000 8.221200e+03 
2675350000 8.203125e+03 
2677500000 8.242200e+03 
2679650000 8.264500e+03 
2681800000 8.276175e+03 
2683950000 8.272050e+03 
2.686100e+09 8.286375e+03 
2688250000 8.272375e+03 
2690400000 8.285675e+03 
2692550000 8.301725e+03 
2694700000 8.251650e+03 
2696850000 8.260775e+03 
2699000000 8.240175e+03 
2.701150e+09 8.211375e+03 
2703300000 8.217825e+03 
2705450000 8.218325e+03 
2707600000 8.199175e+03 
2.709750e+09 8.232225e+03 
2711900000 8.221150e+03 
2714050000 8.253175e+03 
2.716200e+09 8.241025e+03 
2718350000 8.279575e+03 
2720500000 8.296625e+03 
2722650000 8.279925e+03 
2724800000 8.292700e+03 
2726950000 8.273050e+03 
2729100000 8.269675e+03 
2.731250e+09 8.280500e+03 
2733400000 8.239950e+03 
2735550000 8.274750e+03 
2737700000 8.273175e+03 
2.739850e+09 8.244275e+03 
2742000000 8.249600e+03 
2744150000 8.223625e+03 
2.746300e+09 8.255025e+03 
2748450000 8.264425e+03 
2750600000 8.266325e+03 
2752750000 8.260700e+03 
2754900000 8.301775e+03 
2757050000 8.273525e+03 
2759200000 8.276725e+03 
2.761350e+09 8.285925e+03 
2763500000 8.268725e+03 
2765650000 8.308225e+03 
2767800000 8.271850e+03 
2.769950e+09 8.299700e+03 
2772100000 8.286625e+03 
2774250000 8.254025e+03 
2.776400e+09 8.264600e+03 
2778550000 8.279825e+03 
2780700000 8.269050e+03 
2782850000 8.292850e+03 
2785000000 8.285250e+03 
2787150000 8.284425e+03 
2789300000 8.269050e+03 
2791450000 8.266375e+03 
2793600000 8.280325e+03 
2795750000 8.280475e+03 
2797900000 8.309475e+03 
2.800050e+09 8.289400e+03 
2802200000 8.250450e+03 
2804350000 8.274025e+03 
2806500000 8.283800e+03 
2808650000 8.285725e+03 
2810800000 8.283600e+03 
2812950000 8.258450e+03 
2815100000 8.273575e+03 
2817250000 8.282175e+03 
2819400000 8.277500e+03 
2821550000 8.284975e+03 
2823700000 8.281450e+03 
2825850000 8.280750e+03 
2828000000 8.286325e+03 
2.830150e+09 8.294775e+03 
2832300000 8.286850e+03 
2834450000 8.272525e+03 
2836600000 8.315850e+03 
2838750000 8.257325e+03 
2840900000 8.259750e+03 
2843050000 8.282050e+03 
2845200000 8.286650e+03 
2847350000 8.292950e+03 
2849500000 8.286450e+03 
2851650000 8.296175e+03 
2853800000 8.276800e+03 
2855950000 8.274500e+03 
2858100000 8.269625e+03 
2.860250e+09 8.299525e+03 
2862400000 8.278950e+03 
2864550000 8.291450e+03 
2866700000 8.280700e+03 
2868850000 8.282300e+03 
2871000000 8.291500e+03 
2873150000 8.284100e+03 
2875300000 8.294925e+03 
2877450000 8.292400e+03 
2879600000 8.279825e+03 
2881750000 8.281650e+03 
2883900000 8.296550e+03 
2886050000 8.302925e+03 
2888200000 8.291725e+03 
2.890350e+09 8.284225e+03 
2892500000 8.296600e+03 
2894650000 8.277125e+03 
2896800000 8.258400e+03 
2898950000 8.261925e+03 
2901100000 8.272075e+03 
2903250000 8.282150e+03 
2905400000 8.278850e+03 
2907550000 8.265850e+03 
2909700000 8.288175e+03 
2911850000 8.286025e+03 
2914000000 8.266950e+03 
2916150000 8.292125e+03 
2918300000 8.279150e+03 
2920450000 8.285750e+03 
2922600000 8.297875e+03 
2924750000 8.283700e+03 
2926900000 8.288025e+03 
2929050000 8.277050e+03 
2931200000 8.303700e+03 
2933350000 8.275975e+03 
2935500000 8.287700e+03 
2937650000 8.283150e+03 
2939800000 8.290150e+03 
2941950000 8.261200e+03 
2.944100e+09 8.257700e+03 
2946250000 8.280425e+03 
2948400000 8.270825e+03 
2950550000 8283 
2952700000 8.299150e+03 
2954850000 8.281525e+03 
2957000000 8.284475e+03 
2959150000 8.273075e+03 
2961300000 8.288575e+03 
2963450000 8.294425e+03 
2965600000 8.283700e+03 
2967750000 8.266100e+03 
2969900000 8.272175e+03 
2972050000 8.279750e+03 
2974200000 8.275925e+03 
2976350000 8.270550e+03 
2978500000 8.284350e+03 
2980650000 8.279825e+03 
2982800000 8.273125e+03 
2984950000 8.279075e+03 
2987100000 8.276600e+03 
2989250000 8.272675e+03 
2991400000 8.277750e+03 
2993550000 8.281725e+03 
2995700000 8.279375e+03 
2997850000 8.284250e+03 
3000000000 8.277425e+03 

END
