IGOR
WAVES/D/O sweep,sig(1) 
BEGIN
2570000000 8.241475e+03 
2.572150e+09 8.250750e+03 
2574300000 8.242575e+03 
2576450000 8.260325e+03 
2578600000 8254 
2.580750e+09 8.229600e+03 
2582900000 8.233100e+03 
2585050000 8.252575e+03 
2.587200e+09 8.246775e+03 
2589350000 8.267475e+03 
2591500000 8.227200e+03 
2593650000 8.252800e+03 
2.595800e+09 8.240400e+03 
2597950000 8.233100e+03 
2600100000 8.231375e+03 
2.602250e+09 8.252850e+03 
2604400000 8.227950e+03 
2606550000 8.241625e+03 
2608700000 8.246975e+03 
2.610850e+09 8.254950e+03 
2613000000 8.238675e+03 
2615150000 8.237850e+03 
2.617300e+09 8.245525e+03 
2619450000 8.254075e+03 
2621600000 8.226550e+03 
2623750000 8.217875e+03 
2.625900e+09 8.209800e+03 
2628050000 8.188350e+03 
2630200000 8.201425e+03 
2.632350e+09 8.208475e+03 
2634500000 8.200850e+03 
2636650000 8.201675e+03 
2638800000 8.221900e+03 
2.640950e+09 8.234800e+03 
2643100000 8.243450e+03 
2645250000 8.236275e+03 
2.647400e+09 8.238650e+03 
2649550000 8.255675e+03 
2651700000 8.239250e+03 
2653850000 8.261450e+03 
2.656000e+09 8.230375e+03 
2658150000 8.251300e+03 
2660300000 8.211225e+03 
2.662450e+09 8.207600e+03 
2664600000 8.200825e+03 
2666750000 8.184075e+03 
2668900000 8.172525e+03 
2.671050e+09 8.171575e+03 
2673200000 8.176700e+03 
2675350000 8.177325e+03 
2677500000 8.191775e+03 
2679650000 8.232175e+03 
2681800000 8.219550e+03 
2683950000 8.251450e+03 
2.686100e+09 8.227950e+03 
2688250000 8.256675e+03 
2690400000 8.232325e+03 
2692550000 8.255225e+03 
2694700000 8.232625e+03 
2696850000 8.239600e+03 
2699000000 8.208025e+03 
2.701150e+09 8.211725e+03 
2703300000 8.167450e+03 
2705450000 8.161725e+03 
2707600000 8.192100e+03 
2.709750e+09 8.228450e+03 
2711900000 8.196300e+03 
2714050000 8.222625e+03 
2.716200e+09 8.226125e+03 
2718350000 8.249050e+03 
2720500000 8.217200e+03 
2722650000 8.255725e+03 
2724800000 8.241300e+03 
2726950000 8.224625e+03 
2729100000 8.247375e+03 
2.731250e+09 8.233300e+03 
2733400000 8.207675e+03 
2735550000 8.209475e+03 
2737700000 8.240150e+03 
2.739850e+09 8.232400e+03 
2742000000 8.227400e+03 
2744150000 8.208075e+03 
2.746300e+09 8.215375e+03 
2748450000 8.232725e+03 
2750600000 8.231525e+03 
2752750000 8.229875e+03 
2754900000 8.257375e+03 
2757050000 8.253500e+03 
2759200000 8.273125e+03 
2.761350e+09 8.256550e+03 
2763500000 8.270875e+03 
2765650000 8.268850e+03 
2767800000 8.264125e+03 
2.769950e+09 8.227500e+03 
2772100000 8.284725e+03 
2774250000 8.263425e+03 
2.776400e+09 8.275800e+03 
2778550000 8.243925e+03 
2780700000 8.255125e+03 
2782850000 8.251625e+03 
2785000000 8.241450e+03 
2787150000 8.247425e+03 
2789300000 8.247725e+03 
2791450000 8.263950e+03 
2793600000 8.254475e+03 
2795750000 8.237475e+03 
2797900000 8.260725e+03 
2.800050e+09 8.276525e+03 
2802200000 8.262300e+03 
2804350000 8.243925e+03 
2806500000 8.245800e+03 
2808650000 8.241800e+03 
2810800000 8.243300e+03 
2812950000 8.240625e+03 
2815100000 8.244375e+03 
2817250000 8.233525e+03 
2819400000 8.249025e+03 
2821550000 8.247400e+03 
2823700000 8.244375e+03 
2825850000 8.246375e+03 
2828000000 8.253650e+03 
2.830150e+09 8.244275e+03 
2832300000 8.247425e+03 
2834450000 8.248675e+03 
2836600000 8.268725e+03 
2838750000 8.252250e+03 
2840900000 8256 
2843050000 8.241950e+03 
2845200000 8.264750e+03 
2847350000 8.236025e+03 
2849500000 8.221725e+03 
2851650000 8.257375e+03 
2853800000 8.251025e+03 
2855950000 8.252700e+03 
2858100000 8.243725e+03 
2.860250e+09 8.253900e+03 
2862400000 8.251775e+03 
2864550000 8.233100e+03 
2866700000 8.235500e+03 
2868850000 8.248975e+03 
2871000000 8.224525e+03 
2873150000 8.247500e+03 
2875300000 8.255950e+03 
2877450000 8.258600e+03 
2879600000 8.226050e+03 
2881750000 8.266875e+03 
2883900000 8.252925e+03 
2886050000 8.248825e+03 
2888200000 8.234150e+03 
2.890350e+09 8.241175e+03 
2892500000 8.240300e+03 
2894650000 8.257575e+03 
2896800000 8.252900e+03 
2898950000 8.254500e+03 
2901100000 8.226150e+03 
2903250000 8.242750e+03 
2905400000 8.231200e+03 
2907550000 8.245975e+03 
2909700000 8.268750e+03 
2911850000 8.233375e+03 
2914000000 8.248825e+03 
2916150000 8.243475e+03 
2918300000 8.244100e+03 
2920450000 8.233950e+03 
2922600000 8.228100e+03 
2924750000 8.240500e+03 
2926900000 8.241325e+03 
2929050000 8.231625e+03 
2931200000 8.243650e+03 
2933350000 8.259850e+03 
2935500000 8.249825e+03 
2937650000 8.248300e+03 
2939800000 8.238800e+03 
2941950000 8.218625e+03 
2.944100e+09 8.247875e+03 
2946250000 8.246075e+03 
2948400000 8.243225e+03 
2950550000 8.251250e+03 
2952700000 8.239075e+03 
2954850000 8.213650e+03 
2957000000 8.242450e+03 
2959150000 8.243550e+03 
2961300000 8.236725e+03 
2963450000 8.239975e+03 
2965600000 8.261975e+03 
2967750000 8.219225e+03 
2969900000 8.215250e+03 
2972050000 8.239725e+03 
2974200000 8.232875e+03 
2976350000 8.234700e+03 
2978500000 8.238775e+03 
2980650000 8.242900e+03 
2982800000 8.241100e+03 
2984950000 8.261975e+03 
2987100000 8.213025e+03 
2989250000 8.238700e+03 
2991400000 8.251825e+03 
2993550000 8.255775e+03 
2995700000 8.235025e+03 
2997850000 8.224125e+03 
3000000000 8.243300e+03 

END
