IGOR
WAVES/D/O sweep,sig(1) 
BEGIN
2570000000 8.371725e+03 
2.572150e+09 8.371950e+03 
2574300000 8.391900e+03 
2576450000 8.375175e+03 
2578600000 8.398250e+03 
2.580750e+09 8.383400e+03 
2582900000 8.378625e+03 
2585050000 8.376650e+03 
2.587200e+09 8.377800e+03 
2589350000 8.380325e+03 
2591500000 8.375825e+03 
2593650000 8.411150e+03 
2.595800e+09 8.389300e+03 
2597950000 8.368100e+03 
2600100000 8.380025e+03 
2.602250e+09 8.405250e+03 
2604400000 8.390750e+03 
2606550000 8.398875e+03 
2608700000 8.392275e+03 
2.610850e+09 8.370275e+03 
2613000000 8.408975e+03 
2615150000 8.409875e+03 
2.617300e+09 8.390125e+03 
2619450000 8.390675e+03 
2621600000 8.386300e+03 
2623750000 8.390550e+03 
2.625900e+09 8.375875e+03 
2628050000 8.363600e+03 
2630200000 8.351450e+03 
2.632350e+09 8.345550e+03 
2634500000 8.372525e+03 
2636650000 8.339500e+03 
2638800000 8.353125e+03 
2.640950e+09 8.382750e+03 
2643100000 8.374550e+03 
2645250000 8.380050e+03 
2.647400e+09 8.396425e+03 
2649550000 8.378475e+03 
2651700000 8.386925e+03 
2653850000 8.403800e+03 
2.656000e+09 8.411575e+03 
2658150000 8.401650e+03 
2660300000 8.367425e+03 
2.662450e+09 8.349175e+03 
2664600000 8.347825e+03 
2666750000 8.343775e+03 
2668900000 8.336625e+03 
2.671050e+09 8.329425e+03 
2673200000 8.343400e+03 
2675350000 8.363350e+03 
2677500000 8.345775e+03 
2679650000 8.339675e+03 
2681800000 8.394925e+03 
2683950000 8.377375e+03 
2.686100e+09 8.364225e+03 
2688250000 8.377575e+03 
2690400000 8.384900e+03 
2692550000 8.420775e+03 
2694700000 8.386700e+03 
2696850000 8.397975e+03 
2699000000 8.358575e+03 
2.701150e+09 8.336100e+03 
2703300000 8.329025e+03 
2705450000 8.317400e+03 
2707600000 8.325025e+03 
2.709750e+09 8.366025e+03 
2711900000 8.348400e+03 
2714050000 8.379925e+03 
2.716200e+09 8.399700e+03 
2718350000 8.385625e+03 
2720500000 8.398100e+03 
2722650000 8.405300e+03 
2724800000 8.381600e+03 
2726950000 8.372700e+03 
2729100000 8.396875e+03 
2.731250e+09 8.417125e+03 
2733400000 8.348450e+03 
2735550000 8.351700e+03 
2737700000 8.345600e+03 
2.739850e+09 8.353575e+03 
2742000000 8.343475e+03 
2744150000 8.347075e+03 
2.746300e+09 8.362275e+03 
2748450000 8371 
2750600000 8378 
2752750000 8.371950e+03 
2754900000 8.398500e+03 
2757050000 8.382150e+03 
2759200000 8.392175e+03 
2.761350e+09 8.392550e+03 
2763500000 8.417850e+03 
2765650000 8.391525e+03 
2767800000 8.398275e+03 
2.769950e+09 8.380850e+03 
2772100000 8.392025e+03 
2774250000 8.409525e+03 
2.776400e+09 8.382550e+03 
2778550000 8.419750e+03 
2780700000 8.416875e+03 
2782850000 8.389750e+03 
2785000000 8.379325e+03 
2787150000 8.368050e+03 
2789300000 8.399100e+03 
2791450000 8.411650e+03 
2793600000 8.382425e+03 
2795750000 8.393250e+03 
2797900000 8.386650e+03 
2.800050e+09 8.377325e+03 
2802200000 8.368875e+03 
2804350000 8.386825e+03 
2806500000 8.351500e+03 
2808650000 8.379450e+03 
2810800000 8.384575e+03 
2812950000 8.390800e+03 
2815100000 8.392250e+03 
2817250000 8.369950e+03 
2819400000 8.408850e+03 
2821550000 8.382150e+03 
2823700000 8.416175e+03 
2825850000 8.372750e+03 
2828000000 8.395400e+03 
2.830150e+09 8.383175e+03 
2832300000 8.388800e+03 
2834450000 8.412550e+03 
2836600000 8.362925e+03 
2838750000 8.404250e+03 
2840900000 8.381725e+03 
2843050000 8.376250e+03 
2845200000 8.385575e+03 
2847350000 8392 
2849500000 8.396775e+03 
2851650000 8.408750e+03 
2853800000 8.406900e+03 
2855950000 8.390450e+03 
2858100000 8.386800e+03 
2.860250e+09 8.412500e+03 
2862400000 8.386425e+03 
2864550000 8.375900e+03 
2866700000 8.378925e+03 
2868850000 8.403125e+03 
2871000000 8.388925e+03 
2873150000 8.400275e+03 
2875300000 8.391275e+03 
2877450000 8.399650e+03 
2879600000 8.387400e+03 
2881750000 8.415550e+03 
2883900000 8.402275e+03 
2886050000 8.410100e+03 
2888200000 8.383550e+03 
2.890350e+09 8.378700e+03 
2892500000 8.366725e+03 
2894650000 8.385450e+03 
2896800000 8.369100e+03 
2898950000 8.380800e+03 
2901100000 8.372225e+03 
2903250000 8.373400e+03 
2905400000 8.375175e+03 
2907550000 8.403150e+03 
2909700000 8.373575e+03 
2911850000 8.375750e+03 
2914000000 8.401575e+03 
2916150000 8.399900e+03 
2918300000 8.386675e+03 
2920450000 8.369075e+03 
2922600000 8.386975e+03 
2924750000 8.384300e+03 
2926900000 8.357250e+03 
2929050000 8.391050e+03 
2931200000 8.382450e+03 
2933350000 8.366850e+03 
2935500000 8.396900e+03 
2937650000 8.387225e+03 
2939800000 8.420125e+03 
2941950000 8364 
2.944100e+09 8.392150e+03 
2946250000 8.366175e+03 
2948400000 8.367975e+03 
2950550000 8.387325e+03 
2952700000 8.359600e+03 
2954850000 8.389575e+03 
2957000000 8.380525e+03 
2959150000 8.391700e+03 
2961300000 8.362275e+03 
2963450000 8.360100e+03 
2965600000 8.370775e+03 
2967750000 8.349500e+03 
2969900000 8.358675e+03 
2972050000 8.374875e+03 
2974200000 8.392475e+03 
2976350000 8.398075e+03 
2978500000 8.374175e+03 
2980650000 8.368125e+03 
2982800000 8.393825e+03 
2984950000 8.387450e+03 
2987100000 8.350450e+03 
2989250000 8.370850e+03 
2991400000 8.380950e+03 
2993550000 8.398050e+03 
2995700000 8.390575e+03 
2997850000 8.385550e+03 
3000000000 8.405325e+03 

END
