IGOR
WAVES/D/O sweep,sig(1) 
BEGIN
2570000000 8.325575e+03 
2.572150e+09 8.305925e+03 
2574300000 8.311050e+03 
2576450000 8.305075e+03 
2578600000 8.312575e+03 
2.580750e+09 8.321750e+03 
2582900000 8.309600e+03 
2585050000 8.326050e+03 
2.587200e+09 8.297700e+03 
2589350000 8.294925e+03 
2591500000 8.335850e+03 
2593650000 8319 
2.595800e+09 8.302150e+03 
2597950000 8.310500e+03 
2600100000 8.318800e+03 
2.602250e+09 8.297325e+03 
2604400000 8.316725e+03 
2606550000 8.296200e+03 
2608700000 8.318550e+03 
2.610850e+09 8.323750e+03 
2613000000 8.309150e+03 
2615150000 8.294500e+03 
2.617300e+09 8.324175e+03 
2619450000 8.305900e+03 
2621600000 8.298100e+03 
2623750000 8.271025e+03 
2.625900e+09 8.274875e+03 
2628050000 8.272050e+03 
2630200000 8.267225e+03 
2.632350e+09 8.269550e+03 
2634500000 8.256300e+03 
2636650000 8.268975e+03 
2638800000 8.307175e+03 
2.640950e+09 8.304475e+03 
2643100000 8.297825e+03 
2645250000 8.319175e+03 
2.647400e+09 8.330650e+03 
2649550000 8.309500e+03 
2651700000 8.310225e+03 
2653850000 8.291625e+03 
2.656000e+09 8.310325e+03 
2658150000 8.326775e+03 
2660300000 8.307525e+03 
2.662450e+09 8.260350e+03 
2664600000 8.280550e+03 
2666750000 8.246950e+03 
2668900000 8.252575e+03 
2.671050e+09 8.237900e+03 
2673200000 8.263450e+03 
2675350000 8.261050e+03 
2677500000 8.251200e+03 
2679650000 8.280275e+03 
2681800000 8.302600e+03 
2683950000 8.315250e+03 
2.686100e+09 8.310225e+03 
2688250000 8.319975e+03 
2690400000 8.327625e+03 
2692550000 8.324425e+03 
2694700000 8.289675e+03 
2696850000 8.301150e+03 
2699000000 8.275500e+03 
2.701150e+09 8.299800e+03 
2703300000 8.250650e+03 
2705450000 8.274825e+03 
2707600000 8.258150e+03 
2.709750e+09 8.267300e+03 
2711900000 8.254950e+03 
2714050000 8.276500e+03 
2.716200e+09 8293 
2718350000 8.297075e+03 
2720500000 8.311650e+03 
2722650000 8.343300e+03 
2724800000 8.313875e+03 
2726950000 8.322400e+03 
2729100000 8.319425e+03 
2.731250e+09 8.324825e+03 
2733400000 8.306900e+03 
2735550000 8292 
2737700000 8.299250e+03 
2.739850e+09 8.305075e+03 
2742000000 8.280100e+03 
2744150000 8.293975e+03 
2.746300e+09 8.294275e+03 
2748450000 8.312750e+03 
2750600000 8.309975e+03 
2752750000 8.307350e+03 
2754900000 8.303700e+03 
2757050000 8.342675e+03 
2759200000 8.336675e+03 
2.761350e+09 8300 
2763500000 8.313025e+03 
2765650000 8.332200e+03 
2767800000 8.316325e+03 
2.769950e+09 8.331350e+03 
2772100000 8.308125e+03 
2774250000 8.300900e+03 
2.776400e+09 8.330650e+03 
2778550000 8.314850e+03 
2780700000 8328 
2782850000 8.334450e+03 
2785000000 8.307625e+03 
2787150000 8.354225e+03 
2789300000 8.332525e+03 
2791450000 8.355100e+03 
2793600000 8.335650e+03 
2795750000 8.310800e+03 
2797900000 8.342475e+03 
2.800050e+09 8.343450e+03 
2802200000 8.334500e+03 
2804350000 8.337825e+03 
2806500000 8.319250e+03 
2808650000 8.339300e+03 
2810800000 8.335800e+03 
2812950000 8.312950e+03 
2815100000 8.321850e+03 
2817250000 8.297425e+03 
2819400000 8.316025e+03 
2821550000 8.310300e+03 
2823700000 8.312700e+03 
2825850000 8.300525e+03 
2828000000 8.316925e+03 
2.830150e+09 8.304625e+03 
2832300000 8.342250e+03 
2834450000 8.310525e+03 
2836600000 8.322575e+03 
2838750000 8.318350e+03 
2840900000 8.324075e+03 
2843050000 8.329425e+03 
2845200000 8.314125e+03 
2847350000 8.337725e+03 
2849500000 8.286850e+03 
2851650000 8.306350e+03 
2853800000 8.327075e+03 
2855950000 8.321625e+03 
2858100000 8.310250e+03 
2.860250e+09 8.321250e+03 
2862400000 8.306625e+03 
2864550000 8.337525e+03 
2866700000 8.307025e+03 
2868850000 8.303400e+03 
2871000000 8.297275e+03 
2873150000 8.308650e+03 
2875300000 8.326975e+03 
2877450000 8.310850e+03 
2879600000 8.326775e+03 
2881750000 8.313850e+03 
2883900000 8.306800e+03 
2886050000 8.296625e+03 
2888200000 8.311175e+03 
2.890350e+09 8.320800e+03 
2892500000 8.310650e+03 
2894650000 8.316700e+03 
2896800000 8.316525e+03 
2898950000 8.326025e+03 
2901100000 8.307250e+03 
2903250000 8.336150e+03 
2905400000 8.327075e+03 
2907550000 8.320100e+03 
2909700000 8.307350e+03 
2911850000 8.310700e+03 
2914000000 8.318825e+03 
2916150000 8.321550e+03 
2918300000 8.318500e+03 
2920450000 8.308100e+03 
2922600000 8.312525e+03 
2924750000 8.330100e+03 
2926900000 8.324750e+03 
2929050000 8.296025e+03 
2931200000 8.307475e+03 
2933350000 8.312175e+03 
2935500000 8.293675e+03 
2937650000 8.318050e+03 
2939800000 8.337450e+03 
2941950000 8.311725e+03 
2.944100e+09 8.301500e+03 
2946250000 8.323900e+03 
2948400000 8.312425e+03 
2950550000 8.312175e+03 
2952700000 8.318425e+03 
2954850000 8.317225e+03 
2957000000 8.317950e+03 
2959150000 8.297175e+03 
2961300000 8.334375e+03 
2963450000 8.294650e+03 
2965600000 8.314675e+03 
2967750000 8.326450e+03 
2969900000 8319 
2972050000 8.316050e+03 
2974200000 8.318875e+03 
2976350000 8.299825e+03 
2978500000 8.319900e+03 
2980650000 8.299750e+03 
2982800000 8.305725e+03 
2984950000 8.314400e+03 
2987100000 8.300625e+03 
2989250000 8.327275e+03 
2991400000 8.331025e+03 
2993550000 8.316125e+03 
2995700000 8.320075e+03 
2997850000 8.298575e+03 
3000000000 8.316625e+03 

END
