IGOR
WAVES/D/O sweep,sig(1) 
BEGIN
2570000000 8.225750e+03 
2.572150e+09 8.210725e+03 
2574300000 8.187300e+03 
2576450000 8.224050e+03 
2578600000 8.188875e+03 
2.580750e+09 8.163075e+03 
2582900000 8.186425e+03 
2585050000 8.196275e+03 
2.587200e+09 8.178475e+03 
2589350000 8.184150e+03 
2591500000 8212 
2593650000 8.194550e+03 
2.595800e+09 8.205975e+03 
2597950000 8.190125e+03 
2600100000 8.198025e+03 
2.602250e+09 8.188325e+03 
2604400000 8.173175e+03 
2606550000 8.184425e+03 
2608700000 8.201125e+03 
2.610850e+09 8.192550e+03 
2613000000 8.211725e+03 
2615150000 8.195375e+03 
2.617300e+09 8.171575e+03 
2619450000 8.196625e+03 
2621600000 8.194275e+03 
2623750000 8.173775e+03 
2.625900e+09 8.170150e+03 
2628050000 8.162450e+03 
2630200000 8.138200e+03 
2.632350e+09 8.143100e+03 
2634500000 8.148225e+03 
2636650000 8.138275e+03 
2638800000 8.154275e+03 
2.640950e+09 8.189050e+03 
2643100000 8.189250e+03 
2645250000 8.172575e+03 
2.647400e+09 8.208850e+03 
2649550000 8.210275e+03 
2651700000 8.186500e+03 
2653850000 8.170150e+03 
2.656000e+09 8.184450e+03 
2658150000 8.164025e+03 
2660300000 8.165825e+03 
2.662450e+09 8.163525e+03 
2664600000 8.162475e+03 
2666750000 8.116175e+03 
2668900000 8.124650e+03 
2.671050e+09 8.118800e+03 
2673200000 8.139150e+03 
2675350000 8.157800e+03 
2677500000 8.149750e+03 
2679650000 8.144350e+03 
2681800000 8.191825e+03 
2683950000 8.210350e+03 
2.686100e+09 8.182475e+03 
2688250000 8.171050e+03 
2690400000 8.176925e+03 
2692550000 8.183825e+03 
2694700000 8.175225e+03 
2696850000 8.181600e+03 
2699000000 8.159525e+03 
2.701150e+09 8.138775e+03 
2703300000 8.124375e+03 
2705450000 8.132750e+03 
2707600000 8.127050e+03 
2.709750e+09 8.139600e+03 
2711900000 8.132750e+03 
2714050000 8.148275e+03 
2.716200e+09 8.191275e+03 
2718350000 8.180725e+03 
2720500000 8.164700e+03 
2722650000 8.202625e+03 
2724800000 8.210375e+03 
2726950000 8.176550e+03 
2729100000 8.210225e+03 
2.731250e+09 8182 
2733400000 8.191750e+03 
2735550000 8.181125e+03 
2737700000 8.169050e+03 
2.739850e+09 8.165650e+03 
2742000000 8.168775e+03 
2744150000 8.183075e+03 
2.746300e+09 8.152025e+03 
2748450000 8.188100e+03 
2750600000 8.192325e+03 
2752750000 8.164300e+03 
2754900000 8.208300e+03 
2757050000 8.200775e+03 
2759200000 8.198975e+03 
2.761350e+09 8.205725e+03 
2763500000 8.188250e+03 
2765650000 8.182375e+03 
2767800000 8.187875e+03 
2.769950e+09 8.192575e+03 
2772100000 8.198600e+03 
2774250000 8.183075e+03 
2.776400e+09 8.187550e+03 
2778550000 8.208925e+03 
2780700000 8.176325e+03 
2782850000 8.179775e+03 
2785000000 8.181650e+03 
2787150000 8.215650e+03 
2789300000 8.221900e+03 
2791450000 8.173575e+03 
2793600000 8.206150e+03 
2795750000 8.213775e+03 
2797900000 8.224350e+03 
2.800050e+09 8.200725e+03 
2802200000 8.193550e+03 
2804350000 8.192325e+03 
2806500000 8.230150e+03 
2808650000 8.228225e+03 
2810800000 8.191975e+03 
2812950000 8.223425e+03 
2815100000 8.197075e+03 
2817250000 8.204050e+03 
2819400000 8.229225e+03 
2821550000 8.174050e+03 
2823700000 8.195525e+03 
2825850000 8.212325e+03 
2828000000 8.195425e+03 
2.830150e+09 8.205225e+03 
2832300000 8.198500e+03 
2834450000 8.188725e+03 
2836600000 8.182075e+03 
2838750000 8.176575e+03 
2840900000 8.193750e+03 
2843050000 8.200325e+03 
2845200000 8.205525e+03 
2847350000 8.191825e+03 
2849500000 8.195700e+03 
2851650000 8.208625e+03 
2853800000 8.210525e+03 
2855950000 8195 
2858100000 8.198850e+03 
2.860250e+09 8.234050e+03 
2862400000 8.201075e+03 
2864550000 8.189425e+03 
2866700000 8.182250e+03 
2868850000 8.215225e+03 
2871000000 8.219825e+03 
2873150000 8.187950e+03 
2875300000 8.203450e+03 
2877450000 8.209850e+03 
2879600000 8.191225e+03 
2881750000 8.188350e+03 
2883900000 8.204575e+03 
2886050000 8.189950e+03 
2888200000 8.207225e+03 
2.890350e+09 8.204375e+03 
2892500000 8.200900e+03 
2894650000 8.214950e+03 
2896800000 8.213975e+03 
2898950000 8.205625e+03 
2901100000 8.211250e+03 
2903250000 8184 
2905400000 8.208900e+03 
2907550000 8.201300e+03 
2909700000 8.188625e+03 
2911850000 8.235800e+03 
2914000000 8.221575e+03 
2916150000 8.184350e+03 
2918300000 8.193100e+03 
2920450000 8.228200e+03 
2922600000 8.202525e+03 
2924750000 8.178950e+03 
2926900000 8.188700e+03 
2929050000 8.177150e+03 
2931200000 8.212025e+03 
2933350000 8.221175e+03 
2935500000 8.204125e+03 
2937650000 8.184350e+03 
2939800000 8.189675e+03 
2941950000 8.188875e+03 
2.944100e+09 8.180300e+03 
2946250000 8.197550e+03 
2948400000 8.181850e+03 
2950550000 8.202900e+03 
2952700000 8.203700e+03 
2954850000 8.204625e+03 
2957000000 8.183550e+03 
2959150000 8.176300e+03 
2961300000 8.183950e+03 
2963450000 8.159750e+03 
2965600000 8.184825e+03 
2967750000 8.175600e+03 
2969900000 8.200275e+03 
2972050000 8.186500e+03 
2974200000 8.212075e+03 
2976350000 8.189500e+03 
2978500000 8.184050e+03 
2980650000 8.202675e+03 
2982800000 8.199600e+03 
2984950000 8.207550e+03 
2987100000 8.184025e+03 
2989250000 8.166600e+03 
2991400000 8.168200e+03 
2993550000 8.195075e+03 
2995700000 8.194625e+03 
2997850000 8.199350e+03 
3000000000 8.215450e+03 

END
