IGOR
WAVES/D/O sweep,sig(1) 
BEGIN
2570000000 8.148750e+03 
2.572150e+09 8.133450e+03 
2574300000 8.135400e+03 
2576450000 8151 
2578600000 8.155750e+03 
2.580750e+09 8.134500e+03 
2582900000 8.143550e+03 
2585050000 8.151575e+03 
2.587200e+09 8.160925e+03 
2589350000 8.156625e+03 
2591500000 8.139125e+03 
2593650000 8.141750e+03 
2.595800e+09 8.145850e+03 
2597950000 8.111750e+03 
2600100000 8.170775e+03 
2.602250e+09 8.131250e+03 
2604400000 8.131675e+03 
2606550000 8.145150e+03 
2608700000 8.122800e+03 
2.610850e+09 8.144075e+03 
2613000000 8.152825e+03 
2615150000 8.139725e+03 
2.617300e+09 8.144925e+03 
2619450000 8.150275e+03 
2621600000 8.143925e+03 
2623750000 8.135950e+03 
2.625900e+09 8.115425e+03 
2628050000 8.113050e+03 
2630200000 8.125825e+03 
2.632350e+09 8.153225e+03 
2634500000 8.091925e+03 
2636650000 8.111550e+03 
2638800000 8.109750e+03 
2.640950e+09 8.113875e+03 
2643100000 8.117875e+03 
2645250000 8.125950e+03 
2.647400e+09 8.139500e+03 
2649550000 8.138850e+03 
2651700000 8.151575e+03 
2653850000 8.151900e+03 
2.656000e+09 8.126425e+03 
2658150000 8.133600e+03 
2660300000 8.138900e+03 
2.662450e+09 8.099050e+03 
2664600000 8.114775e+03 
2666750000 8.064875e+03 
2668900000 8.089250e+03 
2.671050e+09 8.084275e+03 
2673200000 8.090575e+03 
2675350000 8.105375e+03 
2677500000 8.091350e+03 
2679650000 8.119800e+03 
2681800000 8.132525e+03 
2683950000 8.143375e+03 
2.686100e+09 8.124425e+03 
2688250000 8.134725e+03 
2690400000 8.140525e+03 
2692550000 8.135100e+03 
2694700000 8.133325e+03 
2696850000 8.118150e+03 
2699000000 8.103450e+03 
2.701150e+09 8.089650e+03 
2703300000 8.085200e+03 
2705450000 8.105950e+03 
2707600000 8.083700e+03 
2.709750e+09 8.066225e+03 
2711900000 8.097650e+03 
2714050000 8.126025e+03 
2.716200e+09 8.131750e+03 
2718350000 8.143300e+03 
2720500000 8.160825e+03 
2722650000 8.158600e+03 
2724800000 8.158775e+03 
2726950000 8.158500e+03 
2729100000 8.149275e+03 
2.731250e+09 8.147650e+03 
2733400000 8.130075e+03 
2735550000 8.134250e+03 
2737700000 8.127950e+03 
2.739850e+09 8.144125e+03 
2742000000 8.106700e+03 
2744150000 8.129650e+03 
2.746300e+09 8153 
2748450000 8.143375e+03 
2750600000 8.173625e+03 
2752750000 8.156675e+03 
2754900000 8.171400e+03 
2757050000 8.165275e+03 
2759200000 8.162850e+03 
2.761350e+09 8.173250e+03 
2763500000 8.137525e+03 
2765650000 8.162850e+03 
2767800000 8.142225e+03 
2.769950e+09 8.176075e+03 
2772100000 8.147175e+03 
2774250000 8.160850e+03 
2.776400e+09 8.170550e+03 
2778550000 8.145075e+03 
2780700000 8.147425e+03 
2782850000 8.177275e+03 
2785000000 8.160750e+03 
2787150000 8.158400e+03 
2789300000 8.148200e+03 
2791450000 8.168300e+03 
2793600000 8.149750e+03 
2795750000 8.172825e+03 
2797900000 8.158750e+03 
2.800050e+09 8.155150e+03 
2802200000 8.158800e+03 
2804350000 8.162125e+03 
2806500000 8.148025e+03 
2808650000 8.156400e+03 
2810800000 8.158050e+03 
2812950000 8.155400e+03 
2815100000 8.156975e+03 
2817250000 8.150625e+03 
2819400000 8.147900e+03 
2821550000 8.153650e+03 
2823700000 8.138925e+03 
2825850000 8.147800e+03 
2828000000 8.123600e+03 
2.830150e+09 8.135325e+03 
2832300000 8.127525e+03 
2834450000 8.135350e+03 
2836600000 8.143175e+03 
2838750000 8.142700e+03 
2840900000 8.146975e+03 
2843050000 8.143900e+03 
2845200000 8.133625e+03 
2847350000 8.140900e+03 
2849500000 8.159525e+03 
2851650000 8.167825e+03 
2853800000 8.155925e+03 
2855950000 8.138975e+03 
2858100000 8.150125e+03 
2.860250e+09 8.125100e+03 
2862400000 8.148975e+03 
2864550000 8.164575e+03 
2866700000 8.149200e+03 
2868850000 8.158275e+03 
2871000000 8.154775e+03 
2873150000 8.143025e+03 
2875300000 8.162075e+03 
2877450000 8.141650e+03 
2879600000 8.140275e+03 
2881750000 8.142400e+03 
2883900000 8.161275e+03 
2886050000 8.135250e+03 
2888200000 8.153975e+03 
2.890350e+09 8.169600e+03 
2892500000 8.155725e+03 
2894650000 8.128350e+03 
2896800000 8.148625e+03 
2898950000 8.154600e+03 
2901100000 8.138625e+03 
2903250000 8.159175e+03 
2905400000 8.143250e+03 
2907550000 8.142925e+03 
2909700000 8.149900e+03 
2911850000 8.135300e+03 
2914000000 8.140500e+03 
2916150000 8.140975e+03 
2918300000 8.161075e+03 
2920450000 8.145375e+03 
2922600000 8.132300e+03 
2924750000 8.161150e+03 
2926900000 8.188675e+03 
2929050000 8.149875e+03 
2931200000 8.143775e+03 
2933350000 8.156375e+03 
2935500000 8.143925e+03 
2937650000 8166 
2939800000 8.152175e+03 
2941950000 8.153975e+03 
2.944100e+09 8.141575e+03 
2946250000 8.148550e+03 
2948400000 8.145100e+03 
2950550000 8.135975e+03 
2952700000 8.126625e+03 
2954850000 8.166575e+03 
2957000000 8.153025e+03 
2959150000 8.169725e+03 
2961300000 8.130650e+03 
2963450000 8.152125e+03 
2965600000 8.135750e+03 
2967750000 8.165400e+03 
2969900000 8.151975e+03 
2972050000 8.163100e+03 
2974200000 8.140700e+03 
2976350000 8.177550e+03 
2978500000 8.141175e+03 
2980650000 8.138775e+03 
2982800000 8.139225e+03 
2984950000 8.153725e+03 
2987100000 8.137625e+03 
2989250000 8.149850e+03 
2991400000 8.149225e+03 
2993550000 8.142350e+03 
2995700000 8.152025e+03 
2997850000 8.138200e+03 
3000000000 8.141775e+03 

END
