IGOR
WAVES/D/O sweep,sig(1) 
BEGIN
2570000000 8.164275e+03 
2.572150e+09 8.177075e+03 
2574300000 8.167500e+03 
2576450000 8.164100e+03 
2578600000 8.170200e+03 
2.580750e+09 8.185750e+03 
2582900000 8.178900e+03 
2585050000 8.192975e+03 
2.587200e+09 8.180025e+03 
2589350000 8.198050e+03 
2591500000 8.204775e+03 
2593650000 8.176150e+03 
2.595800e+09 8206 
2597950000 8.187425e+03 
2600100000 8.168425e+03 
2.602250e+09 8.190025e+03 
2604400000 8.185450e+03 
2606550000 8.164925e+03 
2608700000 8.195450e+03 
2.610850e+09 8.204150e+03 
2613000000 8.204100e+03 
2615150000 8.200850e+03 
2.617300e+09 8.224900e+03 
2619450000 8.173875e+03 
2621600000 8.207650e+03 
2623750000 8.184625e+03 
2.625900e+09 8.174200e+03 
2628050000 8.167075e+03 
2630200000 8.163475e+03 
2.632350e+09 8.159200e+03 
2634500000 8.140825e+03 
2636650000 8.181750e+03 
2638800000 8.177300e+03 
2.640950e+09 8.191575e+03 
2643100000 8.208275e+03 
2645250000 8.201675e+03 
2.647400e+09 8.217375e+03 
2649550000 8.197200e+03 
2651700000 8.206450e+03 
2653850000 8.203900e+03 
2.656000e+09 8.174975e+03 
2658150000 8.195400e+03 
2660300000 8.175250e+03 
2.662450e+09 8.149325e+03 
2664600000 8.142975e+03 
2666750000 8.116625e+03 
2668900000 8.120775e+03 
2.671050e+09 8.158775e+03 
2673200000 8.155425e+03 
2675350000 8.166575e+03 
2677500000 8.175850e+03 
2679650000 8.175850e+03 
2681800000 8.199775e+03 
2683950000 8.178575e+03 
2.686100e+09 8.190425e+03 
2688250000 8.222050e+03 
2690400000 8.206775e+03 
2692550000 8.203275e+03 
2694700000 8.179650e+03 
2696850000 8.171125e+03 
2699000000 8.184450e+03 
2.701150e+09 8.147675e+03 
2703300000 8.122625e+03 
2705450000 8.124775e+03 
2707600000 8.144600e+03 
2.709750e+09 8.142625e+03 
2711900000 8.136425e+03 
2714050000 8.197775e+03 
2.716200e+09 8.199500e+03 
2718350000 8179 
2720500000 8.209750e+03 
2722650000 8.194250e+03 
2724800000 8.171850e+03 
2726950000 8.175350e+03 
2729100000 8.185100e+03 
2.731250e+09 8.191200e+03 
2733400000 8.183400e+03 
2735550000 8.173700e+03 
2737700000 8187 
2.739850e+09 8.174225e+03 
2742000000 8.175025e+03 
2744150000 8.160275e+03 
2.746300e+09 8.176200e+03 
2748450000 8177 
2750600000 8.165125e+03 
2752750000 8.200400e+03 
2754900000 8.235575e+03 
2757050000 8.212200e+03 
2759200000 8.226025e+03 
2.761350e+09 8.221900e+03 
2763500000 8.228050e+03 
2765650000 8.216375e+03 
2767800000 8.230375e+03 
2.769950e+09 8.187675e+03 
2772100000 8.229550e+03 
2774250000 8.216050e+03 
2.776400e+09 8.233300e+03 
2778550000 8.214700e+03 
2780700000 8.219350e+03 
2782850000 8.208025e+03 
2785000000 8.252675e+03 
2787150000 8.213425e+03 
2789300000 8.185075e+03 
2791450000 8.201725e+03 
2793600000 8.203300e+03 
2795750000 8.231450e+03 
2797900000 8.227975e+03 
2.800050e+09 8.181750e+03 
2802200000 8.185975e+03 
2804350000 8.214975e+03 
2806500000 8.215300e+03 
2808650000 8.222125e+03 
2810800000 8.216500e+03 
2812950000 8.228975e+03 
2815100000 8.232750e+03 
2817250000 8.218225e+03 
2819400000 8.224700e+03 
2821550000 8.241500e+03 
2823700000 8.207500e+03 
2825850000 8.203675e+03 
2828000000 8.229025e+03 
2.830150e+09 8.193400e+03 
2832300000 8.219775e+03 
2834450000 8.197775e+03 
2836600000 8.212625e+03 
2838750000 8.190625e+03 
2840900000 8.193475e+03 
2843050000 8.215675e+03 
2845200000 8.220350e+03 
2847350000 8.218575e+03 
2849500000 8.202075e+03 
2851650000 8.205050e+03 
2853800000 8.216050e+03 
2855950000 8.189975e+03 
2858100000 8.216550e+03 
2.860250e+09 8.212850e+03 
2862400000 8.223275e+03 
2864550000 8.220325e+03 
2866700000 8.197650e+03 
2868850000 8.208450e+03 
2871000000 8.187050e+03 
2873150000 8.166550e+03 
2875300000 8.195550e+03 
2877450000 8.202925e+03 
2879600000 8.207700e+03 
2881750000 8.210025e+03 
2883900000 8.205400e+03 
2886050000 8.204400e+03 
2888200000 8.205275e+03 
2.890350e+09 8.169275e+03 
2892500000 8.206250e+03 
2894650000 8.216125e+03 
2896800000 8.218650e+03 
2898950000 8.219250e+03 
2901100000 8.185075e+03 
2903250000 8.204100e+03 
2905400000 8.211125e+03 
2907550000 8.219675e+03 
2909700000 8.223675e+03 
2911850000 8.200150e+03 
2914000000 8.177200e+03 
2916150000 8.217775e+03 
2918300000 8.215175e+03 
2920450000 8.192575e+03 
2922600000 8.211125e+03 
2924750000 8.206700e+03 
2926900000 8.198775e+03 
2929050000 8.188425e+03 
2931200000 8.215750e+03 
2933350000 8207 
2935500000 8.197400e+03 
2937650000 8.155850e+03 
2939800000 8.191075e+03 
2941950000 8.186125e+03 
2.944100e+09 8.188725e+03 
2946250000 8.221125e+03 
2948400000 8.201075e+03 
2950550000 8.200825e+03 
2952700000 8.204550e+03 
2954850000 8.188150e+03 
2957000000 8.200675e+03 
2959150000 8.194500e+03 
2961300000 8.216950e+03 
2963450000 8.202800e+03 
2965600000 8.221325e+03 
2967750000 8.183600e+03 
2969900000 8.227225e+03 
2972050000 8.165550e+03 
2974200000 8.183475e+03 
2976350000 8.208200e+03 
2978500000 8.210125e+03 
2980650000 8.204275e+03 
2982800000 8.208875e+03 
2984950000 8226 
2987100000 8.216525e+03 
2989250000 8.218775e+03 
2991400000 8.210900e+03 
2993550000 8.194175e+03 
2995700000 8.201400e+03 
2997850000 8.206300e+03 
3000000000 8.189050e+03 

END
