IGOR
WAVES/D/O sweep,sig(1) 
BEGIN
2570000000 8.356375e+03 
2.572150e+09 8.341675e+03 
2574300000 8.349375e+03 
2576450000 8.334725e+03 
2578600000 8.337775e+03 
2.580750e+09 8.366450e+03 
2582900000 8.361175e+03 
2585050000 8.380350e+03 
2.587200e+09 8.348650e+03 
2589350000 8.329575e+03 
2591500000 8.368575e+03 
2593650000 8.370550e+03 
2.595800e+09 8.364700e+03 
2597950000 8.348450e+03 
2600100000 8.358075e+03 
2.602250e+09 8.346900e+03 
2604400000 8.379500e+03 
2606550000 8.371750e+03 
2608700000 8.370200e+03 
2.610850e+09 8.359400e+03 
2613000000 8.340375e+03 
2615150000 8.339075e+03 
2.617300e+09 8.360075e+03 
2619450000 8.359425e+03 
2621600000 8.353525e+03 
2623750000 8.362675e+03 
2.625900e+09 8.357300e+03 
2628050000 8.306900e+03 
2630200000 8.340725e+03 
2.632350e+09 8.336550e+03 
2634500000 8.328300e+03 
2636650000 8.314775e+03 
2638800000 8.343150e+03 
2.640950e+09 8.331550e+03 
2643100000 8.333900e+03 
2645250000 8.366575e+03 
2.647400e+09 8.365150e+03 
2649550000 8.370300e+03 
2651700000 8.395600e+03 
2653850000 8.368600e+03 
2.656000e+09 8.376175e+03 
2658150000 8.348775e+03 
2660300000 8.339350e+03 
2.662450e+09 8.357475e+03 
2664600000 8.308025e+03 
2666750000 8.329650e+03 
2668900000 8.281175e+03 
2.671050e+09 8.293425e+03 
2673200000 8.293900e+03 
2675350000 8.310875e+03 
2677500000 8.308575e+03 
2679650000 8.320275e+03 
2681800000 8.331425e+03 
2683950000 8.334350e+03 
2.686100e+09 8.361225e+03 
2688250000 8.355800e+03 
2690400000 8.329900e+03 
2692550000 8.347475e+03 
2694700000 8.328675e+03 
2696850000 8.304900e+03 
2699000000 8.305450e+03 
2.701150e+09 8.311800e+03 
2703300000 8.275900e+03 
2705450000 8277 
2707600000 8.290975e+03 
2.709750e+09 8299 
2711900000 8.324050e+03 
2714050000 8.324525e+03 
2.716200e+09 8.319775e+03 
2718350000 8.331975e+03 
2720500000 8.350050e+03 
2722650000 8.342800e+03 
2724800000 8.368050e+03 
2726950000 8.350050e+03 
2729100000 8.335825e+03 
2.731250e+09 8359 
2733400000 8321 
2735550000 8.321625e+03 
2737700000 8.320700e+03 
2.739850e+09 8.344150e+03 
2742000000 8.321325e+03 
2744150000 8.316075e+03 
2.746300e+09 8.331050e+03 
2748450000 8.309675e+03 
2750600000 8.317500e+03 
2752750000 8.364150e+03 
2754900000 8.356475e+03 
2757050000 8.327375e+03 
2759200000 8.356925e+03 
2.761350e+09 8.300975e+03 
2763500000 8.325700e+03 
2765650000 8.342975e+03 
2767800000 8.336950e+03 
2.769950e+09 8.337200e+03 
2772100000 8.344600e+03 
2774250000 8.352475e+03 
2.776400e+09 8.347275e+03 
2778550000 8.335175e+03 
2780700000 8.327325e+03 
2782850000 8.335900e+03 
2785000000 8.363350e+03 
2787150000 8.331750e+03 
2789300000 8.337600e+03 
2791450000 8.318275e+03 
2793600000 8.329575e+03 
2795750000 8.357750e+03 
2797900000 8.348800e+03 
2.800050e+09 8.329525e+03 
2802200000 8.343825e+03 
2804350000 8.340150e+03 
2806500000 8.341175e+03 
2808650000 8.340750e+03 
2810800000 8.346875e+03 
2812950000 8.319500e+03 
2815100000 8.328575e+03 
2817250000 8.314775e+03 
2819400000 8.332575e+03 
2821550000 8.336775e+03 
2823700000 8.341325e+03 
2825850000 8.341550e+03 
2828000000 8.363100e+03 
2.830150e+09 8.360300e+03 
2832300000 8.339575e+03 
2834450000 8.339500e+03 
2836600000 8.345475e+03 
2838750000 8.346350e+03 
2840900000 8.316975e+03 
2843050000 8.333275e+03 
2845200000 8337 
2847350000 8.328825e+03 
2849500000 8.345750e+03 
2851650000 8.341675e+03 
2853800000 8.349550e+03 
2855950000 8.335925e+03 
2858100000 8.352350e+03 
2.860250e+09 8.325525e+03 
2862400000 8.344550e+03 
2864550000 8.379975e+03 
2866700000 8.334475e+03 
2868850000 8.354250e+03 
2871000000 8.343250e+03 
2873150000 8.365600e+03 
2875300000 8.350825e+03 
2877450000 8.336850e+03 
2879600000 8.332200e+03 
2881750000 8.324400e+03 
2883900000 8.345250e+03 
2886050000 8.352475e+03 
2888200000 8.369150e+03 
2.890350e+09 8.342025e+03 
2892500000 8.333675e+03 
2894650000 8.333975e+03 
2896800000 8.338550e+03 
2898950000 8.361625e+03 
2901100000 8.327450e+03 
2903250000 8.339600e+03 
2905400000 8.335700e+03 
2907550000 8.343250e+03 
2909700000 8.337900e+03 
2911850000 8.336625e+03 
2914000000 8.337675e+03 
2916150000 8.336100e+03 
2918300000 8.338150e+03 
2920450000 8346 
2922600000 8.356625e+03 
2924750000 8.336500e+03 
2926900000 8.347750e+03 
2929050000 8.347350e+03 
2931200000 8.356225e+03 
2933350000 8.368350e+03 
2935500000 8.340525e+03 
2937650000 8.332700e+03 
2939800000 8.334125e+03 
2941950000 8.349025e+03 
2.944100e+09 8.331600e+03 
2946250000 8.337650e+03 
2948400000 8.330700e+03 
2950550000 8.333600e+03 
2952700000 8.347675e+03 
2954850000 8.320575e+03 
2957000000 8.334550e+03 
2959150000 8.331125e+03 
2961300000 8.340450e+03 
2963450000 8.362525e+03 
2965600000 8.346500e+03 
2967750000 8.339225e+03 
2969900000 8.351250e+03 
2972050000 8.375075e+03 
2974200000 8.334250e+03 
2976350000 8.342500e+03 
2978500000 8.327125e+03 
2980650000 8.354850e+03 
2982800000 8.333425e+03 
2984950000 8.321550e+03 
2987100000 8.329050e+03 
2989250000 8.330375e+03 
2991400000 8.347850e+03 
2993550000 8.342275e+03 
2995700000 8.343625e+03 
2997850000 8.362650e+03 
3000000000 8.363700e+03 

END
