IGOR
WAVES/D/O sweep,sig(1) 
BEGIN
2570000000 8.273200e+03 
2.572150e+09 8.270650e+03 
2574300000 8.257125e+03 
2576450000 8.266800e+03 
2578600000 8.267600e+03 
2.580750e+09 8.286500e+03 
2582900000 8.267375e+03 
2585050000 8.255250e+03 
2.587200e+09 8.270800e+03 
2589350000 8266 
2591500000 8.286575e+03 
2593650000 8.281450e+03 
2.595800e+09 8.250050e+03 
2597950000 8.255575e+03 
2600100000 8.275425e+03 
2.602250e+09 8.278275e+03 
2604400000 8.265600e+03 
2606550000 8254 
2608700000 8.262025e+03 
2.610850e+09 8.302925e+03 
2613000000 8.266375e+03 
2615150000 8.266100e+03 
2.617300e+09 8.271800e+03 
2619450000 8.274775e+03 
2621600000 8.240200e+03 
2623750000 8.242325e+03 
2.625900e+09 8.229900e+03 
2628050000 8238 
2630200000 8.229325e+03 
2.632350e+09 8.227425e+03 
2634500000 8.244425e+03 
2636650000 8.227950e+03 
2638800000 8.243225e+03 
2.640950e+09 8.240100e+03 
2643100000 8.288025e+03 
2645250000 8.271850e+03 
2.647400e+09 8.238975e+03 
2649550000 8.272125e+03 
2651700000 8.264550e+03 
2653850000 8.269625e+03 
2.656000e+09 8.275400e+03 
2658150000 8.241700e+03 
2660300000 8.236150e+03 
2.662450e+09 8.227925e+03 
2664600000 8.216100e+03 
2666750000 8.206650e+03 
2668900000 8.185725e+03 
2.671050e+09 8.203500e+03 
2673200000 8.207825e+03 
2675350000 8.226450e+03 
2677500000 8.255425e+03 
2679650000 8.254500e+03 
2681800000 8.256100e+03 
2683950000 8.258175e+03 
2.686100e+09 8.256600e+03 
2688250000 8.259900e+03 
2690400000 8.241550e+03 
2692550000 8.272675e+03 
2694700000 8.243475e+03 
2696850000 8.231475e+03 
2699000000 8.230550e+03 
2.701150e+09 8.215475e+03 
2703300000 8.210350e+03 
2705450000 8.203575e+03 
2707600000 8.203100e+03 
2.709750e+09 8.213525e+03 
2711900000 8.218975e+03 
2714050000 8.215900e+03 
2.716200e+09 8.251075e+03 
2718350000 8.257925e+03 
2720500000 8.254150e+03 
2722650000 8.289925e+03 
2724800000 8.264025e+03 
2726950000 8.259375e+03 
2729100000 8.246425e+03 
2.731250e+09 8.284125e+03 
2733400000 8.257800e+03 
2735550000 8.242200e+03 
2737700000 8.249875e+03 
2.739850e+09 8.244375e+03 
2742000000 8.244800e+03 
2744150000 8.244300e+03 
2.746300e+09 8.252250e+03 
2748450000 8.231850e+03 
2750600000 8.278225e+03 
2752750000 8.278700e+03 
2754900000 8.269150e+03 
2757050000 8.273900e+03 
2759200000 8.275700e+03 
2.761350e+09 8.240225e+03 
2763500000 8.257500e+03 
2765650000 8.257125e+03 
2767800000 8.256825e+03 
2.769950e+09 8.282075e+03 
2772100000 8.250775e+03 
2774250000 8.261025e+03 
2.776400e+09 8.270850e+03 
2778550000 8.243950e+03 
2780700000 8.262700e+03 
2782850000 8263 
2785000000 8.251500e+03 
2787150000 8.270450e+03 
2789300000 8.249275e+03 
2791450000 8.248900e+03 
2793600000 8.251350e+03 
2795750000 8.255850e+03 
2797900000 8.267025e+03 
2.800050e+09 8.269050e+03 
2802200000 8.258075e+03 
2804350000 8.255875e+03 
2806500000 8.256200e+03 
2808650000 8.259075e+03 
2810800000 8.263875e+03 
2812950000 8.266975e+03 
2815100000 8.243975e+03 
2817250000 8.259450e+03 
2819400000 8.273550e+03 
2821550000 8.266300e+03 
2823700000 8.262750e+03 
2825850000 8.263975e+03 
2828000000 8.266675e+03 
2.830150e+09 8.259250e+03 
2832300000 8.262775e+03 
2834450000 8.266975e+03 
2836600000 8.259200e+03 
2838750000 8.263825e+03 
2840900000 8.260975e+03 
2843050000 8.265375e+03 
2845200000 8.252700e+03 
2847350000 8.244725e+03 
2849500000 8.258625e+03 
2851650000 8.236900e+03 
2853800000 8.255750e+03 
2855950000 8.244275e+03 
2858100000 8.247325e+03 
2.860250e+09 8.242425e+03 
2862400000 8.245025e+03 
2864550000 8.248775e+03 
2866700000 8.245200e+03 
2868850000 8.257225e+03 
2871000000 8.257650e+03 
2873150000 8.256625e+03 
2875300000 8.279175e+03 
2877450000 8.257725e+03 
2879600000 8.252625e+03 
2881750000 8.254075e+03 
2883900000 8.266125e+03 
2886050000 8.247800e+03 
2888200000 8.256650e+03 
2.890350e+09 8.251800e+03 
2892500000 8.251200e+03 
2894650000 8.256075e+03 
2896800000 8.261825e+03 
2898950000 8.244500e+03 
2901100000 8.262275e+03 
2903250000 8.231450e+03 
2905400000 8.255525e+03 
2907550000 8.275525e+03 
2909700000 8.249575e+03 
2911850000 8.255100e+03 
2914000000 8.247325e+03 
2916150000 8.262025e+03 
2918300000 8.238150e+03 
2920450000 8.254475e+03 
2922600000 8.256975e+03 
2924750000 8.256350e+03 
2926900000 8.274925e+03 
2929050000 8.258225e+03 
2931200000 8.250125e+03 
2933350000 8.246600e+03 
2935500000 8.225250e+03 
2937650000 8.263475e+03 
2939800000 8.245025e+03 
2941950000 8.256800e+03 
2.944100e+09 8.234950e+03 
2946250000 8.253175e+03 
2948400000 8.240725e+03 
2950550000 8.261350e+03 
2952700000 8.240800e+03 
2954850000 8.245125e+03 
2957000000 8.246175e+03 
2959150000 8.245650e+03 
2961300000 8.258025e+03 
2963450000 8.259100e+03 
2965600000 8.243125e+03 
2967750000 8.261250e+03 
2969900000 8.252050e+03 
2972050000 8.241175e+03 
2974200000 8.240250e+03 
2976350000 8.248975e+03 
2978500000 8.255050e+03 
2980650000 8.243500e+03 
2982800000 8.267025e+03 
2984950000 8.240200e+03 
2987100000 8.244575e+03 
2989250000 8.227775e+03 
2991400000 8.240575e+03 
2993550000 8.259325e+03 
2995700000 8.262625e+03 
2997850000 8.255925e+03 
3000000000 8.253650e+03 

END
