IGOR
WAVES/D/O sweep,sig(1) 
BEGIN
2570000000 8.281350e+03 
2.572150e+09 8.268075e+03 
2574300000 8.301100e+03 
2576450000 8.269200e+03 
2578600000 8.280775e+03 
2.580750e+09 8.298775e+03 
2582900000 8.289425e+03 
2585050000 8.264350e+03 
2.587200e+09 8.266175e+03 
2589350000 8.277625e+03 
2591500000 8.285450e+03 
2593650000 8.259200e+03 
2.595800e+09 8.258875e+03 
2597950000 8256 
2600100000 8.260575e+03 
2.602250e+09 8.253800e+03 
2604400000 8.289425e+03 
2606550000 8.289125e+03 
2608700000 8.295500e+03 
2.610850e+09 8.259650e+03 
2613000000 8.251325e+03 
2615150000 8.245700e+03 
2.617300e+09 8.276225e+03 
2619450000 8.283250e+03 
2621600000 8.267375e+03 
2623750000 8.264875e+03 
2.625900e+09 8.266450e+03 
2628050000 8.232200e+03 
2630200000 8.240625e+03 
2.632350e+09 8.210500e+03 
2634500000 8.237325e+03 
2636650000 8.220050e+03 
2638800000 8.228750e+03 
2.640950e+09 8.243525e+03 
2643100000 8.274175e+03 
2645250000 8.259250e+03 
2.647400e+09 8.282500e+03 
2649550000 8.266400e+03 
2651700000 8.263100e+03 
2653850000 8.268300e+03 
2.656000e+09 8.258775e+03 
2658150000 8.254975e+03 
2660300000 8.228125e+03 
2.662450e+09 8.229375e+03 
2664600000 8.241150e+03 
2666750000 8.183525e+03 
2668900000 8.197100e+03 
2.671050e+09 8.186525e+03 
2673200000 8.207950e+03 
2675350000 8.213950e+03 
2677500000 8.214050e+03 
2679650000 8.240925e+03 
2681800000 8.246700e+03 
2683950000 8.274675e+03 
2.686100e+09 8.257600e+03 
2688250000 8.277250e+03 
2690400000 8.275050e+03 
2692550000 8.258250e+03 
2694700000 8247 
2696850000 8.239200e+03 
2699000000 8.234325e+03 
2.701150e+09 8.217025e+03 
2703300000 8.195225e+03 
2705450000 8.189475e+03 
2707600000 8.230650e+03 
2.709750e+09 8.212075e+03 
2711900000 8.225450e+03 
2714050000 8.215875e+03 
2.716200e+09 8.236750e+03 
2718350000 8.252550e+03 
2720500000 8.263975e+03 
2722650000 8.233350e+03 
2724800000 8.271425e+03 
2726950000 8.261100e+03 
2729100000 8.285750e+03 
2.731250e+09 8.250125e+03 
2733400000 8.277050e+03 
2735550000 8.224950e+03 
2737700000 8.200275e+03 
2.739850e+09 8.234325e+03 
2742000000 8.231925e+03 
2744150000 8.229675e+03 
2.746300e+09 8.222500e+03 
2748450000 8.233175e+03 
2750600000 8.231825e+03 
2752750000 8.240050e+03 
2754900000 8.242575e+03 
2757050000 8.247875e+03 
2759200000 8.249450e+03 
2.761350e+09 8.278150e+03 
2763500000 8.254825e+03 
2765650000 8.283650e+03 
2767800000 8.248025e+03 
2.769950e+09 8.262975e+03 
2772100000 8249 
2774250000 8.221650e+03 
2.776400e+09 8.239450e+03 
2778550000 8.244325e+03 
2780700000 8.258900e+03 
2782850000 8.283075e+03 
2785000000 8.281125e+03 
2787150000 8.255350e+03 
2789300000 8.231850e+03 
2791450000 8.252450e+03 
2793600000 8.250850e+03 
2795750000 8.237550e+03 
2797900000 8.247875e+03 
2.800050e+09 8.245700e+03 
2802200000 8.243475e+03 
2804350000 8.238025e+03 
2806500000 8.242050e+03 
2808650000 8.251925e+03 
2810800000 8.251125e+03 
2812950000 8.260275e+03 
2815100000 8.238350e+03 
2817250000 8256 
2819400000 8.249475e+03 
2821550000 8.247375e+03 
2823700000 8.223475e+03 
2825850000 8.230350e+03 
2828000000 8.254175e+03 
2.830150e+09 8.254275e+03 
2832300000 8.249600e+03 
2834450000 8.237575e+03 
2836600000 8.237575e+03 
2838750000 8.269100e+03 
2840900000 8.268125e+03 
2843050000 8.248650e+03 
2845200000 8.261150e+03 
2847350000 8.248425e+03 
2849500000 8.257250e+03 
2851650000 8.240325e+03 
2853800000 8.262325e+03 
2855950000 8.265225e+03 
2858100000 8.277550e+03 
2.860250e+09 8.237700e+03 
2862400000 8.249875e+03 
2864550000 8.248150e+03 
2866700000 8.251625e+03 
2868850000 8.278525e+03 
2871000000 8.250575e+03 
2873150000 8.259350e+03 
2875300000 8262 
2877450000 8.230450e+03 
2879600000 8.235900e+03 
2881750000 8.263675e+03 
2883900000 8.251300e+03 
2886050000 8.265100e+03 
2888200000 8.249750e+03 
2.890350e+09 8.246475e+03 
2892500000 8.223850e+03 
2894650000 8.254675e+03 
2896800000 8.241350e+03 
2898950000 8.273350e+03 
2901100000 8.251500e+03 
2903250000 8.273325e+03 
2905400000 8.250175e+03 
2907550000 8.251025e+03 
2909700000 8.265875e+03 
2911850000 8.242350e+03 
2914000000 8.244375e+03 
2916150000 8.270350e+03 
2918300000 8.271675e+03 
2920450000 8.253500e+03 
2922600000 8.251875e+03 
2924750000 8.255125e+03 
2926900000 8.227775e+03 
2929050000 8.235450e+03 
2931200000 8.239900e+03 
2933350000 8.251500e+03 
2935500000 8.245375e+03 
2937650000 8.243350e+03 
2939800000 8.248350e+03 
2941950000 8.255150e+03 
2.944100e+09 8.248075e+03 
2946250000 8.260300e+03 
2948400000 8.220600e+03 
2950550000 8.259050e+03 
2952700000 8.268650e+03 
2954850000 8.266625e+03 
2957000000 8.243200e+03 
2959150000 8.237225e+03 
2961300000 8.259175e+03 
2963450000 8.251125e+03 
2965600000 8.271900e+03 
2967750000 8.260625e+03 
2969900000 8.280575e+03 
2972050000 8.239250e+03 
2974200000 8.230600e+03 
2976350000 8.241500e+03 
2978500000 8.233550e+03 
2980650000 8.256250e+03 
2982800000 8.257775e+03 
2984950000 8.238350e+03 
2987100000 8.234775e+03 
2989250000 8.238125e+03 
2991400000 8.234450e+03 
2993550000 8.252550e+03 
2995700000 8.239325e+03 
2997850000 8.239225e+03 
3000000000 8.267025e+03 

END
