IGOR
WAVES/D/O sweep,sig(1) 
BEGIN
2570000000 8.342975e+03 
2.572150e+09 8.344350e+03 
2574300000 8.340900e+03 
2576450000 8.349425e+03 
2578600000 8.350850e+03 
2.580750e+09 8.345425e+03 
2582900000 8.339250e+03 
2585050000 8.338425e+03 
2.587200e+09 8.335900e+03 
2589350000 8.348775e+03 
2591500000 8.359475e+03 
2593650000 8.363125e+03 
2.595800e+09 8.333475e+03 
2597950000 8.350125e+03 
2600100000 8.325200e+03 
2.602250e+09 8.351875e+03 
2604400000 8324 
2606550000 8.340775e+03 
2608700000 8.364150e+03 
2.610850e+09 8.341650e+03 
2613000000 8.375975e+03 
2615150000 8.353350e+03 
2.617300e+09 8.341050e+03 
2619450000 8.339050e+03 
2621600000 8.366375e+03 
2623750000 8.341675e+03 
2.625900e+09 8.321275e+03 
2628050000 8.315125e+03 
2630200000 8.327950e+03 
2.632350e+09 8.311975e+03 
2634500000 8.305300e+03 
2636650000 8.310525e+03 
2638800000 8.317600e+03 
2.640950e+09 8.341950e+03 
2643100000 8.345250e+03 
2645250000 8.346275e+03 
2.647400e+09 8.366125e+03 
2649550000 8.344875e+03 
2651700000 8.363375e+03 
2653850000 8.359825e+03 
2.656000e+09 8.334200e+03 
2658150000 8.348725e+03 
2660300000 8.317675e+03 
2.662450e+09 8.308725e+03 
2664600000 8.291150e+03 
2666750000 8.304750e+03 
2668900000 8.327275e+03 
2.671050e+09 8.303275e+03 
2673200000 8.308475e+03 
2675350000 8.296400e+03 
2677500000 8314 
2679650000 8.351625e+03 
2681800000 8.343475e+03 
2683950000 8.362075e+03 
2.686100e+09 8.346050e+03 
2688250000 8.368550e+03 
2690400000 8.369500e+03 
2692550000 8.363525e+03 
2694700000 8.349850e+03 
2696850000 8.320600e+03 
2699000000 8.342225e+03 
2.701150e+09 8.322125e+03 
2703300000 8.323475e+03 
2705450000 8.305875e+03 
2707600000 8.308800e+03 
2.709750e+09 8.306550e+03 
2711900000 8.335750e+03 
2714050000 8.336975e+03 
2.716200e+09 8.334125e+03 
2718350000 8368 
2720500000 8.347275e+03 
2722650000 8.347975e+03 
2724800000 8.383650e+03 
2726950000 8.387800e+03 
2729100000 8.374725e+03 
2.731250e+09 8.355200e+03 
2733400000 8.346425e+03 
2735550000 8.337175e+03 
2737700000 8.353575e+03 
2.739850e+09 8.358350e+03 
2742000000 8.343725e+03 
2744150000 8.331450e+03 
2.746300e+09 8.344775e+03 
2748450000 8.328775e+03 
2750600000 8.344400e+03 
2752750000 8.361975e+03 
2754900000 8369 
2757050000 8.369550e+03 
2759200000 8.355500e+03 
2.761350e+09 8.359275e+03 
2763500000 8365 
2765650000 8.369325e+03 
2767800000 8.365950e+03 
2.769950e+09 8.373300e+03 
2772100000 8.356625e+03 
2774250000 8.353150e+03 
2.776400e+09 8.366175e+03 
2778550000 8.353525e+03 
2780700000 8.376575e+03 
2782850000 8.355725e+03 
2785000000 8.364750e+03 
2787150000 8.365625e+03 
2789300000 8.351750e+03 
2791450000 8.374775e+03 
2793600000 8.374650e+03 
2795750000 8.357850e+03 
2797900000 8.356875e+03 
2.800050e+09 8.359925e+03 
2802200000 8.383400e+03 
2804350000 8.377775e+03 
2806500000 8.383775e+03 
2808650000 8.351775e+03 
2810800000 8.367625e+03 
2812950000 8.351075e+03 
2815100000 8.371125e+03 
2817250000 8.347325e+03 
2819400000 8.352550e+03 
2821550000 8.366925e+03 
2823700000 8.364950e+03 
2825850000 8.389300e+03 
2828000000 8.382650e+03 
2.830150e+09 8.355225e+03 
2832300000 8.355800e+03 
2834450000 8.351725e+03 
2836600000 8.369725e+03 
2838750000 8.375200e+03 
2840900000 8.380375e+03 
2843050000 8.379050e+03 
2845200000 8.360675e+03 
2847350000 8.372675e+03 
2849500000 8.385850e+03 
2851650000 8.382550e+03 
2853800000 8.357350e+03 
2855950000 8.350400e+03 
2858100000 8.354475e+03 
2.860250e+09 8.374550e+03 
2862400000 8.382025e+03 
2864550000 8.360450e+03 
2866700000 8.369175e+03 
2868850000 8.383425e+03 
2871000000 8.359550e+03 
2873150000 8.372825e+03 
2875300000 8.370175e+03 
2877450000 8.358725e+03 
2879600000 8.387200e+03 
2881750000 8.373925e+03 
2883900000 8.373700e+03 
2886050000 8.379600e+03 
2888200000 8.414250e+03 
2.890350e+09 8.373525e+03 
2892500000 8.392550e+03 
2894650000 8.391150e+03 
2896800000 8.377375e+03 
2898950000 8.380675e+03 
2901100000 8.385500e+03 
2903250000 8.367250e+03 
2905400000 8.358400e+03 
2907550000 8.354975e+03 
2909700000 8.361175e+03 
2911850000 8.374075e+03 
2914000000 8.373775e+03 
2916150000 8.352425e+03 
2918300000 8.360725e+03 
2920450000 8.375825e+03 
2922600000 8.375575e+03 
2924750000 8.359525e+03 
2926900000 8.396500e+03 
2929050000 8.367275e+03 
2931200000 8.366875e+03 
2933350000 8.394050e+03 
2935500000 8.370575e+03 
2937650000 8.346200e+03 
2939800000 8.367175e+03 
2941950000 8.354100e+03 
2.944100e+09 8.359225e+03 
2946250000 8.364625e+03 
2948400000 8.376900e+03 
2950550000 8.358075e+03 
2952700000 8.351950e+03 
2954850000 8.344400e+03 
2957000000 8.350800e+03 
2959150000 8.390775e+03 
2961300000 8.381500e+03 
2963450000 8.350825e+03 
2965600000 8.352800e+03 
2967750000 8.364350e+03 
2969900000 8359 
2972050000 8.367925e+03 
2974200000 8.345225e+03 
2976350000 8.352800e+03 
2978500000 8.367625e+03 
2980650000 8.385975e+03 
2982800000 8.367700e+03 
2984950000 8.383900e+03 
2987100000 8.370900e+03 
2989250000 8.366475e+03 
2991400000 8.354150e+03 
2993550000 8.380725e+03 
2995700000 8.363700e+03 
2997850000 8.364700e+03 
3000000000 8.367825e+03 

END
