IGOR
WAVES/D/O sweep,sig(1) 
BEGIN
2570000000 8.220550e+03 
2.572150e+09 8.196400e+03 
2574300000 8197 
2576450000 8.226325e+03 
2578600000 8.217050e+03 
2.580750e+09 8.219200e+03 
2582900000 8.214150e+03 
2585050000 8.230950e+03 
2.587200e+09 8.213425e+03 
2589350000 8.202175e+03 
2591500000 8.218525e+03 
2593650000 8.202475e+03 
2.595800e+09 8.204950e+03 
2597950000 8.231900e+03 
2600100000 8.211750e+03 
2.602250e+09 8.231700e+03 
2604400000 8.210125e+03 
2606550000 8.186725e+03 
2608700000 8.223050e+03 
2.610850e+09 8.211850e+03 
2613000000 8.242275e+03 
2615150000 8.227425e+03 
2.617300e+09 8.219625e+03 
2619450000 8.227825e+03 
2621600000 8.185225e+03 
2623750000 8.217275e+03 
2.625900e+09 8.180500e+03 
2628050000 8.180275e+03 
2630200000 8.150250e+03 
2.632350e+09 8.164625e+03 
2634500000 8.174775e+03 
2636650000 8.159900e+03 
2638800000 8.202325e+03 
2.640950e+09 8.184375e+03 
2643100000 8.223600e+03 
2645250000 8.220950e+03 
2.647400e+09 8.219825e+03 
2649550000 8.247975e+03 
2651700000 8.220350e+03 
2653850000 8.225300e+03 
2.656000e+09 8.202150e+03 
2658150000 8.209275e+03 
2660300000 8.231200e+03 
2.662450e+09 8.189725e+03 
2664600000 8.176650e+03 
2666750000 8.196350e+03 
2668900000 8.161175e+03 
2.671050e+09 8.139825e+03 
2673200000 8.169475e+03 
2675350000 8.172425e+03 
2677500000 8.183800e+03 
2679650000 8.197600e+03 
2681800000 8.196725e+03 
2683950000 8.244050e+03 
2.686100e+09 8.221600e+03 
2688250000 8.234350e+03 
2690400000 8.216225e+03 
2692550000 8.229225e+03 
2694700000 8214 
2696850000 8.179750e+03 
2699000000 8.185050e+03 
2.701150e+09 8.189825e+03 
2703300000 8.153275e+03 
2705450000 8.163650e+03 
2707600000 8.173825e+03 
2.709750e+09 8.205525e+03 
2711900000 8.200925e+03 
2714050000 8.200925e+03 
2.716200e+09 8.247650e+03 
2718350000 8.234250e+03 
2720500000 8.242650e+03 
2722650000 8.238650e+03 
2724800000 8.245850e+03 
2726950000 8.238050e+03 
2729100000 8.248175e+03 
2.731250e+09 8.230300e+03 
2733400000 8.225125e+03 
2735550000 8.218275e+03 
2737700000 8.216575e+03 
2.739850e+09 8.225200e+03 
2742000000 8.212750e+03 
2744150000 8.216450e+03 
2.746300e+09 8.215700e+03 
2748450000 8.260200e+03 
2750600000 8.225050e+03 
2752750000 8.252675e+03 
2754900000 8.269175e+03 
2757050000 8.245275e+03 
2759200000 8.252675e+03 
2.761350e+09 8.252300e+03 
2763500000 8.273050e+03 
2765650000 8.243550e+03 
2767800000 8.241550e+03 
2.769950e+09 8.283700e+03 
2772100000 8.272725e+03 
2774250000 8.252525e+03 
2.776400e+09 8.259650e+03 
2778550000 8.265700e+03 
2780700000 8.268150e+03 
2782850000 8.274775e+03 
2785000000 8.262200e+03 
2787150000 8.271400e+03 
2789300000 8.252300e+03 
2791450000 8.259550e+03 
2793600000 8.267975e+03 
2795750000 8.276800e+03 
2797900000 8.260625e+03 
2.800050e+09 8.257100e+03 
2802200000 8.220075e+03 
2804350000 8.284525e+03 
2806500000 8.255400e+03 
2808650000 8.249550e+03 
2810800000 8.235950e+03 
2812950000 8.262225e+03 
2815100000 8.282300e+03 
2817250000 8.257225e+03 
2819400000 8.254150e+03 
2821550000 8.256700e+03 
2823700000 8.258375e+03 
2825850000 8.252800e+03 
2828000000 8.273525e+03 
2.830150e+09 8.250775e+03 
2832300000 8266 
2834450000 8.227500e+03 
2836600000 8.255650e+03 
2838750000 8.260925e+03 
2840900000 8.261975e+03 
2843050000 8.289550e+03 
2845200000 8.228425e+03 
2847350000 8.258800e+03 
2849500000 8.271900e+03 
2851650000 8.287325e+03 
2853800000 8.267050e+03 
2855950000 8.246100e+03 
2858100000 8.235650e+03 
2.860250e+09 8.248500e+03 
2862400000 8.246275e+03 
2864550000 8.260425e+03 
2866700000 8.265400e+03 
2868850000 8.229100e+03 
2871000000 8.257525e+03 
2873150000 8.255725e+03 
2875300000 8.260550e+03 
2877450000 8.269100e+03 
2879600000 8.260450e+03 
2881750000 8.270875e+03 
2883900000 8.297325e+03 
2886050000 8.260500e+03 
2888200000 8.260450e+03 
2.890350e+09 8.292650e+03 
2892500000 8.254225e+03 
2894650000 8.276950e+03 
2896800000 8.284850e+03 
2898950000 8.290750e+03 
2901100000 8.248125e+03 
2903250000 8.287325e+03 
2905400000 8.267700e+03 
2907550000 8.269500e+03 
2909700000 8.285975e+03 
2911850000 8.286525e+03 
2914000000 8.292500e+03 
2916150000 8.271125e+03 
2918300000 8.266700e+03 
2920450000 8277 
2922600000 8.283200e+03 
2924750000 8.258100e+03 
2926900000 8.258750e+03 
2929050000 8.285825e+03 
2931200000 8.258350e+03 
2933350000 8.265425e+03 
2935500000 8.261825e+03 
2937650000 8.264275e+03 
2939800000 8.259050e+03 
2941950000 8.255450e+03 
2.944100e+09 8.273850e+03 
2946250000 8.268700e+03 
2948400000 8.261825e+03 
2950550000 8.274300e+03 
2952700000 8266 
2954850000 8.300375e+03 
2957000000 8.275100e+03 
2959150000 8.242275e+03 
2961300000 8.285625e+03 
2963450000 8.278650e+03 
2965600000 8.289725e+03 
2967750000 8.272100e+03 
2969900000 8.259200e+03 
2972050000 8.283075e+03 
2974200000 8.268950e+03 
2976350000 8.269175e+03 
2978500000 8.236525e+03 
2980650000 8.267725e+03 
2982800000 8.251775e+03 
2984950000 8.258150e+03 
2987100000 8.248175e+03 
2989250000 8.264250e+03 
2991400000 8.255125e+03 
2993550000 8285 
2995700000 8.269650e+03 
2997850000 8.270775e+03 
3000000000 8.262650e+03 

END
