IGOR
WAVES/D/O sweep,sig(1) 
BEGIN
2570000000 8.215825e+03 
2.572150e+09 8.226825e+03 
2574300000 8.234150e+03 
2576450000 8.227450e+03 
2578600000 8.223450e+03 
2.580750e+09 8.216525e+03 
2582900000 8.218025e+03 
2585050000 8.197650e+03 
2.587200e+09 8.247500e+03 
2589350000 8.235775e+03 
2591500000 8.235325e+03 
2593650000 8.216650e+03 
2.595800e+09 8.227750e+03 
2597950000 8.211200e+03 
2600100000 8.228950e+03 
2.602250e+09 8.231375e+03 
2604400000 8.238575e+03 
2606550000 8.221375e+03 
2608700000 8.204025e+03 
2.610850e+09 8.214975e+03 
2613000000 8.227725e+03 
2615150000 8.225825e+03 
2.617300e+09 8.199225e+03 
2619450000 8.228925e+03 
2621600000 8.200700e+03 
2623750000 8.202775e+03 
2.625900e+09 8.182875e+03 
2628050000 8.173900e+03 
2630200000 8.182750e+03 
2.632350e+09 8.183900e+03 
2634500000 8.159850e+03 
2636650000 8.178975e+03 
2638800000 8.188375e+03 
2.640950e+09 8.194450e+03 
2643100000 8.197200e+03 
2645250000 8.219800e+03 
2.647400e+09 8.210175e+03 
2649550000 8.222975e+03 
2651700000 8.245275e+03 
2653850000 8218 
2.656000e+09 8.223725e+03 
2658150000 8189 
2660300000 8.183500e+03 
2.662450e+09 8.182675e+03 
2664600000 8.175225e+03 
2666750000 8.167775e+03 
2668900000 8.141475e+03 
2.671050e+09 8.170025e+03 
2673200000 8.167025e+03 
2675350000 8.159500e+03 
2677500000 8.209100e+03 
2679650000 8.184700e+03 
2681800000 8.225200e+03 
2683950000 8.199875e+03 
2.686100e+09 8.211550e+03 
2688250000 8.231625e+03 
2690400000 8.219250e+03 
2692550000 8.218475e+03 
2694700000 8.196625e+03 
2696850000 8.176725e+03 
2699000000 8.184325e+03 
2.701150e+09 8.146800e+03 
2703300000 8.180025e+03 
2705450000 8.138375e+03 
2707600000 8.152050e+03 
2.709750e+09 8.158550e+03 
2711900000 8.185775e+03 
2714050000 8.215525e+03 
2.716200e+09 8.211125e+03 
2718350000 8.208800e+03 
2720500000 8.217800e+03 
2722650000 8.215175e+03 
2724800000 8.240650e+03 
2726950000 8.205675e+03 
2729100000 8.224300e+03 
2.731250e+09 8.214850e+03 
2733400000 8.200950e+03 
2735550000 8.209350e+03 
2737700000 8.203600e+03 
2.739850e+09 8.196325e+03 
2742000000 8.183825e+03 
2744150000 8.180400e+03 
2.746300e+09 8.200200e+03 
2748450000 8.180975e+03 
2750600000 8.220725e+03 
2752750000 8.226600e+03 
2754900000 8.241225e+03 
2757050000 8.234550e+03 
2759200000 8.226850e+03 
2.761350e+09 8.228850e+03 
2763500000 8.209400e+03 
2765650000 8.232225e+03 
2767800000 8.236350e+03 
2.769950e+09 8.225050e+03 
2772100000 8.217300e+03 
2774250000 8.227050e+03 
2.776400e+09 8.223975e+03 
2778550000 8.235525e+03 
2780700000 8.224525e+03 
2782850000 8.236925e+03 
2785000000 8.217175e+03 
2787150000 8221 
2789300000 8.223050e+03 
2791450000 8.234725e+03 
2793600000 8.215075e+03 
2795750000 8.231475e+03 
2797900000 8.207800e+03 
2.800050e+09 8.217350e+03 
2802200000 8.211450e+03 
2804350000 8.231850e+03 
2806500000 8.223700e+03 
2808650000 8.207675e+03 
2810800000 8.198750e+03 
2812950000 8.231975e+03 
2815100000 8.195575e+03 
2817250000 8.204300e+03 
2819400000 8.210675e+03 
2821550000 8.216950e+03 
2823700000 8.217725e+03 
2825850000 8.231900e+03 
2828000000 8.218750e+03 
2.830150e+09 8.216125e+03 
2832300000 8.227450e+03 
2834450000 8.213025e+03 
2836600000 8.218100e+03 
2838750000 8.227250e+03 
2840900000 8.229350e+03 
2843050000 8.205900e+03 
2845200000 8.205200e+03 
2847350000 8.214500e+03 
2849500000 8.223925e+03 
2851650000 8.214450e+03 
2853800000 8.191700e+03 
2855950000 8.215225e+03 
2858100000 8.179825e+03 
2.860250e+09 8.210500e+03 
2862400000 8.194925e+03 
2864550000 8.219550e+03 
2866700000 8.211600e+03 
2868850000 8.218300e+03 
2871000000 8.228550e+03 
2873150000 8.190450e+03 
2875300000 8.206275e+03 
2877450000 8.212500e+03 
2879600000 8.193175e+03 
2881750000 8.234775e+03 
2883900000 8.214750e+03 
2886050000 8.201600e+03 
2888200000 8.222175e+03 
2.890350e+09 8.218725e+03 
2892500000 8.214550e+03 
2894650000 8.219150e+03 
2896800000 8.224850e+03 
2898950000 8.215325e+03 
2901100000 8.205475e+03 
2903250000 8.223700e+03 
2905400000 8.223100e+03 
2907550000 8.229025e+03 
2909700000 8.219175e+03 
2911850000 8.206425e+03 
2914000000 8.218550e+03 
2916150000 8.200875e+03 
2918300000 8.220375e+03 
2920450000 8.202075e+03 
2922600000 8.190125e+03 
2924750000 8.208550e+03 
2926900000 8.222825e+03 
2929050000 8.204250e+03 
2931200000 8.197525e+03 
2933350000 8.223450e+03 
2935500000 8.210650e+03 
2937650000 8.213550e+03 
2939800000 8.199925e+03 
2941950000 8.216225e+03 
2.944100e+09 8.208025e+03 
2946250000 8.241575e+03 
2948400000 8.229375e+03 
2950550000 8.229225e+03 
2952700000 8.205975e+03 
2954850000 8.191800e+03 
2957000000 8.194225e+03 
2959150000 8.218750e+03 
2961300000 8.205725e+03 
2963450000 8.226150e+03 
2965600000 8.223475e+03 
2967750000 8.204975e+03 
2969900000 8.219825e+03 
2972050000 8.214700e+03 
2974200000 8.197275e+03 
2976350000 8.200625e+03 
2978500000 8.200875e+03 
2980650000 8.214400e+03 
2982800000 8.223250e+03 
2984950000 8.209600e+03 
2987100000 8.198400e+03 
2989250000 8.225400e+03 
2991400000 8.200875e+03 
2993550000 8.211175e+03 
2995700000 8.213200e+03 
2997850000 8.212550e+03 
3000000000 8.194475e+03 

END
