IGOR
WAVES/D/O sweep,sig(1) 
BEGIN
2570000000 8.315450e+03 
2.572150e+09 8.308575e+03 
2574300000 8.289900e+03 
2576450000 8.279675e+03 
2578600000 8.301900e+03 
2.580750e+09 8.297350e+03 
2582900000 8.291175e+03 
2585050000 8.285375e+03 
2.587200e+09 8.319350e+03 
2589350000 8.292700e+03 
2591500000 8.296750e+03 
2593650000 8.293800e+03 
2.595800e+09 8.311675e+03 
2597950000 8.304725e+03 
2600100000 8.282075e+03 
2.602250e+09 8.314325e+03 
2604400000 8.317825e+03 
2606550000 8.298800e+03 
2608700000 8.301475e+03 
2.610850e+09 8.296450e+03 
2613000000 8.320125e+03 
2615150000 8.311900e+03 
2.617300e+09 8.316450e+03 
2619450000 8.298800e+03 
2621600000 8.261550e+03 
2623750000 8.284725e+03 
2.625900e+09 8.260075e+03 
2628050000 8.274250e+03 
2630200000 8.266650e+03 
2.632350e+09 8.243550e+03 
2634500000 8.251525e+03 
2636650000 8.248125e+03 
2638800000 8.282225e+03 
2.640950e+09 8.297050e+03 
2643100000 8.289850e+03 
2645250000 8.286875e+03 
2.647400e+09 8.287300e+03 
2649550000 8.310175e+03 
2651700000 8.290550e+03 
2653850000 8.314125e+03 
2.656000e+09 8.320325e+03 
2658150000 8.318450e+03 
2660300000 8269 
2.662450e+09 8.254475e+03 
2664600000 8.237975e+03 
2666750000 8.233350e+03 
2668900000 8.203875e+03 
2.671050e+09 8.225650e+03 
2673200000 8.245075e+03 
2675350000 8.246700e+03 
2677500000 8.249825e+03 
2679650000 8.275875e+03 
2681800000 8.288350e+03 
2683950000 8.297850e+03 
2.686100e+09 8.308450e+03 
2688250000 8.299150e+03 
2690400000 8.304975e+03 
2692550000 8.291475e+03 
2694700000 8.280075e+03 
2696850000 8.273575e+03 
2699000000 8.243200e+03 
2.701150e+09 8.259025e+03 
2703300000 8.234150e+03 
2705450000 8.214225e+03 
2707600000 8.225300e+03 
2.709750e+09 8.221900e+03 
2711900000 8.253100e+03 
2714050000 8.267050e+03 
2.716200e+09 8.288975e+03 
2718350000 8.292625e+03 
2720500000 8.315500e+03 
2722650000 8.299275e+03 
2724800000 8.300200e+03 
2726950000 8.307725e+03 
2729100000 8.330025e+03 
2.731250e+09 8.306150e+03 
2733400000 8.287375e+03 
2735550000 8.276700e+03 
2737700000 8.257325e+03 
2.739850e+09 8.259125e+03 
2742000000 8.276925e+03 
2744150000 8.282900e+03 
2.746300e+09 8.282125e+03 
2748450000 8.260050e+03 
2750600000 8.283850e+03 
2752750000 8.296800e+03 
2754900000 8.301025e+03 
2757050000 8.280300e+03 
2759200000 8.282325e+03 
2.761350e+09 8.312450e+03 
2763500000 8.279950e+03 
2765650000 8.300475e+03 
2767800000 8.301125e+03 
2.769950e+09 8.295175e+03 
2772100000 8.333950e+03 
2774250000 8.296475e+03 
2.776400e+09 8.315300e+03 
2778550000 8.320500e+03 
2780700000 8.313250e+03 
2782850000 8.319675e+03 
2785000000 8.296175e+03 
2787150000 8.295950e+03 
2789300000 8.288100e+03 
2791450000 8.305700e+03 
2793600000 8.290075e+03 
2795750000 8.311750e+03 
2797900000 8.317775e+03 
2.800050e+09 8.300300e+03 
2802200000 8.287950e+03 
2804350000 8.280425e+03 
2806500000 8.301200e+03 
2808650000 8.285250e+03 
2810800000 8.300150e+03 
2812950000 8.286975e+03 
2815100000 8.292800e+03 
2817250000 8.302075e+03 
2819400000 8.291950e+03 
2821550000 8.299050e+03 
2823700000 8.300225e+03 
2825850000 8.291025e+03 
2828000000 8.307575e+03 
2.830150e+09 8.294350e+03 
2832300000 8.319900e+03 
2834450000 8.305475e+03 
2836600000 8.294800e+03 
2838750000 8.299200e+03 
2840900000 8.299950e+03 
2843050000 8.318575e+03 
2845200000 8.293575e+03 
2847350000 8.292875e+03 
2849500000 8.300575e+03 
2851650000 8.298025e+03 
2853800000 8.303700e+03 
2855950000 8277 
2858100000 8.304125e+03 
2.860250e+09 8.311100e+03 
2862400000 8.304800e+03 
2864550000 8.321625e+03 
2866700000 8.321125e+03 
2868850000 8.316125e+03 
2871000000 8.305025e+03 
2873150000 8.309075e+03 
2875300000 8.295775e+03 
2877450000 8.311775e+03 
2879600000 8.305900e+03 
2881750000 8.303275e+03 
2883900000 8.290325e+03 
2886050000 8.307775e+03 
2888200000 8.319325e+03 
2.890350e+09 8.298875e+03 
2892500000 8.316350e+03 
2894650000 8.309300e+03 
2896800000 8.325950e+03 
2898950000 8.320600e+03 
2901100000 8.324350e+03 
2903250000 8.335875e+03 
2905400000 8.305575e+03 
2907550000 8.306675e+03 
2909700000 8.308850e+03 
2911850000 8.313875e+03 
2914000000 8.331325e+03 
2916150000 8.299475e+03 
2918300000 8.302200e+03 
2920450000 8.298975e+03 
2922600000 8.308875e+03 
2924750000 8.300725e+03 
2926900000 8.289850e+03 
2929050000 8.321875e+03 
2931200000 8.299400e+03 
2933350000 8.280875e+03 
2935500000 8.312400e+03 
2937650000 8.301475e+03 
2939800000 8308 
2941950000 8.312525e+03 
2.944100e+09 8.300925e+03 
2946250000 8.302525e+03 
2948400000 8.314375e+03 
2950550000 8.306450e+03 
2952700000 8.308650e+03 
2954850000 8.308925e+03 
2957000000 8.337250e+03 
2959150000 8.316975e+03 
2961300000 8.305125e+03 
2963450000 8.310300e+03 
2965600000 8.316850e+03 
2967750000 8.335800e+03 
2969900000 8.291350e+03 
2972050000 8.309650e+03 
2974200000 8.311925e+03 
2976350000 8.309700e+03 
2978500000 8.302950e+03 
2980650000 8.298975e+03 
2982800000 8.317200e+03 
2984950000 8.323975e+03 
2987100000 8.306350e+03 
2989250000 8.315525e+03 
2991400000 8.306500e+03 
2993550000 8.297250e+03 
2995700000 8.302475e+03 
2997850000 8.297425e+03 
3000000000 8.311375e+03 

END
