IGOR
WAVES/D/O sweep,sig(1) 
BEGIN
2570000000 8.286975e+03 
2.572150e+09 8.290400e+03 
2574300000 8.279700e+03 
2576450000 8.281125e+03 
2578600000 8.299650e+03 
2.580750e+09 8.280325e+03 
2582900000 8.269325e+03 
2585050000 8.272625e+03 
2.587200e+09 8.277925e+03 
2589350000 8.295375e+03 
2591500000 8.273950e+03 
2593650000 8.266850e+03 
2.595800e+09 8.309250e+03 
2597950000 8.301875e+03 
2600100000 8.278275e+03 
2.602250e+09 8.270100e+03 
2604400000 8.280100e+03 
2606550000 8.296425e+03 
2608700000 8.292325e+03 
2.610850e+09 8.301450e+03 
2613000000 8.266750e+03 
2615150000 8.265725e+03 
2.617300e+09 8.274725e+03 
2619450000 8.264425e+03 
2621600000 8.309800e+03 
2623750000 8.266250e+03 
2.625900e+09 8.253725e+03 
2628050000 8.243675e+03 
2630200000 8255 
2.632350e+09 8.245550e+03 
2634500000 8.250750e+03 
2636650000 8.231950e+03 
2638800000 8.231375e+03 
2.640950e+09 8.279975e+03 
2643100000 8.285625e+03 
2645250000 8.256350e+03 
2.647400e+09 8.281325e+03 
2649550000 8.295175e+03 
2651700000 8.277475e+03 
2653850000 8.295325e+03 
2.656000e+09 8.282150e+03 
2658150000 8.287650e+03 
2660300000 8.274500e+03 
2.662450e+09 8.244450e+03 
2664600000 8.232500e+03 
2666750000 8.218125e+03 
2668900000 8.216500e+03 
2.671050e+09 8.225100e+03 
2673200000 8.212150e+03 
2675350000 8.230850e+03 
2677500000 8.257225e+03 
2679650000 8.270025e+03 
2681800000 8.251200e+03 
2683950000 8.285575e+03 
2.686100e+09 8.292050e+03 
2688250000 8.290475e+03 
2690400000 8.294450e+03 
2692550000 8285 
2694700000 8.285675e+03 
2696850000 8.254350e+03 
2699000000 8.222250e+03 
2.701150e+09 8.233525e+03 
2703300000 8.213425e+03 
2705450000 8.217675e+03 
2707600000 8.234200e+03 
2.709750e+09 8.226825e+03 
2711900000 8.232475e+03 
2714050000 8.270950e+03 
2.716200e+09 8.253575e+03 
2718350000 8.281625e+03 
2720500000 8.291275e+03 
2722650000 8.281975e+03 
2724800000 8.312900e+03 
2726950000 8.256450e+03 
2729100000 8.266700e+03 
2.731250e+09 8.258550e+03 
2733400000 8.278700e+03 
2735550000 8.265825e+03 
2737700000 8.273175e+03 
2.739850e+09 8.238625e+03 
2742000000 8.267675e+03 
2744150000 8.265225e+03 
2.746300e+09 8.272675e+03 
2748450000 8.273150e+03 
2750600000 8.274825e+03 
2752750000 8.269400e+03 
2754900000 8.292450e+03 
2757050000 8.261175e+03 
2759200000 8.258200e+03 
2.761350e+09 8.306375e+03 
2763500000 8.291625e+03 
2765650000 8.275575e+03 
2767800000 8.273950e+03 
2.769950e+09 8.290500e+03 
2772100000 8.276700e+03 
2774250000 8.264300e+03 
2.776400e+09 8.281050e+03 
2778550000 8.267900e+03 
2780700000 8.297975e+03 
2782850000 8.275675e+03 
2785000000 8.289700e+03 
2787150000 8.277825e+03 
2789300000 8.287600e+03 
2791450000 8.276600e+03 
2793600000 8.265600e+03 
2795750000 8.275500e+03 
2797900000 8.296100e+03 
2.800050e+09 8.291375e+03 
2802200000 8.268350e+03 
2804350000 8.280975e+03 
2806500000 8.263300e+03 
2808650000 8.294950e+03 
2810800000 8.262775e+03 
2812950000 8.260050e+03 
2815100000 8.280375e+03 
2817250000 8.298650e+03 
2819400000 8.279400e+03 
2821550000 8278 
2823700000 8.290700e+03 
2825850000 8.274025e+03 
2828000000 8.290300e+03 
2.830150e+09 8.297250e+03 
2832300000 8.289375e+03 
2834450000 8.268950e+03 
2836600000 8.278075e+03 
2838750000 8.270050e+03 
2840900000 8.290775e+03 
2843050000 8.289500e+03 
2845200000 8.283925e+03 
2847350000 8.310725e+03 
2849500000 8.286125e+03 
2851650000 8.266600e+03 
2853800000 8.288175e+03 
2855950000 8.309400e+03 
2858100000 8.269775e+03 
2.860250e+09 8.288475e+03 
2862400000 8.269275e+03 
2864550000 8.280825e+03 
2866700000 8.314675e+03 
2868850000 8.290175e+03 
2871000000 8.285350e+03 
2873150000 8.300825e+03 
2875300000 8.278850e+03 
2877450000 8.316600e+03 
2879600000 8.297725e+03 
2881750000 8.304450e+03 
2883900000 8.305450e+03 
2886050000 8.303200e+03 
2888200000 8.268275e+03 
2.890350e+09 8.291575e+03 
2892500000 8.309525e+03 
2894650000 8.272700e+03 
2896800000 8.285225e+03 
2898950000 8.308900e+03 
2901100000 8.293575e+03 
2903250000 8.270525e+03 
2905400000 8.276950e+03 
2907550000 8.282725e+03 
2909700000 8.284975e+03 
2911850000 8.259950e+03 
2914000000 8.264200e+03 
2916150000 8.278150e+03 
2918300000 8278 
2920450000 8.302125e+03 
2922600000 8.287800e+03 
2924750000 8.279950e+03 
2926900000 8.287575e+03 
2929050000 8.288675e+03 
2931200000 8.288575e+03 
2933350000 8.276725e+03 
2935500000 8.264900e+03 
2937650000 8.289475e+03 
2939800000 8.287950e+03 
2941950000 8.287275e+03 
2.944100e+09 8.289475e+03 
2946250000 8.290925e+03 
2948400000 8286 
2950550000 8304 
2952700000 8.272050e+03 
2954850000 8.284200e+03 
2957000000 8.288300e+03 
2959150000 8.296075e+03 
2961300000 8.257225e+03 
2963450000 8.282400e+03 
2965600000 8.266450e+03 
2967750000 8.270625e+03 
2969900000 8.293075e+03 
2972050000 8.278900e+03 
2974200000 8.291075e+03 
2976350000 8.282350e+03 
2978500000 8.266500e+03 
2980650000 8.252900e+03 
2982800000 8.283025e+03 
2984950000 8.275900e+03 
2987100000 8.285975e+03 
2989250000 8.301550e+03 
2991400000 8.275125e+03 
2993550000 8.285350e+03 
2995700000 8.284325e+03 
2997850000 8.257125e+03 
3000000000 8.297450e+03 

END
