IGOR
WAVES/D/O sweep,sig(1) 
BEGIN
2570000000 8.334200e+03 
2.572150e+09 8.387425e+03 
2574300000 8.352025e+03 
2576450000 8.331775e+03 
2578600000 8.351900e+03 
2.580750e+09 8.337325e+03 
2582900000 8.362475e+03 
2585050000 8.351625e+03 
2.587200e+09 8.350400e+03 
2589350000 8.370900e+03 
2591500000 8.345300e+03 
2593650000 8.371675e+03 
2.595800e+09 8.368600e+03 
2597950000 8.373725e+03 
2600100000 8.374375e+03 
2.602250e+09 8.325875e+03 
2604400000 8.361900e+03 
2606550000 8.345275e+03 
2608700000 8.340825e+03 
2.610850e+09 8.351400e+03 
2613000000 8.355250e+03 
2615150000 8.376025e+03 
2.617300e+09 8.356275e+03 
2619450000 8.355775e+03 
2621600000 8.355925e+03 
2623750000 8.337175e+03 
2.625900e+09 8.314525e+03 
2628050000 8.318300e+03 
2630200000 8313 
2.632350e+09 8.342400e+03 
2634500000 8.315950e+03 
2636650000 8.308525e+03 
2638800000 8.317175e+03 
2.640950e+09 8.351900e+03 
2643100000 8.363750e+03 
2645250000 8.346200e+03 
2.647400e+09 8.368675e+03 
2649550000 8.360325e+03 
2651700000 8.364200e+03 
2653850000 8.348475e+03 
2.656000e+09 8.334575e+03 
2658150000 8.342325e+03 
2660300000 8.371575e+03 
2.662450e+09 8.318900e+03 
2664600000 8.325225e+03 
2666750000 8.319475e+03 
2668900000 8.293575e+03 
2.671050e+09 8.312125e+03 
2673200000 8.321900e+03 
2675350000 8.304900e+03 
2677500000 8.336725e+03 
2679650000 8.351325e+03 
2681800000 8.366875e+03 
2683950000 8.367175e+03 
2.686100e+09 8.356225e+03 
2688250000 8.351425e+03 
2690400000 8.378125e+03 
2692550000 8.359400e+03 
2694700000 8.349800e+03 
2696850000 8342 
2699000000 8.314050e+03 
2.701150e+09 8.307225e+03 
2703300000 8.302325e+03 
2705450000 8.314200e+03 
2707600000 8.300050e+03 
2.709750e+09 8.324650e+03 
2711900000 8.338225e+03 
2714050000 8.331150e+03 
2.716200e+09 8356 
2718350000 8.375900e+03 
2720500000 8.387650e+03 
2722650000 8.348350e+03 
2724800000 8.386550e+03 
2726950000 8.364125e+03 
2729100000 8.348550e+03 
2.731250e+09 8.348925e+03 
2733400000 8.363075e+03 
2735550000 8.352450e+03 
2737700000 8.353850e+03 
2.739850e+09 8.349200e+03 
2742000000 8.343500e+03 
2744150000 8.334100e+03 
2.746300e+09 8.318100e+03 
2748450000 8.336850e+03 
2750600000 8.347650e+03 
2752750000 8.364350e+03 
2754900000 8.388800e+03 
2757050000 8.368500e+03 
2759200000 8.373400e+03 
2.761350e+09 8.368900e+03 
2763500000 8.379850e+03 
2765650000 8.371725e+03 
2767800000 8.365125e+03 
2.769950e+09 8.363450e+03 
2772100000 8.358025e+03 
2774250000 8.369475e+03 
2.776400e+09 8.371300e+03 
2778550000 8.384825e+03 
2780700000 8.372375e+03 
2782850000 8.378175e+03 
2785000000 8.377900e+03 
2787150000 8.363725e+03 
2789300000 8.385650e+03 
2791450000 8.386375e+03 
2793600000 8.346150e+03 
2795750000 8.376025e+03 
2797900000 8.396200e+03 
2.800050e+09 8.382900e+03 
2802200000 8.372075e+03 
2804350000 8.378125e+03 
2806500000 8.376575e+03 
2808650000 8.376350e+03 
2810800000 8.356900e+03 
2812950000 8.372500e+03 
2815100000 8.365275e+03 
2817250000 8.367650e+03 
2819400000 8.358175e+03 
2821550000 8.373150e+03 
2823700000 8.361425e+03 
2825850000 8.369500e+03 
2828000000 8.363075e+03 
2.830150e+09 8.370950e+03 
2832300000 8.376050e+03 
2834450000 8.357650e+03 
2836600000 8.352275e+03 
2838750000 8.348450e+03 
2840900000 8.346575e+03 
2843050000 8.357925e+03 
2845200000 8.346300e+03 
2847350000 8.356925e+03 
2849500000 8.368125e+03 
2851650000 8.334900e+03 
2853800000 8.349100e+03 
2855950000 8.330650e+03 
2858100000 8.339025e+03 
2.860250e+09 8.354625e+03 
2862400000 8.360800e+03 
2864550000 8.365400e+03 
2866700000 8.362525e+03 
2868850000 8.359450e+03 
2871000000 8.345825e+03 
2873150000 8.372825e+03 
2875300000 8.366675e+03 
2877450000 8.359100e+03 
2879600000 8.341825e+03 
2881750000 8.356450e+03 
2883900000 8.370325e+03 
2886050000 8.353275e+03 
2888200000 8.360600e+03 
2.890350e+09 8.351600e+03 
2892500000 8.368950e+03 
2894650000 8.365450e+03 
2896800000 8.359275e+03 
2898950000 8.352625e+03 
2901100000 8.347925e+03 
2903250000 8.387825e+03 
2905400000 8.335325e+03 
2907550000 8.353275e+03 
2909700000 8.344650e+03 
2911850000 8.349225e+03 
2914000000 8.372775e+03 
2916150000 8.348375e+03 
2918300000 8.344075e+03 
2920450000 8.365200e+03 
2922600000 8.336750e+03 
2924750000 8.324500e+03 
2926900000 8.359625e+03 
2929050000 8.343100e+03 
2931200000 8.342350e+03 
2933350000 8.357300e+03 
2935500000 8.352675e+03 
2937650000 8.358325e+03 
2939800000 8.351700e+03 
2941950000 8.367150e+03 
2.944100e+09 8.363200e+03 
2946250000 8.341350e+03 
2948400000 8.368650e+03 
2950550000 8.341925e+03 
2952700000 8.339750e+03 
2954850000 8.354325e+03 
2957000000 8.372250e+03 
2959150000 8.383275e+03 
2961300000 8.348950e+03 
2963450000 8.369475e+03 
2965600000 8.333225e+03 
2967750000 8.353250e+03 
2969900000 8.360475e+03 
2972050000 8.349500e+03 
2974200000 8.364600e+03 
2976350000 8359 
2978500000 8.367075e+03 
2980650000 8.345075e+03 
2982800000 8.336975e+03 
2984950000 8.355975e+03 
2987100000 8.373400e+03 
2989250000 8.386175e+03 
2991400000 8390 
2993550000 8.363650e+03 
2995700000 8.350325e+03 
2997850000 8.374700e+03 
3000000000 8.372400e+03 

END
