IGOR
WAVES/D/O sweep,sig(1) 
BEGIN
2570000000 8.215575e+03 
2.572150e+09 8.219975e+03 
2574300000 8.190725e+03 
2576450000 8.189350e+03 
2578600000 8.220100e+03 
2.580750e+09 8.216775e+03 
2582900000 8.192425e+03 
2585050000 8.185550e+03 
2.587200e+09 8.188775e+03 
2589350000 8.210850e+03 
2591500000 8.195750e+03 
2593650000 8.194625e+03 
2.595800e+09 8.207100e+03 
2597950000 8.210475e+03 
2600100000 8.194175e+03 
2.602250e+09 8.220775e+03 
2604400000 8.182975e+03 
2606550000 8.238050e+03 
2608700000 8.206575e+03 
2.610850e+09 8.206500e+03 
2613000000 8.198425e+03 
2615150000 8.221950e+03 
2.617300e+09 8.219475e+03 
2619450000 8.190800e+03 
2621600000 8.214950e+03 
2623750000 8.205100e+03 
2.625900e+09 8.174850e+03 
2628050000 8.157575e+03 
2630200000 8.185275e+03 
2.632350e+09 8.154725e+03 
2634500000 8.179250e+03 
2636650000 8.165725e+03 
2638800000 8.179700e+03 
2.640950e+09 8.189925e+03 
2643100000 8.208425e+03 
2645250000 8.191450e+03 
2.647400e+09 8.196100e+03 
2649550000 8.182800e+03 
2651700000 8.191450e+03 
2653850000 8.195275e+03 
2.656000e+09 8.185300e+03 
2658150000 8.196675e+03 
2660300000 8.190050e+03 
2.662450e+09 8.190175e+03 
2664600000 8.168025e+03 
2666750000 8.158325e+03 
2668900000 8.156175e+03 
2.671050e+09 8.129125e+03 
2673200000 8.116425e+03 
2675350000 8.169100e+03 
2677500000 8.152625e+03 
2679650000 8.173375e+03 
2681800000 8.189600e+03 
2683950000 8.209125e+03 
2.686100e+09 8.203125e+03 
2688250000 8.204800e+03 
2690400000 8.197100e+03 
2692550000 8.192725e+03 
2694700000 8.184575e+03 
2696850000 8.163175e+03 
2699000000 8.161150e+03 
2.701150e+09 8.169450e+03 
2703300000 8.142475e+03 
2705450000 8.148225e+03 
2707600000 8.128850e+03 
2.709750e+09 8.133300e+03 
2711900000 8.159875e+03 
2714050000 8.183775e+03 
2.716200e+09 8.170625e+03 
2718350000 8.200700e+03 
2720500000 8.202525e+03 
2722650000 8.213400e+03 
2724800000 8.221400e+03 
2726950000 8.210925e+03 
2729100000 8.191025e+03 
2.731250e+09 8.196400e+03 
2733400000 8.211300e+03 
2735550000 8.175050e+03 
2737700000 8.167375e+03 
2.739850e+09 8.157550e+03 
2742000000 8.163950e+03 
2744150000 8.177750e+03 
2.746300e+09 8.172275e+03 
2748450000 8.175400e+03 
2750600000 8.182450e+03 
2752750000 8.180975e+03 
2754900000 8.184050e+03 
2757050000 8.198975e+03 
2759200000 8.194825e+03 
2.761350e+09 8.199600e+03 
2763500000 8.187625e+03 
2765650000 8.211775e+03 
2767800000 8.195275e+03 
2.769950e+09 8.206850e+03 
2772100000 8.203250e+03 
2774250000 8.208675e+03 
2.776400e+09 8.203450e+03 
2778550000 8.193325e+03 
2780700000 8.183450e+03 
2782850000 8186 
2785000000 8.201175e+03 
2787150000 8.181150e+03 
2789300000 8.206050e+03 
2791450000 8.173875e+03 
2793600000 8.200075e+03 
2795750000 8.178125e+03 
2797900000 8.186275e+03 
2.800050e+09 8.183100e+03 
2802200000 8189 
2804350000 8.196800e+03 
2806500000 8.201775e+03 
2808650000 8.188750e+03 
2810800000 8.184325e+03 
2812950000 8.191350e+03 
2815100000 8.184275e+03 
2817250000 8.200375e+03 
2819400000 8.208950e+03 
2821550000 8.166975e+03 
2823700000 8.221375e+03 
2825850000 8.200625e+03 
2828000000 8.165875e+03 
2.830150e+09 8.191100e+03 
2832300000 8.192600e+03 
2834450000 8.167925e+03 
2836600000 8.190550e+03 
2838750000 8.211425e+03 
2840900000 8.204225e+03 
2843050000 8.189800e+03 
2845200000 8.190525e+03 
2847350000 8.181750e+03 
2849500000 8.216550e+03 
2851650000 8.205775e+03 
2853800000 8.201825e+03 
2855950000 8.176750e+03 
2858100000 8.166850e+03 
2.860250e+09 8.194450e+03 
2862400000 8.185900e+03 
2864550000 8182 
2866700000 8.210950e+03 
2868850000 8.185100e+03 
2871000000 8.193300e+03 
2873150000 8.179200e+03 
2875300000 8.185325e+03 
2877450000 8.198075e+03 
2879600000 8.180125e+03 
2881750000 8.186825e+03 
2883900000 8.212450e+03 
2886050000 8.167725e+03 
2888200000 8.184725e+03 
2.890350e+09 8.182975e+03 
2892500000 8.199400e+03 
2894650000 8.176850e+03 
2896800000 8.202325e+03 
2898950000 8.187425e+03 
2901100000 8.202250e+03 
2903250000 8.204275e+03 
2905400000 8.220175e+03 
2907550000 8.181700e+03 
2909700000 8.186750e+03 
2911850000 8.208525e+03 
2914000000 8.190825e+03 
2916150000 8.198350e+03 
2918300000 8.173375e+03 
2920450000 8.201675e+03 
2922600000 8.200075e+03 
2924750000 8.183675e+03 
2926900000 8.194350e+03 
2929050000 8.187725e+03 
2931200000 8.195175e+03 
2933350000 8.198800e+03 
2935500000 8192 
2937650000 8.183950e+03 
2939800000 8.204875e+03 
2941950000 8.190075e+03 
2.944100e+09 8.193500e+03 
2946250000 8.197550e+03 
2948400000 8.171875e+03 
2950550000 8.182175e+03 
2952700000 8.179875e+03 
2954850000 8.193075e+03 
2957000000 8.175875e+03 
2959150000 8.183550e+03 
2961300000 8.195250e+03 
2963450000 8.172450e+03 
2965600000 8.187800e+03 
2967750000 8.175875e+03 
2969900000 8.195450e+03 
2972050000 8.193375e+03 
2974200000 8.185450e+03 
2976350000 8.184425e+03 
2978500000 8.197950e+03 
2980650000 8.189700e+03 
2982800000 8.161375e+03 
2984950000 8.216250e+03 
2987100000 8.202425e+03 
2989250000 8.201800e+03 
2991400000 8.180700e+03 
2993550000 8.173200e+03 
2995700000 8196 
2997850000 8.202300e+03 
3000000000 8.201825e+03 

END
