IGOR
WAVES/D/O sweep,sig(1) 
BEGIN
2570000000 8.254750e+03 
2.572150e+09 8.255450e+03 
2574300000 8.239900e+03 
2576450000 8.271575e+03 
2578600000 8.219225e+03 
2.580750e+09 8.259600e+03 
2582900000 8.246225e+03 
2585050000 8.261025e+03 
2.587200e+09 8.243175e+03 
2589350000 8.245200e+03 
2591500000 8.234600e+03 
2593650000 8.262400e+03 
2.595800e+09 8.245700e+03 
2597950000 8.240775e+03 
2600100000 8.261975e+03 
2.602250e+09 8.238450e+03 
2604400000 8.256450e+03 
2606550000 8.216875e+03 
2608700000 8.248975e+03 
2.610850e+09 8.253650e+03 
2613000000 8.237700e+03 
2615150000 8.235900e+03 
2.617300e+09 8.254100e+03 
2619450000 8.248025e+03 
2621600000 8.225175e+03 
2623750000 8.217900e+03 
2.625900e+09 8.184325e+03 
2628050000 8.217500e+03 
2630200000 8.223450e+03 
2.632350e+09 8.178375e+03 
2634500000 8.203475e+03 
2636650000 8.227050e+03 
2638800000 8229 
2.640950e+09 8.217275e+03 
2643100000 8.218225e+03 
2645250000 8.238075e+03 
2.647400e+09 8.242400e+03 
2649550000 8.223800e+03 
2651700000 8.257950e+03 
2653850000 8.250525e+03 
2.656000e+09 8.234625e+03 
2658150000 8.242825e+03 
2660300000 8.212750e+03 
2.662450e+09 8.222725e+03 
2664600000 8.216950e+03 
2666750000 8.166375e+03 
2668900000 8.179750e+03 
2.671050e+09 8.180125e+03 
2673200000 8.182825e+03 
2675350000 8.187750e+03 
2677500000 8.205875e+03 
2679650000 8.214950e+03 
2681800000 8.233325e+03 
2683950000 8.248125e+03 
2.686100e+09 8.243375e+03 
2688250000 8.264150e+03 
2690400000 8.243050e+03 
2692550000 8.240125e+03 
2694700000 8.227025e+03 
2696850000 8.213525e+03 
2699000000 8.215625e+03 
2.701150e+09 8.200725e+03 
2703300000 8.183550e+03 
2705450000 8.174825e+03 
2707600000 8.197525e+03 
2.709750e+09 8.182600e+03 
2711900000 8.228650e+03 
2714050000 8.222875e+03 
2.716200e+09 8.228850e+03 
2718350000 8.246425e+03 
2720500000 8.255575e+03 
2722650000 8.261750e+03 
2724800000 8.270825e+03 
2726950000 8.252500e+03 
2729100000 8.253825e+03 
2.731250e+09 8.258175e+03 
2733400000 8.227975e+03 
2735550000 8.218625e+03 
2737700000 8.232450e+03 
2.739850e+09 8.213475e+03 
2742000000 8.222175e+03 
2744150000 8.245275e+03 
2.746300e+09 8.238525e+03 
2748450000 8.239175e+03 
2750600000 8.251450e+03 
2752750000 8.257600e+03 
2754900000 8.256700e+03 
2757050000 8.264050e+03 
2759200000 8.273875e+03 
2.761350e+09 8.262975e+03 
2763500000 8.283150e+03 
2765650000 8.254050e+03 
2767800000 8.268425e+03 
2.769950e+09 8.295650e+03 
2772100000 8.259500e+03 
2774250000 8.268725e+03 
2.776400e+09 8.285425e+03 
2778550000 8.280500e+03 
2780700000 8.268875e+03 
2782850000 8.286175e+03 
2785000000 8.274225e+03 
2787150000 8.268475e+03 
2789300000 8.263100e+03 
2791450000 8.294475e+03 
2793600000 8.270275e+03 
2795750000 8.295775e+03 
2797900000 8.274925e+03 
2.800050e+09 8.259850e+03 
2802200000 8.298800e+03 
2804350000 8.311250e+03 
2806500000 8.277200e+03 
2808650000 8.254500e+03 
2810800000 8.283375e+03 
2812950000 8.280775e+03 
2815100000 8.287600e+03 
2817250000 8.278275e+03 
2819400000 8.234775e+03 
2821550000 8.276975e+03 
2823700000 8.264975e+03 
2825850000 8.272225e+03 
2828000000 8.257100e+03 
2.830150e+09 8.267050e+03 
2832300000 8.280450e+03 
2834450000 8.249175e+03 
2836600000 8.284700e+03 
2838750000 8.279625e+03 
2840900000 8.289300e+03 
2843050000 8.286525e+03 
2845200000 8.265200e+03 
2847350000 8.294800e+03 
2849500000 8.292825e+03 
2851650000 8.281175e+03 
2853800000 8.259475e+03 
2855950000 8.300950e+03 
2858100000 8.262575e+03 
2.860250e+09 8.268025e+03 
2862400000 8.271450e+03 
2864550000 8.281600e+03 
2866700000 8.287025e+03 
2868850000 8.287725e+03 
2871000000 8.288925e+03 
2873150000 8.267800e+03 
2875300000 8.283600e+03 
2877450000 8.264500e+03 
2879600000 8.273375e+03 
2881750000 8.281875e+03 
2883900000 8.270075e+03 
2886050000 8.256825e+03 
2888200000 8.251725e+03 
2.890350e+09 8.264150e+03 
2892500000 8.278450e+03 
2894650000 8.275400e+03 
2896800000 8.268125e+03 
2898950000 8.275325e+03 
2901100000 8.268375e+03 
2903250000 8.266450e+03 
2905400000 8.281500e+03 
2907550000 8.278525e+03 
2909700000 8.261300e+03 
2911850000 8.260300e+03 
2914000000 8292 
2916150000 8.258775e+03 
2918300000 8.274650e+03 
2920450000 8.281675e+03 
2922600000 8.276250e+03 
2924750000 8.279550e+03 
2926900000 8.288100e+03 
2929050000 8.260775e+03 
2931200000 8.283800e+03 
2933350000 8.282500e+03 
2935500000 8.300675e+03 
2937650000 8.288525e+03 
2939800000 8.264375e+03 
2941950000 8.276450e+03 
2.944100e+09 8.262625e+03 
2946250000 8.250200e+03 
2948400000 8.262900e+03 
2950550000 8.274100e+03 
2952700000 8.275875e+03 
2954850000 8.277175e+03 
2957000000 8.276100e+03 
2959150000 8.297350e+03 
2961300000 8.276600e+03 
2963450000 8.284225e+03 
2965600000 8.279200e+03 
2967750000 8.274900e+03 
2969900000 8.296375e+03 
2972050000 8.270300e+03 
2974200000 8.263550e+03 
2976350000 8.264950e+03 
2978500000 8.277750e+03 
2980650000 8.284400e+03 
2982800000 8.286100e+03 
2984950000 8.279500e+03 
2987100000 8.306725e+03 
2989250000 8.275850e+03 
2991400000 8.269425e+03 
2993550000 8.259900e+03 
2995700000 8.277650e+03 
2997850000 8.273650e+03 
3000000000 8.291850e+03 

END
