IGOR
WAVES/D/O sweep,sig(1) 
BEGIN
2570000000 8.253725e+03 
2.572150e+09 8.241975e+03 
2574300000 8.247150e+03 
2576450000 8.255300e+03 
2578600000 8.236300e+03 
2.580750e+09 8.251425e+03 
2582900000 8.257300e+03 
2585050000 8.235850e+03 
2.587200e+09 8.247625e+03 
2589350000 8.247300e+03 
2591500000 8.252700e+03 
2593650000 8.247475e+03 
2.595800e+09 8.228550e+03 
2597950000 8.242600e+03 
2600100000 8.256125e+03 
2.602250e+09 8.249150e+03 
2604400000 8.214975e+03 
2606550000 8.256500e+03 
2608700000 8.244575e+03 
2.610850e+09 8.256375e+03 
2613000000 8.257075e+03 
2615150000 8.255125e+03 
2.617300e+09 8.240800e+03 
2619450000 8.228700e+03 
2621600000 8.253300e+03 
2623750000 8.230875e+03 
2.625900e+09 8.241600e+03 
2628050000 8.220825e+03 
2630200000 8.199925e+03 
2.632350e+09 8211 
2634500000 8.210100e+03 
2636650000 8.225750e+03 
2638800000 8.234100e+03 
2.640950e+09 8.249100e+03 
2643100000 8.245750e+03 
2645250000 8.251375e+03 
2.647400e+09 8.250125e+03 
2649550000 8.229200e+03 
2651700000 8.248775e+03 
2653850000 8.238950e+03 
2.656000e+09 8.247575e+03 
2658150000 8.243100e+03 
2660300000 8.232325e+03 
2.662450e+09 8.210875e+03 
2664600000 8.188750e+03 
2666750000 8.182425e+03 
2668900000 8.192525e+03 
2.671050e+09 8.178775e+03 
2673200000 8.148075e+03 
2675350000 8.188500e+03 
2677500000 8.217475e+03 
2679650000 8.216800e+03 
2681800000 8.251450e+03 
2683950000 8.233900e+03 
2.686100e+09 8.257700e+03 
2688250000 8.275975e+03 
2690400000 8.262325e+03 
2692550000 8.248775e+03 
2694700000 8.244250e+03 
2696850000 8.264025e+03 
2699000000 8.212575e+03 
2.701150e+09 8.171725e+03 
2703300000 8.163425e+03 
2705450000 8.177350e+03 
2707600000 8.180950e+03 
2.709750e+09 8.177850e+03 
2711900000 8.194050e+03 
2714050000 8.210575e+03 
2.716200e+09 8.210100e+03 
2718350000 8.248325e+03 
2720500000 8.245375e+03 
2722650000 8.229875e+03 
2724800000 8.238575e+03 
2726950000 8.234650e+03 
2729100000 8.246925e+03 
2.731250e+09 8.236975e+03 
2733400000 8.240775e+03 
2735550000 8.209800e+03 
2737700000 8.217300e+03 
2.739850e+09 8.201400e+03 
2742000000 8.200275e+03 
2744150000 8.198275e+03 
2.746300e+09 8.200575e+03 
2748450000 8.235375e+03 
2750600000 8.230350e+03 
2752750000 8.253825e+03 
2754900000 8.232350e+03 
2757050000 8.258175e+03 
2759200000 8.225175e+03 
2.761350e+09 8.220100e+03 
2763500000 8.241775e+03 
2765650000 8.223075e+03 
2767800000 8.230925e+03 
2.769950e+09 8.234825e+03 
2772100000 8.237775e+03 
2774250000 8.252250e+03 
2.776400e+09 8.246050e+03 
2778550000 8.250050e+03 
2780700000 8.247825e+03 
2782850000 8.226800e+03 
2785000000 8.260725e+03 
2787150000 8.228650e+03 
2789300000 8.226025e+03 
2791450000 8.232350e+03 
2793600000 8.262625e+03 
2795750000 8.249575e+03 
2797900000 8.250725e+03 
2.800050e+09 8.228600e+03 
2802200000 8217 
2804350000 8.244975e+03 
2806500000 8.223800e+03 
2808650000 8.226775e+03 
2810800000 8.224375e+03 
2812950000 8.230050e+03 
2815100000 8.240425e+03 
2817250000 8.241875e+03 
2819400000 8.215250e+03 
2821550000 8.220850e+03 
2823700000 8.224275e+03 
2825850000 8.223400e+03 
2828000000 8.238025e+03 
2.830150e+09 8.256700e+03 
2832300000 8.213225e+03 
2834450000 8.217300e+03 
2836600000 8.228475e+03 
2838750000 8.235950e+03 
2840900000 8.230875e+03 
2843050000 8.231400e+03 
2845200000 8.241775e+03 
2847350000 8.227300e+03 
2849500000 8.235500e+03 
2851650000 8.236225e+03 
2853800000 8.253625e+03 
2855950000 8.223175e+03 
2858100000 8.232825e+03 
2.860250e+09 8.230150e+03 
2862400000 8.228950e+03 
2864550000 8.224600e+03 
2866700000 8.218450e+03 
2868850000 8.233600e+03 
2871000000 8.237050e+03 
2873150000 8.235600e+03 
2875300000 8.210500e+03 
2877450000 8.220800e+03 
2879600000 8.216950e+03 
2881750000 8.248300e+03 
2883900000 8.236125e+03 
2886050000 8.232700e+03 
2888200000 8.245850e+03 
2.890350e+09 8.229525e+03 
2892500000 8.224975e+03 
2894650000 8.214250e+03 
2896800000 8.223750e+03 
2898950000 8.250450e+03 
2901100000 8.229950e+03 
2903250000 8249 
2905400000 8.224650e+03 
2907550000 8.223350e+03 
2909700000 8.230250e+03 
2911850000 8.217250e+03 
2914000000 8.220550e+03 
2916150000 8.230225e+03 
2918300000 8.224575e+03 
2920450000 8.208425e+03 
2922600000 8.239200e+03 
2924750000 8.242550e+03 
2926900000 8.219450e+03 
2929050000 8.238050e+03 
2931200000 8.225225e+03 
2933350000 8.216900e+03 
2935500000 8.215400e+03 
2937650000 8.243025e+03 
2939800000 8.210350e+03 
2941950000 8.235850e+03 
2.944100e+09 8.228825e+03 
2946250000 8.211350e+03 
2948400000 8203 
2950550000 8.238300e+03 
2952700000 8.235575e+03 
2954850000 8.247525e+03 
2957000000 8.225650e+03 
2959150000 8.233925e+03 
2961300000 8.238950e+03 
2963450000 8.198825e+03 
2965600000 8.220775e+03 
2967750000 8200 
2969900000 8.231475e+03 
2972050000 8.226125e+03 
2974200000 8.236075e+03 
2976350000 8.205525e+03 
2978500000 8.244550e+03 
2980650000 8.232475e+03 
2982800000 8.231325e+03 
2984950000 8.245875e+03 
2987100000 8.245750e+03 
2989250000 8.225050e+03 
2991400000 8.222125e+03 
2993550000 8.218400e+03 
2995700000 8.242675e+03 
2997850000 8.228775e+03 
3000000000 8.210375e+03 

END
