IGOR
WAVES/D/O sweep,sig(1) 
BEGIN
2570000000 8.353725e+03 
2.572150e+09 8.362925e+03 
2574300000 8.365200e+03 
2576450000 8.333900e+03 
2578600000 8.361175e+03 
2.580750e+09 8.370075e+03 
2582900000 8.391750e+03 
2585050000 8.394350e+03 
2.587200e+09 8.362200e+03 
2589350000 8.330625e+03 
2591500000 8355 
2593650000 8.363125e+03 
2.595800e+09 8.356200e+03 
2597950000 8.372675e+03 
2600100000 8.368825e+03 
2.602250e+09 8.372675e+03 
2604400000 8.364375e+03 
2606550000 8.354600e+03 
2608700000 8.357700e+03 
2.610850e+09 8.333500e+03 
2613000000 8.363425e+03 
2615150000 8344 
2.617300e+09 8.361400e+03 
2619450000 8.318900e+03 
2621600000 8.343800e+03 
2623750000 8.329625e+03 
2.625900e+09 8.330625e+03 
2628050000 8.320875e+03 
2630200000 8.346525e+03 
2.632350e+09 8.361200e+03 
2634500000 8.322900e+03 
2636650000 8.350850e+03 
2638800000 8.360450e+03 
2.640950e+09 8.353375e+03 
2643100000 8.357300e+03 
2645250000 8.350750e+03 
2.647400e+09 8.355550e+03 
2649550000 8.358225e+03 
2651700000 8.359975e+03 
2653850000 8.381275e+03 
2.656000e+09 8.330550e+03 
2658150000 8.335850e+03 
2660300000 8.356475e+03 
2.662450e+09 8340 
2664600000 8.317500e+03 
2666750000 8.295625e+03 
2668900000 8.279100e+03 
2.671050e+09 8.285775e+03 
2673200000 8.276875e+03 
2675350000 8.297550e+03 
2677500000 8.325225e+03 
2679650000 8.344525e+03 
2681800000 8335 
2683950000 8.353900e+03 
2.686100e+09 8.363950e+03 
2688250000 8.361300e+03 
2690400000 8.342500e+03 
2692550000 8.346775e+03 
2694700000 8.368350e+03 
2696850000 8.331500e+03 
2699000000 8.310825e+03 
2.701150e+09 8.301925e+03 
2703300000 8.301700e+03 
2705450000 8.303825e+03 
2707600000 8.311525e+03 
2.709750e+09 8.318625e+03 
2711900000 8.308350e+03 
2714050000 8.338875e+03 
2.716200e+09 8.355675e+03 
2718350000 8.331075e+03 
2720500000 8.360850e+03 
2722650000 8362 
2724800000 8.368400e+03 
2726950000 8.358625e+03 
2729100000 8.392025e+03 
2.731250e+09 8.356900e+03 
2733400000 8.327850e+03 
2735550000 8.309850e+03 
2737700000 8.305175e+03 
2.739850e+09 8.315225e+03 
2742000000 8.333125e+03 
2744150000 8.343825e+03 
2.746300e+09 8.322400e+03 
2748450000 8.328125e+03 
2750600000 8.349350e+03 
2752750000 8.341850e+03 
2754900000 8.370875e+03 
2757050000 8.352050e+03 
2759200000 8.370225e+03 
2.761350e+09 8.340600e+03 
2763500000 8.370075e+03 
2765650000 8.342825e+03 
2767800000 8.351875e+03 
2.769950e+09 8.347150e+03 
2772100000 8.364825e+03 
2774250000 8.364625e+03 
2.776400e+09 8.358450e+03 
2778550000 8.360775e+03 
2780700000 8.342025e+03 
2782850000 8.356750e+03 
2785000000 8.378450e+03 
2787150000 8.355475e+03 
2789300000 8.347850e+03 
2791450000 8.371625e+03 
2793600000 8.383750e+03 
2795750000 8.353500e+03 
2797900000 8.375325e+03 
2.800050e+09 8.355450e+03 
2802200000 8.343675e+03 
2804350000 8.359650e+03 
2806500000 8.345725e+03 
2808650000 8.376750e+03 
2810800000 8.371025e+03 
2812950000 8.361700e+03 
2815100000 8.383950e+03 
2817250000 8.359275e+03 
2819400000 8.369775e+03 
2821550000 8.351700e+03 
2823700000 8.361200e+03 
2825850000 8.357275e+03 
2828000000 8.370375e+03 
2.830150e+09 8.368350e+03 
2832300000 8.357475e+03 
2834450000 8.369350e+03 
2836600000 8.374975e+03 
2838750000 8.376875e+03 
2840900000 8.369850e+03 
2843050000 8.386800e+03 
2845200000 8.368575e+03 
2847350000 8.371225e+03 
2849500000 8.384900e+03 
2851650000 8.364425e+03 
2853800000 8.350575e+03 
2855950000 8.353225e+03 
2858100000 8.373050e+03 
2.860250e+09 8.375275e+03 
2862400000 8.341300e+03 
2864550000 8.350700e+03 
2866700000 8.354675e+03 
2868850000 8.374625e+03 
2871000000 8.371100e+03 
2873150000 8.374800e+03 
2875300000 8.347550e+03 
2877450000 8.349625e+03 
2879600000 8.357025e+03 
2881750000 8.351350e+03 
2883900000 8.373125e+03 
2886050000 8.346375e+03 
2888200000 8.324100e+03 
2.890350e+09 8.342750e+03 
2892500000 8.333200e+03 
2894650000 8.333950e+03 
2896800000 8.336025e+03 
2898950000 8.342800e+03 
2901100000 8.369600e+03 
2903250000 8.330300e+03 
2905400000 8.350900e+03 
2907550000 8.372375e+03 
2909700000 8.376925e+03 
2911850000 8.348375e+03 
2914000000 8.343875e+03 
2916150000 8.352400e+03 
2918300000 8.343900e+03 
2920450000 8.336100e+03 
2922600000 8.364650e+03 
2924750000 8.374950e+03 
2926900000 8.366400e+03 
2929050000 8.353425e+03 
2931200000 8.361575e+03 
2933350000 8.390875e+03 
2935500000 8.381325e+03 
2937650000 8.351350e+03 
2939800000 8.389575e+03 
2941950000 8.370800e+03 
2.944100e+09 8.378700e+03 
2946250000 8.339050e+03 
2948400000 8.352425e+03 
2950550000 8.351825e+03 
2952700000 8.372650e+03 
2954850000 8.353575e+03 
2957000000 8.378800e+03 
2959150000 8.357350e+03 
2961300000 8.369825e+03 
2963450000 8.356375e+03 
2965600000 8.366775e+03 
2967750000 8.344875e+03 
2969900000 8.376100e+03 
2972050000 8.396625e+03 
2974200000 8.358825e+03 
2976350000 8.343675e+03 
2978500000 8.367300e+03 
2980650000 8.363625e+03 
2982800000 8.355850e+03 
2984950000 8.357300e+03 
2987100000 8.371125e+03 
2989250000 8.347200e+03 
2991400000 8.364925e+03 
2993550000 8.355625e+03 
2995700000 8.380900e+03 
2997850000 8.364050e+03 
3000000000 8.361250e+03 

END
