IGOR
WAVES/D/O sweep,sig(1) 
BEGIN
2570000000 8.352900e+03 
2.572150e+09 8.352275e+03 
2574300000 8.353500e+03 
2576450000 8.359875e+03 
2578600000 8.330825e+03 
2.580750e+09 8.364300e+03 
2582900000 8.361050e+03 
2585050000 8.363675e+03 
2.587200e+09 8.350150e+03 
2589350000 8.340800e+03 
2591500000 8.374350e+03 
2593650000 8.364400e+03 
2.595800e+09 8.348525e+03 
2597950000 8.326325e+03 
2600100000 8.359125e+03 
2.602250e+09 8.355125e+03 
2604400000 8.363550e+03 
2606550000 8.346375e+03 
2608700000 8.377075e+03 
2.610850e+09 8.359600e+03 
2613000000 8.369800e+03 
2615150000 8.364300e+03 
2.617300e+09 8.355850e+03 
2619450000 8.354525e+03 
2621600000 8.349600e+03 
2623750000 8.324875e+03 
2.625900e+09 8.344700e+03 
2628050000 8.312100e+03 
2630200000 8.299525e+03 
2.632350e+09 8.310150e+03 
2634500000 8.322750e+03 
2636650000 8.331375e+03 
2638800000 8.337200e+03 
2.640950e+09 8.335700e+03 
2643100000 8.324750e+03 
2645250000 8.341250e+03 
2.647400e+09 8.359875e+03 
2649550000 8.349850e+03 
2651700000 8.368925e+03 
2653850000 8.331225e+03 
2.656000e+09 8.375400e+03 
2658150000 8.360100e+03 
2660300000 8.319325e+03 
2.662450e+09 8.319500e+03 
2664600000 8.297250e+03 
2666750000 8.278375e+03 
2668900000 8.270450e+03 
2.671050e+09 8.284525e+03 
2673200000 8.302100e+03 
2675350000 8.350500e+03 
2677500000 8.307075e+03 
2679650000 8.345450e+03 
2681800000 8.347175e+03 
2683950000 8.348750e+03 
2.686100e+09 8.356400e+03 
2688250000 8.365675e+03 
2690400000 8.353425e+03 
2692550000 8.332725e+03 
2694700000 8.347475e+03 
2696850000 8.340900e+03 
2699000000 8.311575e+03 
2.701150e+09 8.282275e+03 
2703300000 8.291250e+03 
2705450000 8.292475e+03 
2707600000 8.307300e+03 
2.709750e+09 8.311075e+03 
2711900000 8.302525e+03 
2714050000 8.336025e+03 
2.716200e+09 8346 
2718350000 8.332750e+03 
2720500000 8.382725e+03 
2722650000 8.363675e+03 
2724800000 8363 
2726950000 8.382725e+03 
2729100000 8.359975e+03 
2.731250e+09 8.334625e+03 
2733400000 8.348400e+03 
2735550000 8.327275e+03 
2737700000 8.326175e+03 
2.739850e+09 8.331550e+03 
2742000000 8339 
2744150000 8.326925e+03 
2.746300e+09 8.318925e+03 
2748450000 8.337425e+03 
2750600000 8.361275e+03 
2752750000 8.353300e+03 
2754900000 8.349125e+03 
2757050000 8.348625e+03 
2759200000 8.359050e+03 
2.761350e+09 8347 
2763500000 8.363600e+03 
2765650000 8.396125e+03 
2767800000 8.362075e+03 
2.769950e+09 8.379525e+03 
2772100000 8.360375e+03 
2774250000 8.356475e+03 
2.776400e+09 8.366875e+03 
2778550000 8.372425e+03 
2780700000 8.369450e+03 
2782850000 8.387525e+03 
2785000000 8.351375e+03 
2787150000 8.351425e+03 
2789300000 8.359700e+03 
2791450000 8.363100e+03 
2793600000 8.346225e+03 
2795750000 8.338475e+03 
2797900000 8.353150e+03 
2.800050e+09 8.358575e+03 
2802200000 8.367100e+03 
2804350000 8.365950e+03 
2806500000 8.358425e+03 
2808650000 8.330750e+03 
2810800000 8.369325e+03 
2812950000 8.355250e+03 
2815100000 8.372925e+03 
2817250000 8.355950e+03 
2819400000 8.359925e+03 
2821550000 8.366350e+03 
2823700000 8.355025e+03 
2825850000 8.345050e+03 
2828000000 8.376050e+03 
2.830150e+09 8372 
2832300000 8.375975e+03 
2834450000 8.348125e+03 
2836600000 8.351500e+03 
2838750000 8.358925e+03 
2840900000 8.350650e+03 
2843050000 8.370400e+03 
2845200000 8.357125e+03 
2847350000 8.381575e+03 
2849500000 8.391475e+03 
2851650000 8.365400e+03 
2853800000 8.366425e+03 
2855950000 8.397725e+03 
2858100000 8.381050e+03 
2.860250e+09 8.371900e+03 
2862400000 8.373975e+03 
2864550000 8.359225e+03 
2866700000 8.371850e+03 
2868850000 8.373825e+03 
2871000000 8.370825e+03 
2873150000 8.370600e+03 
2875300000 8.355350e+03 
2877450000 8.376550e+03 
2879600000 8.357450e+03 
2881750000 8.385525e+03 
2883900000 8.380650e+03 
2886050000 8.338350e+03 
2888200000 8.360400e+03 
2.890350e+09 8.327500e+03 
2892500000 8.373800e+03 
2894650000 8.376950e+03 
2896800000 8.363400e+03 
2898950000 8.370425e+03 
2901100000 8.365250e+03 
2903250000 8.355625e+03 
2905400000 8.360325e+03 
2907550000 8.359675e+03 
2909700000 8.366825e+03 
2911850000 8.378525e+03 
2914000000 8.371750e+03 
2916150000 8.384050e+03 
2918300000 8.394025e+03 
2920450000 8.395775e+03 
2922600000 8.356550e+03 
2924750000 8.385175e+03 
2926900000 8.365525e+03 
2929050000 8.379700e+03 
2931200000 8.349800e+03 
2933350000 8.368650e+03 
2935500000 8.365625e+03 
2937650000 8.385050e+03 
2939800000 8.369500e+03 
2941950000 8.369700e+03 
2.944100e+09 8.377400e+03 
2946250000 8.373950e+03 
2948400000 8.373125e+03 
2950550000 8.363650e+03 
2952700000 8.337875e+03 
2954850000 8.390300e+03 
2957000000 8.381400e+03 
2959150000 8.375850e+03 
2961300000 8.372400e+03 
2963450000 8.379925e+03 
2965600000 8.374900e+03 
2967750000 8.367050e+03 
2969900000 8.376775e+03 
2972050000 8.360425e+03 
2974200000 8.368400e+03 
2976350000 8.394025e+03 
2978500000 8.385575e+03 
2980650000 8.382875e+03 
2982800000 8.375025e+03 
2984950000 8.381425e+03 
2987100000 8.380125e+03 
2989250000 8.361050e+03 
2991400000 8.371950e+03 
2993550000 8.369425e+03 
2995700000 8.354800e+03 
2997850000 8.383425e+03 
3000000000 8.368975e+03 

END
