IGOR
WAVES/D/O sweep,sig(1) 
BEGIN
2570000000 8.266050e+03 
2.572150e+09 8.273325e+03 
2574300000 8.289100e+03 
2576450000 8284 
2578600000 8.285800e+03 
2.580750e+09 8.284750e+03 
2582900000 8.265625e+03 
2585050000 8.278250e+03 
2.587200e+09 8.264625e+03 
2589350000 8.261700e+03 
2591500000 8.259400e+03 
2593650000 8.274025e+03 
2.595800e+09 8.272375e+03 
2597950000 8.282575e+03 
2600100000 8.286925e+03 
2.602250e+09 8.273200e+03 
2604400000 8.262525e+03 
2606550000 8.247950e+03 
2608700000 8.267175e+03 
2.610850e+09 8.279375e+03 
2613000000 8.279950e+03 
2615150000 8.249900e+03 
2.617300e+09 8.266225e+03 
2619450000 8.257800e+03 
2621600000 8.265550e+03 
2623750000 8.243200e+03 
2.625900e+09 8.251825e+03 
2628050000 8.217175e+03 
2630200000 8.236475e+03 
2.632350e+09 8.228675e+03 
2634500000 8.225625e+03 
2636650000 8.239275e+03 
2638800000 8.238725e+03 
2.640950e+09 8.259450e+03 
2643100000 8.253550e+03 
2645250000 8.251125e+03 
2.647400e+09 8.267475e+03 
2649550000 8.275200e+03 
2651700000 8.297025e+03 
2653850000 8.295575e+03 
2.656000e+09 8.259750e+03 
2658150000 8.254775e+03 
2660300000 8.243125e+03 
2.662450e+09 8.249300e+03 
2664600000 8.215650e+03 
2666750000 8.202825e+03 
2668900000 8.210025e+03 
2.671050e+09 8.198600e+03 
2673200000 8.210475e+03 
2675350000 8.231550e+03 
2677500000 8.237675e+03 
2679650000 8.252175e+03 
2681800000 8.240300e+03 
2683950000 8.267150e+03 
2.686100e+09 8.265250e+03 
2688250000 8.254225e+03 
2690400000 8.261100e+03 
2692550000 8.255150e+03 
2694700000 8.263950e+03 
2696850000 8.236200e+03 
2699000000 8.225175e+03 
2.701150e+09 8.218900e+03 
2703300000 8.218550e+03 
2705450000 8.183025e+03 
2707600000 8.200425e+03 
2.709750e+09 8.206350e+03 
2711900000 8.246700e+03 
2714050000 8.238850e+03 
2.716200e+09 8.257650e+03 
2718350000 8.269850e+03 
2720500000 8.244575e+03 
2722650000 8.288125e+03 
2724800000 8.272050e+03 
2726950000 8285 
2729100000 8.255575e+03 
2.731250e+09 8.258025e+03 
2733400000 8.259025e+03 
2735550000 8.262600e+03 
2737700000 8.237225e+03 
2.739850e+09 8.248675e+03 
2742000000 8.239025e+03 
2744150000 8.271125e+03 
2.746300e+09 8.252750e+03 
2748450000 8.238550e+03 
2750600000 8.271050e+03 
2752750000 8.270600e+03 
2754900000 8.288450e+03 
2757050000 8.257550e+03 
2759200000 8.258600e+03 
2.761350e+09 8.258725e+03 
2763500000 8.269550e+03 
2765650000 8.266125e+03 
2767800000 8.280425e+03 
2.769950e+09 8.270350e+03 
2772100000 8.252675e+03 
2774250000 8.299900e+03 
2.776400e+09 8283 
2778550000 8.263625e+03 
2780700000 8.274300e+03 
2782850000 8.264600e+03 
2785000000 8.262700e+03 
2787150000 8288 
2789300000 8.279725e+03 
2791450000 8.280050e+03 
2793600000 8.284425e+03 
2795750000 8.286925e+03 
2797900000 8.265325e+03 
2.800050e+09 8269 
2802200000 8.267825e+03 
2804350000 8.265975e+03 
2806500000 8.282650e+03 
2808650000 8.273725e+03 
2810800000 8.270275e+03 
2812950000 8.251125e+03 
2815100000 8.275075e+03 
2817250000 8.247150e+03 
2819400000 8.279850e+03 
2821550000 8.273700e+03 
2823700000 8.273800e+03 
2825850000 8.267125e+03 
2828000000 8.277475e+03 
2.830150e+09 8.272175e+03 
2832300000 8.272900e+03 
2834450000 8.274575e+03 
2836600000 8.266275e+03 
2838750000 8.266300e+03 
2840900000 8.268675e+03 
2843050000 8.260300e+03 
2845200000 8.281150e+03 
2847350000 8.251325e+03 
2849500000 8.250075e+03 
2851650000 8.265150e+03 
2853800000 8.282600e+03 
2855950000 8.249475e+03 
2858100000 8.265400e+03 
2.860250e+09 8.296275e+03 
2862400000 8.285200e+03 
2864550000 8.286525e+03 
2866700000 8.267925e+03 
2868850000 8.272075e+03 
2871000000 8.283550e+03 
2873150000 8.268300e+03 
2875300000 8.288400e+03 
2877450000 8.268050e+03 
2879600000 8.288800e+03 
2881750000 8.255050e+03 
2883900000 8.278700e+03 
2886050000 8.251025e+03 
2888200000 8.274475e+03 
2.890350e+09 8.275275e+03 
2892500000 8.267100e+03 
2894650000 8.262125e+03 
2896800000 8.259450e+03 
2898950000 8.268825e+03 
2901100000 8.265475e+03 
2903250000 8.276350e+03 
2905400000 8.254350e+03 
2907550000 8.264500e+03 
2909700000 8.276625e+03 
2911850000 8.260650e+03 
2914000000 8.268300e+03 
2916150000 8.272150e+03 
2918300000 8.286775e+03 
2920450000 8.265075e+03 
2922600000 8.286850e+03 
2924750000 8.272225e+03 
2926900000 8.287975e+03 
2929050000 8.285275e+03 
2931200000 8.279275e+03 
2933350000 8.259925e+03 
2935500000 8.253200e+03 
2937650000 8.261950e+03 
2939800000 8.276050e+03 
2941950000 8.275375e+03 
2.944100e+09 8.279175e+03 
2946250000 8.262250e+03 
2948400000 8.262600e+03 
2950550000 8.275050e+03 
2952700000 8.261275e+03 
2954850000 8.292825e+03 
2957000000 8.260825e+03 
2959150000 8.283475e+03 
2961300000 8.273100e+03 
2963450000 8.263475e+03 
2965600000 8.256200e+03 
2967750000 8.267750e+03 
2969900000 8.264325e+03 
2972050000 8.288025e+03 
2974200000 8.274125e+03 
2976350000 8.268100e+03 
2978500000 8.274300e+03 
2980650000 8.290075e+03 
2982800000 8.271850e+03 
2984950000 8.284250e+03 
2987100000 8.256375e+03 
2989250000 8.284100e+03 
2991400000 8.279875e+03 
2993550000 8.256725e+03 
2995700000 8.277300e+03 
2997850000 8.284200e+03 
3000000000 8.278475e+03 

END
