IGOR
WAVES/D/O sweep,sig(1) 
BEGIN
2570000000 8.236725e+03 
2.572150e+09 8.223250e+03 
2574300000 8.230800e+03 
2576450000 8.226375e+03 
2578600000 8.230550e+03 
2.580750e+09 8.227400e+03 
2582900000 8.201200e+03 
2585050000 8.224150e+03 
2.587200e+09 8.244950e+03 
2589350000 8.238500e+03 
2591500000 8.233775e+03 
2593650000 8.243575e+03 
2.595800e+09 8.229375e+03 
2597950000 8.231425e+03 
2600100000 8.211875e+03 
2.602250e+09 8.247725e+03 
2604400000 8.244950e+03 
2606550000 8.213450e+03 
2608700000 8.222050e+03 
2.610850e+09 8.226075e+03 
2613000000 8.242675e+03 
2615150000 8.235025e+03 
2.617300e+09 8.233925e+03 
2619450000 8.214450e+03 
2621600000 8.234400e+03 
2623750000 8.192975e+03 
2.625900e+09 8.181200e+03 
2628050000 8.189100e+03 
2630200000 8.210600e+03 
2.632350e+09 8.194250e+03 
2634500000 8.179700e+03 
2636650000 8.180775e+03 
2638800000 8.216850e+03 
2.640950e+09 8.209825e+03 
2643100000 8.229500e+03 
2645250000 8.232925e+03 
2.647400e+09 8.235975e+03 
2649550000 8.241850e+03 
2651700000 8.234350e+03 
2653850000 8.229500e+03 
2.656000e+09 8.231100e+03 
2658150000 8.249725e+03 
2660300000 8.233375e+03 
2.662450e+09 8.212525e+03 
2664600000 8.203075e+03 
2666750000 8.170175e+03 
2668900000 8.167625e+03 
2.671050e+09 8.138625e+03 
2673200000 8.181550e+03 
2675350000 8.195025e+03 
2677500000 8.185900e+03 
2679650000 8.212650e+03 
2681800000 8225 
2683950000 8.216325e+03 
2.686100e+09 8.249775e+03 
2688250000 8.224700e+03 
2690400000 8.242825e+03 
2692550000 8.217725e+03 
2694700000 8.226900e+03 
2696850000 8.190725e+03 
2699000000 8.190175e+03 
2.701150e+09 8.189675e+03 
2703300000 8173 
2705450000 8.184225e+03 
2707600000 8.192850e+03 
2.709750e+09 8.165300e+03 
2711900000 8.213375e+03 
2714050000 8.251900e+03 
2.716200e+09 8.222450e+03 
2718350000 8.241300e+03 
2720500000 8.228525e+03 
2722650000 8.228550e+03 
2724800000 8.240875e+03 
2726950000 8.251675e+03 
2729100000 8.257250e+03 
2.731250e+09 8.264700e+03 
2733400000 8.203750e+03 
2735550000 8.223700e+03 
2737700000 8.244500e+03 
2.739850e+09 8218 
2742000000 8.215100e+03 
2744150000 8.228375e+03 
2.746300e+09 8.205650e+03 
2748450000 8.216650e+03 
2750600000 8.231800e+03 
2752750000 8.235425e+03 
2754900000 8.261950e+03 
2757050000 8.257800e+03 
2759200000 8.227550e+03 
2.761350e+09 8269 
2763500000 8.274225e+03 
2765650000 8.243025e+03 
2767800000 8.247375e+03 
2.769950e+09 8.246625e+03 
2772100000 8.266025e+03 
2774250000 8.256125e+03 
2.776400e+09 8.247875e+03 
2778550000 8.253150e+03 
2780700000 8.263100e+03 
2782850000 8.261225e+03 
2785000000 8.245800e+03 
2787150000 8.276400e+03 
2789300000 8.275300e+03 
2791450000 8.241625e+03 
2793600000 8.221300e+03 
2795750000 8.240250e+03 
2797900000 8.275675e+03 
2.800050e+09 8.256625e+03 
2802200000 8.263375e+03 
2804350000 8.273475e+03 
2806500000 8.251875e+03 
2808650000 8.249700e+03 
2810800000 8.247625e+03 
2812950000 8.232700e+03 
2815100000 8.260875e+03 
2817250000 8.249025e+03 
2819400000 8.212575e+03 
2821550000 8.256125e+03 
2823700000 8.261575e+03 
2825850000 8.265775e+03 
2828000000 8.244125e+03 
2.830150e+09 8.274225e+03 
2832300000 8271 
2834450000 8.250125e+03 
2836600000 8.275050e+03 
2838750000 8.233825e+03 
2840900000 8.236250e+03 
2843050000 8.264050e+03 
2845200000 8.233400e+03 
2847350000 8.249825e+03 
2849500000 8.268275e+03 
2851650000 8.247175e+03 
2853800000 8.268600e+03 
2855950000 8.249950e+03 
2858100000 8.259475e+03 
2.860250e+09 8.239525e+03 
2862400000 8.273200e+03 
2864550000 8.251525e+03 
2866700000 8.270525e+03 
2868850000 8.255725e+03 
2871000000 8.254775e+03 
2873150000 8.264725e+03 
2875300000 8.262775e+03 
2877450000 8.265875e+03 
2879600000 8.249250e+03 
2881750000 8.263075e+03 
2883900000 8.275625e+03 
2886050000 8.258425e+03 
2888200000 8.257100e+03 
2.890350e+09 8.272650e+03 
2892500000 8.273175e+03 
2894650000 8.258225e+03 
2896800000 8.264525e+03 
2898950000 8.246950e+03 
2901100000 8.241550e+03 
2903250000 8.244225e+03 
2905400000 8.261025e+03 
2907550000 8.242750e+03 
2909700000 8.230325e+03 
2911850000 8.262700e+03 
2914000000 8.246550e+03 
2916150000 8235 
2918300000 8.249525e+03 
2920450000 8.271550e+03 
2922600000 8.254575e+03 
2924750000 8.234150e+03 
2926900000 8.241175e+03 
2929050000 8.273250e+03 
2931200000 8.280375e+03 
2933350000 8.265550e+03 
2935500000 8.277650e+03 
2937650000 8.255950e+03 
2939800000 8.292550e+03 
2941950000 8.253800e+03 
2.944100e+09 8.242025e+03 
2946250000 8.261600e+03 
2948400000 8.286150e+03 
2950550000 8.257150e+03 
2952700000 8.235650e+03 
2954850000 8.232650e+03 
2957000000 8.269525e+03 
2959150000 8.237950e+03 
2961300000 8.262350e+03 
2963450000 8.277125e+03 
2965600000 8.264650e+03 
2967750000 8.272925e+03 
2969900000 8.231850e+03 
2972050000 8.266725e+03 
2974200000 8.278600e+03 
2976350000 8.273525e+03 
2978500000 8.244825e+03 
2980650000 8.244475e+03 
2982800000 8.257550e+03 
2984950000 8.239775e+03 
2987100000 8.247550e+03 
2989250000 8.235575e+03 
2991400000 8.264125e+03 
2993550000 8.262700e+03 
2995700000 8.298675e+03 
2997850000 8.256450e+03 
3000000000 8.270275e+03 

END
