IGOR
WAVES/D/O sweep,sig(1) 
BEGIN
2570000000 8.272325e+03 
2.572150e+09 8.268600e+03 
2574300000 8.262600e+03 
2576450000 8.235125e+03 
2578600000 8.243125e+03 
2.580750e+09 8.233550e+03 
2582900000 8.262700e+03 
2585050000 8.264475e+03 
2.587200e+09 8.279175e+03 
2589350000 8.261625e+03 
2591500000 8.249125e+03 
2593650000 8.250650e+03 
2.595800e+09 8.259900e+03 
2597950000 8.266225e+03 
2600100000 8.254100e+03 
2.602250e+09 8.283450e+03 
2604400000 8.286100e+03 
2606550000 8.260975e+03 
2608700000 8.261675e+03 
2.610850e+09 8.262350e+03 
2613000000 8.255575e+03 
2615150000 8266 
2.617300e+09 8.257475e+03 
2619450000 8.246700e+03 
2621600000 8.231975e+03 
2623750000 8.254075e+03 
2.625900e+09 8.231250e+03 
2628050000 8.227150e+03 
2630200000 8.205775e+03 
2.632350e+09 8.217475e+03 
2634500000 8.201675e+03 
2636650000 8.231600e+03 
2638800000 8252 
2.640950e+09 8.260275e+03 
2643100000 8.244975e+03 
2645250000 8.253525e+03 
2.647400e+09 8.269150e+03 
2649550000 8.249125e+03 
2651700000 8.259100e+03 
2653850000 8.274725e+03 
2.656000e+09 8.287125e+03 
2658150000 8.259125e+03 
2660300000 8.246550e+03 
2.662450e+09 8.202875e+03 
2664600000 8.215450e+03 
2666750000 8.209375e+03 
2668900000 8.194775e+03 
2.671050e+09 8.202900e+03 
2673200000 8.231100e+03 
2675350000 8.239225e+03 
2677500000 8.231900e+03 
2679650000 8.228825e+03 
2681800000 8.261975e+03 
2683950000 8.271100e+03 
2.686100e+09 8.292625e+03 
2688250000 8.282275e+03 
2690400000 8.285350e+03 
2692550000 8.267800e+03 
2694700000 8.270300e+03 
2696850000 8.241950e+03 
2699000000 8.251575e+03 
2.701150e+09 8.208050e+03 
2703300000 8.216625e+03 
2705450000 8.217950e+03 
2707600000 8.218025e+03 
2.709750e+09 8.235625e+03 
2711900000 8.233900e+03 
2714050000 8.231800e+03 
2.716200e+09 8.242675e+03 
2718350000 8.255400e+03 
2720500000 8.259800e+03 
2722650000 8.273425e+03 
2724800000 8.259275e+03 
2726950000 8.291900e+03 
2729100000 8.259100e+03 
2.731250e+09 8.266850e+03 
2733400000 8.265675e+03 
2735550000 8.264550e+03 
2737700000 8.263975e+03 
2.739850e+09 8.252575e+03 
2742000000 8.257325e+03 
2744150000 8.237800e+03 
2.746300e+09 8.250750e+03 
2748450000 8.275775e+03 
2750600000 8.264350e+03 
2752750000 8.261650e+03 
2754900000 8.293050e+03 
2757050000 8.269725e+03 
2759200000 8.273550e+03 
2.761350e+09 8.306250e+03 
2763500000 8.277600e+03 
2765650000 8.294600e+03 
2767800000 8.282800e+03 
2.769950e+09 8.252800e+03 
2772100000 8.281575e+03 
2774250000 8.286900e+03 
2.776400e+09 8.278425e+03 
2778550000 8.254075e+03 
2780700000 8.277250e+03 
2782850000 8.272525e+03 
2785000000 8.281150e+03 
2787150000 8.250700e+03 
2789300000 8.277850e+03 
2791450000 8.283225e+03 
2793600000 8.276625e+03 
2795750000 8.302825e+03 
2797900000 8.262675e+03 
2.800050e+09 8.255525e+03 
2802200000 8.278525e+03 
2804350000 8296 
2806500000 8.272275e+03 
2808650000 8.291100e+03 
2810800000 8.253850e+03 
2812950000 8.265875e+03 
2815100000 8.284625e+03 
2817250000 8.263450e+03 
2819400000 8.272650e+03 
2821550000 8.285200e+03 
2823700000 8.275350e+03 
2825850000 8.280925e+03 
2828000000 8.277200e+03 
2.830150e+09 8.258350e+03 
2832300000 8.278750e+03 
2834450000 8.269500e+03 
2836600000 8.256750e+03 
2838750000 8.251700e+03 
2840900000 8.287625e+03 
2843050000 8.279975e+03 
2845200000 8.253900e+03 
2847350000 8.239825e+03 
2849500000 8.245675e+03 
2851650000 8.287350e+03 
2853800000 8.241075e+03 
2855950000 8.276950e+03 
2858100000 8.271175e+03 
2.860250e+09 8.263100e+03 
2862400000 8.272400e+03 
2864550000 8.251150e+03 
2866700000 8.270950e+03 
2868850000 8.279075e+03 
2871000000 8.243350e+03 
2873150000 8.250750e+03 
2875300000 8.276050e+03 
2877450000 8.258225e+03 
2879600000 8.249200e+03 
2881750000 8.287625e+03 
2883900000 8.271800e+03 
2886050000 8.281525e+03 
2888200000 8.252450e+03 
2.890350e+09 8.262375e+03 
2892500000 8.269375e+03 
2894650000 8.281300e+03 
2896800000 8.267400e+03 
2898950000 8.292675e+03 
2901100000 8.261550e+03 
2903250000 8.256800e+03 
2905400000 8.257925e+03 
2907550000 8.257775e+03 
2909700000 8.272100e+03 
2911850000 8.239375e+03 
2914000000 8.261875e+03 
2916150000 8.261875e+03 
2918300000 8.254300e+03 
2920450000 8.265975e+03 
2922600000 8.261375e+03 
2924750000 8.263525e+03 
2926900000 8.254400e+03 
2929050000 8.245650e+03 
2931200000 8.259075e+03 
2933350000 8.262050e+03 
2935500000 8.262800e+03 
2937650000 8.258750e+03 
2939800000 8.260650e+03 
2941950000 8.271500e+03 
2.944100e+09 8.273975e+03 
2946250000 8.259725e+03 
2948400000 8.275150e+03 
2950550000 8.237250e+03 
2952700000 8.276050e+03 
2954850000 8.253400e+03 
2957000000 8.242250e+03 
2959150000 8.256900e+03 
2961300000 8.271825e+03 
2963450000 8.269575e+03 
2965600000 8.278100e+03 
2967750000 8.251125e+03 
2969900000 8.268875e+03 
2972050000 8.256100e+03 
2974200000 8.257500e+03 
2976350000 8.256675e+03 
2978500000 8.238300e+03 
2980650000 8.254775e+03 
2982800000 8.253750e+03 
2984950000 8.269425e+03 
2987100000 8.270100e+03 
2989250000 8.245050e+03 
2991400000 8.278225e+03 
2993550000 8.245775e+03 
2995700000 8.249500e+03 
2997850000 8.257975e+03 
3000000000 8.260250e+03 

END
