IGOR
WAVES/D/O sweep,sig(1) 
BEGIN
2570000000 8.247825e+03 
2.572150e+09 8.256575e+03 
2574300000 8.245175e+03 
2576450000 8.275450e+03 
2578600000 8.259025e+03 
2.580750e+09 8.264950e+03 
2582900000 8.247850e+03 
2585050000 8.245325e+03 
2.587200e+09 8.247950e+03 
2589350000 8.237975e+03 
2591500000 8.248125e+03 
2593650000 8.258650e+03 
2.595800e+09 8.251100e+03 
2597950000 8.226775e+03 
2600100000 8.238325e+03 
2.602250e+09 8.248275e+03 
2604400000 8.238925e+03 
2606550000 8280 
2608700000 8.279400e+03 
2.610850e+09 8.257675e+03 
2613000000 8.239525e+03 
2615150000 8.254625e+03 
2.617300e+09 8.270100e+03 
2619450000 8.244750e+03 
2621600000 8.214900e+03 
2623750000 8.214800e+03 
2.625900e+09 8.224875e+03 
2628050000 8.216575e+03 
2630200000 8.186150e+03 
2.632350e+09 8.202850e+03 
2634500000 8.218800e+03 
2636650000 8.219225e+03 
2638800000 8.237475e+03 
2.640950e+09 8.239475e+03 
2643100000 8.246225e+03 
2645250000 8.260450e+03 
2.647400e+09 8.245300e+03 
2649550000 8.266550e+03 
2651700000 8.274050e+03 
2653850000 8.272350e+03 
2.656000e+09 8.231675e+03 
2658150000 8.241850e+03 
2660300000 8.268325e+03 
2.662450e+09 8248 
2664600000 8.230300e+03 
2666750000 8.200500e+03 
2668900000 8195 
2.671050e+09 8.176825e+03 
2673200000 8.190175e+03 
2675350000 8.182375e+03 
2677500000 8.215425e+03 
2679650000 8.236750e+03 
2681800000 8.245425e+03 
2683950000 8.240350e+03 
2.686100e+09 8.254750e+03 
2688250000 8.273100e+03 
2690400000 8.268600e+03 
2692550000 8.240300e+03 
2694700000 8.250950e+03 
2696850000 8.240750e+03 
2699000000 8.216475e+03 
2.701150e+09 8190 
2703300000 8.181375e+03 
2705450000 8.190775e+03 
2707600000 8.193175e+03 
2.709750e+09 8.200950e+03 
2711900000 8.213600e+03 
2714050000 8.213925e+03 
2.716200e+09 8.221900e+03 
2718350000 8.232900e+03 
2720500000 8.253925e+03 
2722650000 8.275250e+03 
2724800000 8.257450e+03 
2726950000 8.247825e+03 
2729100000 8.242250e+03 
2.731250e+09 8.279475e+03 
2733400000 8.257350e+03 
2735550000 8.236450e+03 
2737700000 8.236150e+03 
2.739850e+09 8.245600e+03 
2742000000 8.234125e+03 
2744150000 8.244700e+03 
2.746300e+09 8.245450e+03 
2748450000 8.251975e+03 
2750600000 8.244150e+03 
2752750000 8.265775e+03 
2754900000 8.245500e+03 
2757050000 8.251750e+03 
2759200000 8.240125e+03 
2.761350e+09 8.259625e+03 
2763500000 8.271900e+03 
2765650000 8.278100e+03 
2767800000 8.256400e+03 
2.769950e+09 8.266075e+03 
2772100000 8.261575e+03 
2774250000 8.261300e+03 
2.776400e+09 8.265575e+03 
2778550000 8.252275e+03 
2780700000 8.268700e+03 
2782850000 8.241475e+03 
2785000000 8.269775e+03 
2787150000 8.270350e+03 
2789300000 8.247225e+03 
2791450000 8.266875e+03 
2793600000 8.243825e+03 
2795750000 8.259675e+03 
2797900000 8.268500e+03 
2.800050e+09 8.274425e+03 
2802200000 8.283600e+03 
2804350000 8.263250e+03 
2806500000 8.254700e+03 
2808650000 8264 
2810800000 8.284650e+03 
2812950000 8.263200e+03 
2815100000 8.263800e+03 
2817250000 8.267450e+03 
2819400000 8.283300e+03 
2821550000 8.263900e+03 
2823700000 8.283175e+03 
2825850000 8.245075e+03 
2828000000 8.272225e+03 
2.830150e+09 8.278100e+03 
2832300000 8.256550e+03 
2834450000 8.260300e+03 
2836600000 8.278100e+03 
2838750000 8.289525e+03 
2840900000 8.255625e+03 
2843050000 8.251075e+03 
2845200000 8.275900e+03 
2847350000 8.272525e+03 
2849500000 8.252650e+03 
2851650000 8.280150e+03 
2853800000 8.272500e+03 
2855950000 8.297400e+03 
2858100000 8.287250e+03 
2.860250e+09 8.277500e+03 
2862400000 8.261825e+03 
2864550000 8.268800e+03 
2866700000 8.271625e+03 
2868850000 8.264975e+03 
2871000000 8.281150e+03 
2873150000 8.283400e+03 
2875300000 8.291075e+03 
2877450000 8.285525e+03 
2879600000 8.269450e+03 
2881750000 8.274175e+03 
2883900000 8.288950e+03 
2886050000 8.285050e+03 
2888200000 8.278025e+03 
2.890350e+09 8.285450e+03 
2892500000 8.291425e+03 
2894650000 8.294850e+03 
2896800000 8.279025e+03 
2898950000 8.295625e+03 
2901100000 8.282400e+03 
2903250000 8.263225e+03 
2905400000 8.277100e+03 
2907550000 8.259975e+03 
2909700000 8.280075e+03 
2911850000 8.277525e+03 
2914000000 8.277075e+03 
2916150000 8.304375e+03 
2918300000 8.279550e+03 
2920450000 8.277500e+03 
2922600000 8.296825e+03 
2924750000 8.269625e+03 
2926900000 8.275800e+03 
2929050000 8.288575e+03 
2931200000 8.286275e+03 
2933350000 8.299425e+03 
2935500000 8.287600e+03 
2937650000 8.280600e+03 
2939800000 8.272575e+03 
2941950000 8.275200e+03 
2.944100e+09 8.267300e+03 
2946250000 8.271075e+03 
2948400000 8.262825e+03 
2950550000 8.280725e+03 
2952700000 8.289175e+03 
2954850000 8.295525e+03 
2957000000 8.266600e+03 
2959150000 8.308350e+03 
2961300000 8.279400e+03 
2963450000 8.255075e+03 
2965600000 8.257875e+03 
2967750000 8.278775e+03 
2969900000 8.285850e+03 
2972050000 8.263050e+03 
2974200000 8.253350e+03 
2976350000 8.283650e+03 
2978500000 8.296225e+03 
2980650000 8.252350e+03 
2982800000 8.273925e+03 
2984950000 8.273825e+03 
2987100000 8.277800e+03 
2989250000 8.264275e+03 
2991400000 8.260550e+03 
2993550000 8.267850e+03 
2995700000 8.262625e+03 
2997850000 8.261750e+03 
3000000000 8.266225e+03 

END
