IGOR
WAVES/D/O sweep,sig(1) 
BEGIN
2570000000 8.309650e+03 
2.572150e+09 8.303650e+03 
2574300000 8.311050e+03 
2576450000 8.301175e+03 
2578600000 8.305700e+03 
2.580750e+09 8.298600e+03 
2582900000 8.287325e+03 
2585050000 8.293675e+03 
2.587200e+09 8.295850e+03 
2589350000 8.297875e+03 
2591500000 8.285550e+03 
2593650000 8.305925e+03 
2.595800e+09 8.304975e+03 
2597950000 8.310500e+03 
2600100000 8.298525e+03 
2.602250e+09 8.286400e+03 
2604400000 8.276600e+03 
2606550000 8.280150e+03 
2608700000 8.277300e+03 
2.610850e+09 8.281175e+03 
2613000000 8.294375e+03 
2615150000 8.265500e+03 
2.617300e+09 8.272650e+03 
2619450000 8.277225e+03 
2621600000 8.279925e+03 
2623750000 8.280550e+03 
2.625900e+09 8.258050e+03 
2628050000 8.259950e+03 
2630200000 8.236525e+03 
2.632350e+09 8.247800e+03 
2634500000 8.257525e+03 
2636650000 8.260500e+03 
2638800000 8.257975e+03 
2.640950e+09 8.261400e+03 
2643100000 8.273800e+03 
2645250000 8.280375e+03 
2.647400e+09 8.282950e+03 
2649550000 8.276100e+03 
2651700000 8.281800e+03 
2653850000 8.291250e+03 
2.656000e+09 8.281400e+03 
2658150000 8.298325e+03 
2660300000 8.256875e+03 
2.662450e+09 8.245375e+03 
2664600000 8.235775e+03 
2666750000 8.213575e+03 
2668900000 8.213650e+03 
2.671050e+09 8.245500e+03 
2673200000 8.242525e+03 
2675350000 8.247075e+03 
2677500000 8.235700e+03 
2679650000 8.255400e+03 
2681800000 8.260075e+03 
2683950000 8.284475e+03 
2.686100e+09 8.289650e+03 
2688250000 8278 
2690400000 8.272100e+03 
2692550000 8.287650e+03 
2694700000 8.265175e+03 
2696850000 8.272500e+03 
2699000000 8.240125e+03 
2.701150e+09 8.236850e+03 
2703300000 8.208500e+03 
2705450000 8.215700e+03 
2707600000 8.232700e+03 
2.709750e+09 8.225750e+03 
2711900000 8.208800e+03 
2714050000 8.256975e+03 
2.716200e+09 8.268900e+03 
2718350000 8.279300e+03 
2720500000 8.293700e+03 
2722650000 8.313275e+03 
2724800000 8.289550e+03 
2726950000 8.278325e+03 
2729100000 8.294200e+03 
2.731250e+09 8.285575e+03 
2733400000 8.266950e+03 
2735550000 8.265850e+03 
2737700000 8.278775e+03 
2.739850e+09 8246 
2742000000 8.258075e+03 
2744150000 8.262075e+03 
2.746300e+09 8.273975e+03 
2748450000 8.259575e+03 
2750600000 8.282200e+03 
2752750000 8.269125e+03 
2754900000 8.284500e+03 
2757050000 8.287100e+03 
2759200000 8.278550e+03 
2.761350e+09 8.281850e+03 
2763500000 8.300650e+03 
2765650000 8.288250e+03 
2767800000 8.288700e+03 
2.769950e+09 8.274900e+03 
2772100000 8.294975e+03 
2774250000 8.285650e+03 
2.776400e+09 8.287400e+03 
2778550000 8295 
2780700000 8.272650e+03 
2782850000 8.283275e+03 
2785000000 8.293550e+03 
2787150000 8.287225e+03 
2789300000 8.285550e+03 
2791450000 8.290225e+03 
2793600000 8.292925e+03 
2795750000 8.297600e+03 
2797900000 8.294075e+03 
2.800050e+09 8.294875e+03 
2802200000 8.289900e+03 
2804350000 8.294200e+03 
2806500000 8.307850e+03 
2808650000 8.296875e+03 
2810800000 8.274525e+03 
2812950000 8.295075e+03 
2815100000 8.294750e+03 
2817250000 8.316275e+03 
2819400000 8.301625e+03 
2821550000 8.290800e+03 
2823700000 8.302675e+03 
2825850000 8.282100e+03 
2828000000 8.305500e+03 
2.830150e+09 8.293700e+03 
2832300000 8.291900e+03 
2834450000 8.290325e+03 
2836600000 8.294625e+03 
2838750000 8.298400e+03 
2840900000 8.283975e+03 
2843050000 8.305625e+03 
2845200000 8.290250e+03 
2847350000 8.287900e+03 
2849500000 8.275325e+03 
2851650000 8.308275e+03 
2853800000 8.287550e+03 
2855950000 8.280550e+03 
2858100000 8.311350e+03 
2.860250e+09 8.307550e+03 
2862400000 8.291325e+03 
2864550000 8.297550e+03 
2866700000 8.278500e+03 
2868850000 8.303225e+03 
2871000000 8.271850e+03 
2873150000 8.309200e+03 
2875300000 8.288125e+03 
2877450000 8.285525e+03 
2879600000 8.321175e+03 
2881750000 8.288050e+03 
2883900000 8.281175e+03 
2886050000 8295 
2888200000 8.290525e+03 
2.890350e+09 8.271175e+03 
2892500000 8.293350e+03 
2894650000 8.301450e+03 
2896800000 8.279600e+03 
2898950000 8289 
2901100000 8.277425e+03 
2903250000 8.252025e+03 
2905400000 8.292925e+03 
2907550000 8.301825e+03 
2909700000 8.282225e+03 
2911850000 8.296025e+03 
2914000000 8.289925e+03 
2916150000 8.318025e+03 
2918300000 8.279850e+03 
2920450000 8.312500e+03 
2922600000 8.282025e+03 
2924750000 8.289925e+03 
2926900000 8.267900e+03 
2929050000 8.283800e+03 
2931200000 8.286350e+03 
2933350000 8.289975e+03 
2935500000 8.276175e+03 
2937650000 8.278825e+03 
2939800000 8.262250e+03 
2941950000 8.299225e+03 
2.944100e+09 8.291350e+03 
2946250000 8.285400e+03 
2948400000 8.299500e+03 
2950550000 8.281150e+03 
2952700000 8.282575e+03 
2954850000 8.304225e+03 
2957000000 8.274225e+03 
2959150000 8.284175e+03 
2961300000 8.297925e+03 
2963450000 8.290075e+03 
2965600000 8.284950e+03 
2967750000 8.283500e+03 
2969900000 8.264875e+03 
2972050000 8.266275e+03 
2974200000 8.295825e+03 
2976350000 8.292425e+03 
2978500000 8.271200e+03 
2980650000 8.285575e+03 
2982800000 8.287900e+03 
2984950000 8.301775e+03 
2987100000 8.285350e+03 
2989250000 8.287275e+03 
2991400000 8.313725e+03 
2993550000 8.305950e+03 
2995700000 8.284425e+03 
2997850000 8.298475e+03 
3000000000 8.288725e+03 

END
