IGOR
WAVES/D/O sweep,sig(1) 
BEGIN
2570000000 8.400775e+03 
2.572150e+09 8.379575e+03 
2574300000 8.396575e+03 
2576450000 8.392900e+03 
2578600000 8.417050e+03 
2.580750e+09 8.407775e+03 
2582900000 8.426800e+03 
2585050000 8.414600e+03 
2.587200e+09 8.410700e+03 
2589350000 8.425725e+03 
2591500000 8.391850e+03 
2593650000 8.406900e+03 
2.595800e+09 8.382650e+03 
2597950000 8.409225e+03 
2600100000 8.398675e+03 
2.602250e+09 8.376400e+03 
2604400000 8.393225e+03 
2606550000 8.414975e+03 
2608700000 8.425025e+03 
2.610850e+09 8.399075e+03 
2613000000 8.391400e+03 
2615150000 8.403575e+03 
2.617300e+09 8.405350e+03 
2619450000 8.402625e+03 
2621600000 8.402750e+03 
2623750000 8.396800e+03 
2.625900e+09 8.386825e+03 
2628050000 8.368775e+03 
2630200000 8.363650e+03 
2.632350e+09 8.383925e+03 
2634500000 8.361225e+03 
2636650000 8.366800e+03 
2638800000 8.344100e+03 
2.640950e+09 8.370175e+03 
2643100000 8.400550e+03 
2645250000 8.389750e+03 
2.647400e+09 8.396925e+03 
2649550000 8.393350e+03 
2651700000 8.403775e+03 
2653850000 8.421575e+03 
2.656000e+09 8.396975e+03 
2658150000 8.386275e+03 
2660300000 8.378525e+03 
2.662450e+09 8.350825e+03 
2664600000 8.354975e+03 
2666750000 8.339775e+03 
2668900000 8.332575e+03 
2.671050e+09 8.328750e+03 
2673200000 8.336925e+03 
2675350000 8.341125e+03 
2677500000 8.369725e+03 
2679650000 8.360975e+03 
2681800000 8.397850e+03 
2683950000 8.412600e+03 
2.686100e+09 8416 
2688250000 8.401425e+03 
2690400000 8.412250e+03 
2692550000 8.386825e+03 
2694700000 8.412875e+03 
2696850000 8.374450e+03 
2699000000 8.380725e+03 
2.701150e+09 8.357025e+03 
2703300000 8.347625e+03 
2705450000 8.329025e+03 
2707600000 8338 
2.709750e+09 8.361050e+03 
2711900000 8370 
2714050000 8.359500e+03 
2.716200e+09 8.406275e+03 
2718350000 8.406550e+03 
2720500000 8.393275e+03 
2722650000 8.398125e+03 
2724800000 8.416125e+03 
2726950000 8.410575e+03 
2729100000 8.388450e+03 
2.731250e+09 8.413350e+03 
2733400000 8.384450e+03 
2735550000 8.394525e+03 
2737700000 8.393675e+03 
2.739850e+09 8.366125e+03 
2742000000 8.370050e+03 
2744150000 8.386350e+03 
2.746300e+09 8.372325e+03 
2748450000 8.399025e+03 
2750600000 8.392250e+03 
2752750000 8.377225e+03 
2754900000 8.397050e+03 
2757050000 8.377025e+03 
2759200000 8.406175e+03 
2.761350e+09 8.396525e+03 
2763500000 8.402850e+03 
2765650000 8.416075e+03 
2767800000 8.401650e+03 
2.769950e+09 8.421475e+03 
2772100000 8.402800e+03 
2774250000 8.408325e+03 
2.776400e+09 8.401950e+03 
2778550000 8394 
2780700000 8.398625e+03 
2782850000 8.419425e+03 
2785000000 8.403550e+03 
2787150000 8.415925e+03 
2789300000 8.402775e+03 
2791450000 8.398850e+03 
2793600000 8.379925e+03 
2795750000 8398 
2797900000 8.389200e+03 
2.800050e+09 8.397100e+03 
2802200000 8.377600e+03 
2804350000 8.420600e+03 
2806500000 8.417525e+03 
2808650000 8.394300e+03 
2810800000 8.419100e+03 
2812950000 8.399200e+03 
2815100000 8.399025e+03 
2817250000 8.396350e+03 
2819400000 8.395800e+03 
2821550000 8.384425e+03 
2823700000 8.389450e+03 
2825850000 8.417125e+03 
2828000000 8.398375e+03 
2.830150e+09 8.399150e+03 
2832300000 8.405150e+03 
2834450000 8.421400e+03 
2836600000 8.411300e+03 
2838750000 8.402675e+03 
2840900000 8408 
2843050000 8.402150e+03 
2845200000 8.402775e+03 
2847350000 8.415150e+03 
2849500000 8.412100e+03 
2851650000 8.405700e+03 
2853800000 8.427800e+03 
2855950000 8.411800e+03 
2858100000 8.430650e+03 
2.860250e+09 8.404575e+03 
2862400000 8.415900e+03 
2864550000 8.405950e+03 
2866700000 8.428750e+03 
2868850000 8.407825e+03 
2871000000 8.425200e+03 
2873150000 8.426225e+03 
2875300000 8.407150e+03 
2877450000 8.403750e+03 
2879600000 8.417325e+03 
2881750000 8.401850e+03 
2883900000 8.415050e+03 
2886050000 8.408850e+03 
2888200000 8.416250e+03 
2.890350e+09 8.384075e+03 
2892500000 8.404950e+03 
2894650000 8.409900e+03 
2896800000 8.394200e+03 
2898950000 8.411425e+03 
2901100000 8.419475e+03 
2903250000 8.402175e+03 
2905400000 8.393575e+03 
2907550000 8.413300e+03 
2909700000 8.397225e+03 
2911850000 8.414425e+03 
2914000000 8.409100e+03 
2916150000 8.398175e+03 
2918300000 8.411225e+03 
2920450000 8.421075e+03 
2922600000 8.428350e+03 
2924750000 8.395625e+03 
2926900000 8.423475e+03 
2929050000 8.423275e+03 
2931200000 8406 
2933350000 8.394450e+03 
2935500000 8.402825e+03 
2937650000 8.397200e+03 
2939800000 8.401225e+03 
2941950000 8.419850e+03 
2.944100e+09 8.407050e+03 
2946250000 8.420475e+03 
2948400000 8.398850e+03 
2950550000 8.402025e+03 
2952700000 8.408300e+03 
2954850000 8.420450e+03 
2957000000 8.407550e+03 
2959150000 8.401825e+03 
2961300000 8.395875e+03 
2963450000 8.398775e+03 
2965600000 8.400950e+03 
2967750000 8.423525e+03 
2969900000 8.390800e+03 
2972050000 8.422650e+03 
2974200000 8.400650e+03 
2976350000 8.392200e+03 
2978500000 8.396975e+03 
2980650000 8.408750e+03 
2982800000 8.403375e+03 
2984950000 8.425150e+03 
2987100000 8.418175e+03 
2989250000 8.398050e+03 
2991400000 8.405175e+03 
2993550000 8.385725e+03 
2995700000 8.392325e+03 
2997850000 8.391400e+03 
3000000000 8.406550e+03 

END
