IGOR
WAVES/D/O sweep,sig(1) 
BEGIN
2570000000 8.230325e+03 
2.572150e+09 8.269600e+03 
2574300000 8.236775e+03 
2576450000 8.222125e+03 
2578600000 8.263325e+03 
2.580750e+09 8.226775e+03 
2582900000 8.228200e+03 
2585050000 8.231975e+03 
2.587200e+09 8.217375e+03 
2589350000 8.231425e+03 
2591500000 8.225425e+03 
2593650000 8.233275e+03 
2.595800e+09 8.238550e+03 
2597950000 8.243775e+03 
2600100000 8.246275e+03 
2.602250e+09 8.238975e+03 
2604400000 8.221925e+03 
2606550000 8.222975e+03 
2608700000 8.222375e+03 
2.610850e+09 8.204125e+03 
2613000000 8.226500e+03 
2615150000 8.202525e+03 
2.617300e+09 8.209250e+03 
2619450000 8.215150e+03 
2621600000 8.220375e+03 
2623750000 8.189300e+03 
2.625900e+09 8.200275e+03 
2628050000 8182 
2630200000 8.182900e+03 
2.632350e+09 8.178300e+03 
2634500000 8.174225e+03 
2636650000 8.184625e+03 
2638800000 8.204600e+03 
2.640950e+09 8.209550e+03 
2643100000 8.210125e+03 
2645250000 8.206800e+03 
2.647400e+09 8.207425e+03 
2649550000 8.206575e+03 
2651700000 8.194125e+03 
2653850000 8.241700e+03 
2.656000e+09 8.194600e+03 
2658150000 8.189425e+03 
2660300000 8.191375e+03 
2.662450e+09 8.184175e+03 
2664600000 8.166625e+03 
2666750000 8.141950e+03 
2668900000 8.148750e+03 
2.671050e+09 8.154750e+03 
2673200000 8.146325e+03 
2675350000 8.142900e+03 
2677500000 8.188675e+03 
2679650000 8.219850e+03 
2681800000 8.198750e+03 
2683950000 8.199125e+03 
2.686100e+09 8.236800e+03 
2688250000 8.234875e+03 
2690400000 8.228600e+03 
2692550000 8.215925e+03 
2694700000 8.218400e+03 
2696850000 8.213925e+03 
2699000000 8.191200e+03 
2.701150e+09 8.171975e+03 
2703300000 8.160550e+03 
2705450000 8.155700e+03 
2707600000 8.162500e+03 
2.709750e+09 8.160225e+03 
2711900000 8.173425e+03 
2714050000 8.199550e+03 
2.716200e+09 8.202475e+03 
2718350000 8.210150e+03 
2720500000 8.236425e+03 
2722650000 8.208425e+03 
2724800000 8.246050e+03 
2726950000 8.221700e+03 
2729100000 8.220225e+03 
2.731250e+09 8.218375e+03 
2733400000 8.220425e+03 
2735550000 8.228450e+03 
2737700000 8.203875e+03 
2.739850e+09 8.184250e+03 
2742000000 8.208025e+03 
2744150000 8.175200e+03 
2.746300e+09 8.171900e+03 
2748450000 8.214900e+03 
2750600000 8.201900e+03 
2752750000 8.198175e+03 
2754900000 8.225875e+03 
2757050000 8.193525e+03 
2759200000 8.221300e+03 
2.761350e+09 8.226800e+03 
2763500000 8.220225e+03 
2765650000 8.217625e+03 
2767800000 8.213750e+03 
2.769950e+09 8.215725e+03 
2772100000 8.198625e+03 
2774250000 8.232500e+03 
2.776400e+09 8.243175e+03 
2778550000 8.226850e+03 
2780700000 8.244900e+03 
2782850000 8.225300e+03 
2785000000 8.238775e+03 
2787150000 8.241425e+03 
2789300000 8.216200e+03 
2791450000 8.240900e+03 
2793600000 8.241525e+03 
2795750000 8.230050e+03 
2797900000 8.216275e+03 
2.800050e+09 8.233775e+03 
2802200000 8.225425e+03 
2804350000 8.228150e+03 
2806500000 8.225825e+03 
2808650000 8.228050e+03 
2810800000 8.218950e+03 
2812950000 8.227600e+03 
2815100000 8.194475e+03 
2817250000 8.217950e+03 
2819400000 8.224825e+03 
2821550000 8.206975e+03 
2823700000 8.207900e+03 
2825850000 8.223350e+03 
2828000000 8.199550e+03 
2.830150e+09 8.215300e+03 
2832300000 8.228875e+03 
2834450000 8.238750e+03 
2836600000 8.199175e+03 
2838750000 8.219325e+03 
2840900000 8.234350e+03 
2843050000 8.221475e+03 
2845200000 8.211825e+03 
2847350000 8.227350e+03 
2849500000 8.213250e+03 
2851650000 8.213025e+03 
2853800000 8.198800e+03 
2855950000 8.167975e+03 
2858100000 8.220225e+03 
2.860250e+09 8.232750e+03 
2862400000 8.195775e+03 
2864550000 8.202575e+03 
2866700000 8.208400e+03 
2868850000 8.202900e+03 
2871000000 8.208625e+03 
2873150000 8.211250e+03 
2875300000 8.230950e+03 
2877450000 8.221075e+03 
2879600000 8.193350e+03 
2881750000 8.191700e+03 
2883900000 8.196400e+03 
2886050000 8.195425e+03 
2888200000 8.216750e+03 
2.890350e+09 8.214700e+03 
2892500000 8.200450e+03 
2894650000 8.203550e+03 
2896800000 8.215450e+03 
2898950000 8.207700e+03 
2901100000 8.181850e+03 
2903250000 8.189300e+03 
2905400000 8.183575e+03 
2907550000 8.219100e+03 
2909700000 8.189825e+03 
2911850000 8.206075e+03 
2914000000 8.195700e+03 
2916150000 8.216900e+03 
2918300000 8.210450e+03 
2920450000 8.159050e+03 
2922600000 8.180600e+03 
2924750000 8.208125e+03 
2926900000 8.186225e+03 
2929050000 8.199400e+03 
2931200000 8.186475e+03 
2933350000 8.178300e+03 
2935500000 8.171350e+03 
2937650000 8.188650e+03 
2939800000 8.192300e+03 
2941950000 8.210325e+03 
2.944100e+09 8.213600e+03 
2946250000 8.200025e+03 
2948400000 8.175325e+03 
2950550000 8.205325e+03 
2952700000 8.218950e+03 
2954850000 8.213700e+03 
2957000000 8.209675e+03 
2959150000 8.212375e+03 
2961300000 8.191625e+03 
2963450000 8.186725e+03 
2965600000 8.206650e+03 
2967750000 8.185425e+03 
2969900000 8.194200e+03 
2972050000 8.185350e+03 
2974200000 8.160975e+03 
2976350000 8181 
2978500000 8.180225e+03 
2980650000 8.167100e+03 
2982800000 8.213075e+03 
2984950000 8.193875e+03 
2987100000 8.186275e+03 
2989250000 8.187100e+03 
2991400000 8.183200e+03 
2993550000 8.198650e+03 
2995700000 8.182075e+03 
2997850000 8.177025e+03 
3000000000 8.174925e+03 

END
