IGOR
WAVES/D/O sweep,sig(1) 
BEGIN
2570000000 8.223100e+03 
2.572150e+09 8.212800e+03 
2574300000 8.221500e+03 
2576450000 8.193050e+03 
2578600000 8.199475e+03 
2.580750e+09 8.210275e+03 
2582900000 8.226300e+03 
2585050000 8.209225e+03 
2.587200e+09 8.190050e+03 
2589350000 8.217025e+03 
2591500000 8.192825e+03 
2593650000 8.202075e+03 
2.595800e+09 8.211175e+03 
2597950000 8.240750e+03 
2600100000 8.199675e+03 
2.602250e+09 8.228525e+03 
2604400000 8.226175e+03 
2606550000 8.231775e+03 
2608700000 8.233400e+03 
2.610850e+09 8.212200e+03 
2613000000 8.176400e+03 
2615150000 8.204250e+03 
2.617300e+09 8.205500e+03 
2619450000 8.217400e+03 
2621600000 8.202575e+03 
2623750000 8.192100e+03 
2.625900e+09 8.164125e+03 
2628050000 8.171575e+03 
2630200000 8.156675e+03 
2.632350e+09 8.169200e+03 
2634500000 8.152525e+03 
2636650000 8.182950e+03 
2638800000 8.183875e+03 
2.640950e+09 8.195100e+03 
2643100000 8.196225e+03 
2645250000 8.200200e+03 
2.647400e+09 8.206700e+03 
2649550000 8.196400e+03 
2651700000 8.190100e+03 
2653850000 8.222125e+03 
2.656000e+09 8.208250e+03 
2658150000 8.212175e+03 
2660300000 8.191875e+03 
2.662450e+09 8.149150e+03 
2664600000 8.172225e+03 
2666750000 8.151950e+03 
2668900000 8.153675e+03 
2.671050e+09 8.160600e+03 
2673200000 8.153675e+03 
2675350000 8.153375e+03 
2677500000 8.178375e+03 
2679650000 8.173550e+03 
2681800000 8.204800e+03 
2683950000 8.199550e+03 
2.686100e+09 8.213675e+03 
2688250000 8.218500e+03 
2690400000 8.229800e+03 
2692550000 8.210550e+03 
2694700000 8.230050e+03 
2696850000 8.187475e+03 
2699000000 8.174150e+03 
2.701150e+09 8.162825e+03 
2703300000 8.147500e+03 
2705450000 8.133500e+03 
2707600000 8.153625e+03 
2.709750e+09 8.147775e+03 
2711900000 8.182300e+03 
2714050000 8.155925e+03 
2.716200e+09 8.191525e+03 
2718350000 8.208800e+03 
2720500000 8.213925e+03 
2722650000 8.191775e+03 
2724800000 8.213150e+03 
2726950000 8.186225e+03 
2729100000 8.197950e+03 
2.731250e+09 8.189550e+03 
2733400000 8.180575e+03 
2735550000 8.193150e+03 
2737700000 8.189925e+03 
2.739850e+09 8.155150e+03 
2742000000 8145 
2744150000 8.209700e+03 
2.746300e+09 8.188225e+03 
2748450000 8.169900e+03 
2750600000 8.206100e+03 
2752750000 8.214600e+03 
2754900000 8.218350e+03 
2757050000 8.230475e+03 
2759200000 8.194700e+03 
2.761350e+09 8.176825e+03 
2763500000 8.190550e+03 
2765650000 8.221600e+03 
2767800000 8.199075e+03 
2.769950e+09 8.196300e+03 
2772100000 8.210025e+03 
2774250000 8.186200e+03 
2.776400e+09 8.195100e+03 
2778550000 8.208250e+03 
2780700000 8.200275e+03 
2782850000 8191 
2785000000 8.198400e+03 
2787150000 8.210975e+03 
2789300000 8.213525e+03 
2791450000 8.205775e+03 
2793600000 8.202600e+03 
2795750000 8.202400e+03 
2797900000 8.195150e+03 
2.800050e+09 8.204300e+03 
2802200000 8.239050e+03 
2804350000 8231 
2806500000 8.199150e+03 
2808650000 8.219875e+03 
2810800000 8.207125e+03 
2812950000 8.234575e+03 
2815100000 8.199950e+03 
2817250000 8.216225e+03 
2819400000 8.183400e+03 
2821550000 8.218125e+03 
2823700000 8.236925e+03 
2825850000 8.224300e+03 
2828000000 8.220550e+03 
2.830150e+09 8246 
2832300000 8.204125e+03 
2834450000 8.230875e+03 
2836600000 8.183825e+03 
2838750000 8.237825e+03 
2840900000 8.225625e+03 
2843050000 8.232300e+03 
2845200000 8.231850e+03 
2847350000 8.214925e+03 
2849500000 8.224150e+03 
2851650000 8.229650e+03 
2853800000 8.216050e+03 
2855950000 8.185450e+03 
2858100000 8.200850e+03 
2.860250e+09 8.217350e+03 
2862400000 8.227325e+03 
2864550000 8.232975e+03 
2866700000 8.226500e+03 
2868850000 8.210600e+03 
2871000000 8.201025e+03 
2873150000 8.224700e+03 
2875300000 8.212500e+03 
2877450000 8.224500e+03 
2879600000 8.234100e+03 
2881750000 8.194650e+03 
2883900000 8.231725e+03 
2886050000 8.209675e+03 
2888200000 8.226300e+03 
2.890350e+09 8.231700e+03 
2892500000 8.212825e+03 
2894650000 8.221600e+03 
2896800000 8.215125e+03 
2898950000 8.199675e+03 
2901100000 8.217200e+03 
2903250000 8.199175e+03 
2905400000 8.203725e+03 
2907550000 8.212175e+03 
2909700000 8.217775e+03 
2911850000 8.241700e+03 
2914000000 8.220450e+03 
2916150000 8.225225e+03 
2918300000 8.215350e+03 
2920450000 8.217775e+03 
2922600000 8.220375e+03 
2924750000 8.188700e+03 
2926900000 8.200725e+03 
2929050000 8.213875e+03 
2931200000 8.203875e+03 
2933350000 8.209800e+03 
2935500000 8.201875e+03 
2937650000 8.233275e+03 
2939800000 8.199425e+03 
2941950000 8.217475e+03 
2.944100e+09 8.193575e+03 
2946250000 8.207575e+03 
2948400000 8.249625e+03 
2950550000 8.207850e+03 
2952700000 8.201325e+03 
2954850000 8.228875e+03 
2957000000 8.215875e+03 
2959150000 8.194175e+03 
2961300000 8.204925e+03 
2963450000 8.218650e+03 
2965600000 8.219825e+03 
2967750000 8.203125e+03 
2969900000 8.210100e+03 
2972050000 8.188700e+03 
2974200000 8.198050e+03 
2976350000 8.201400e+03 
2978500000 8.216975e+03 
2980650000 8.197100e+03 
2982800000 8.217125e+03 
2984950000 8.210500e+03 
2987100000 8.186625e+03 
2989250000 8212 
2991400000 8.189975e+03 
2993550000 8.190950e+03 
2995700000 8.229225e+03 
2997850000 8.200300e+03 
3000000000 8.206475e+03 

END
