IGOR
WAVES/D/O sweep,sig(1) 
BEGIN
2570000000 8.166050e+03 
2.572150e+09 8.160125e+03 
2574300000 8.166625e+03 
2576450000 8.163425e+03 
2578600000 8.169325e+03 
2.580750e+09 8.193800e+03 
2582900000 8.147600e+03 
2585050000 8.186700e+03 
2.587200e+09 8.175825e+03 
2589350000 8.186450e+03 
2591500000 8.155500e+03 
2593650000 8.168050e+03 
2.595800e+09 8.171550e+03 
2597950000 8.169800e+03 
2600100000 8.173500e+03 
2.602250e+09 8.167275e+03 
2604400000 8.157650e+03 
2606550000 8.176100e+03 
2608700000 8.187125e+03 
2.610850e+09 8.178075e+03 
2613000000 8175 
2615150000 8.176700e+03 
2.617300e+09 8.153725e+03 
2619450000 8.182225e+03 
2621600000 8.152025e+03 
2623750000 8.131900e+03 
2.625900e+09 8.154950e+03 
2628050000 8.159925e+03 
2630200000 8.134200e+03 
2.632350e+09 8.116500e+03 
2634500000 8.147075e+03 
2636650000 8.138650e+03 
2638800000 8162 
2.640950e+09 8.150050e+03 
2643100000 8.154575e+03 
2645250000 8.172500e+03 
2.647400e+09 8.179125e+03 
2649550000 8.177275e+03 
2651700000 8.194300e+03 
2653850000 8.167100e+03 
2.656000e+09 8.178725e+03 
2658150000 8.166975e+03 
2660300000 8.148100e+03 
2.662450e+09 8.141400e+03 
2664600000 8.137200e+03 
2666750000 8.143350e+03 
2668900000 8.112100e+03 
2.671050e+09 8.115975e+03 
2673200000 8.121400e+03 
2675350000 8.124675e+03 
2677500000 8.147975e+03 
2679650000 8.157275e+03 
2681800000 8.156550e+03 
2683950000 8.159450e+03 
2.686100e+09 8.193025e+03 
2688250000 8.187375e+03 
2690400000 8.182300e+03 
2692550000 8.186100e+03 
2694700000 8.172875e+03 
2696850000 8.143550e+03 
2699000000 8.141325e+03 
2.701150e+09 8.118775e+03 
2703300000 8.121400e+03 
2705450000 8.120825e+03 
2707600000 8.120450e+03 
2.709750e+09 8.125950e+03 
2711900000 8.129575e+03 
2714050000 8.149650e+03 
2.716200e+09 8.165425e+03 
2718350000 8.174175e+03 
2720500000 8.179125e+03 
2722650000 8.203450e+03 
2724800000 8.177500e+03 
2726950000 8.193125e+03 
2729100000 8.179950e+03 
2.731250e+09 8.155450e+03 
2733400000 8.157450e+03 
2735550000 8.148050e+03 
2737700000 8.158975e+03 
2.739850e+09 8.147175e+03 
2742000000 8.156550e+03 
2744150000 8.155700e+03 
2.746300e+09 8.138500e+03 
2748450000 8.146950e+03 
2750600000 8.164600e+03 
2752750000 8.175600e+03 
2754900000 8.178125e+03 
2757050000 8.171700e+03 
2759200000 8.172150e+03 
2.761350e+09 8.194550e+03 
2763500000 8.178950e+03 
2765650000 8.184150e+03 
2767800000 8.197825e+03 
2.769950e+09 8.185975e+03 
2772100000 8.203325e+03 
2774250000 8.178700e+03 
2.776400e+09 8.184425e+03 
2778550000 8.218200e+03 
2780700000 8.186925e+03 
2782850000 8.176225e+03 
2785000000 8.187550e+03 
2787150000 8.190675e+03 
2789300000 8.193100e+03 
2791450000 8.179025e+03 
2793600000 8.178675e+03 
2795750000 8.184500e+03 
2797900000 8.166825e+03 
2.800050e+09 8.173675e+03 
2802200000 8.156525e+03 
2804350000 8.158700e+03 
2806500000 8.178475e+03 
2808650000 8.192450e+03 
2810800000 8.175225e+03 
2812950000 8.185150e+03 
2815100000 8.156350e+03 
2817250000 8.183225e+03 
2819400000 8.185900e+03 
2821550000 8.162675e+03 
2823700000 8.178925e+03 
2825850000 8.176525e+03 
2828000000 8.168125e+03 
2.830150e+09 8.170475e+03 
2832300000 8.160175e+03 
2834450000 8.169325e+03 
2836600000 8.172125e+03 
2838750000 8.165625e+03 
2840900000 8.169950e+03 
2843050000 8.162600e+03 
2845200000 8.178875e+03 
2847350000 8.178300e+03 
2849500000 8.170475e+03 
2851650000 8.157025e+03 
2853800000 8.190625e+03 
2855950000 8.192075e+03 
2858100000 8.167125e+03 
2.860250e+09 8.150175e+03 
2862400000 8.195650e+03 
2864550000 8.168400e+03 
2866700000 8190 
2868850000 8.164550e+03 
2871000000 8.193800e+03 
2873150000 8.176600e+03 
2875300000 8.181850e+03 
2877450000 8.178625e+03 
2879600000 8.186225e+03 
2881750000 8.173325e+03 
2883900000 8.189975e+03 
2886050000 8.174600e+03 
2888200000 8.180650e+03 
2.890350e+09 8.186300e+03 
2892500000 8.188450e+03 
2894650000 8203 
2896800000 8.180350e+03 
2898950000 8.183575e+03 
2901100000 8.149500e+03 
2903250000 8.200375e+03 
2905400000 8.174275e+03 
2907550000 8.181375e+03 
2909700000 8.168800e+03 
2911850000 8.165350e+03 
2914000000 8.171500e+03 
2916150000 8.145550e+03 
2918300000 8.146150e+03 
2920450000 8.177200e+03 
2922600000 8.175975e+03 
2924750000 8.163525e+03 
2926900000 8.171275e+03 
2929050000 8.187425e+03 
2931200000 8.169075e+03 
2933350000 8.180800e+03 
2935500000 8.178400e+03 
2937650000 8.167700e+03 
2939800000 8.173575e+03 
2941950000 8.172800e+03 
2.944100e+09 8.188575e+03 
2946250000 8.175425e+03 
2948400000 8.183425e+03 
2950550000 8.163525e+03 
2952700000 8.202450e+03 
2954850000 8.188850e+03 
2957000000 8.181150e+03 
2959150000 8.161875e+03 
2961300000 8.180075e+03 
2963450000 8.173950e+03 
2965600000 8.190850e+03 
2967750000 8.151875e+03 
2969900000 8.177950e+03 
2972050000 8.169300e+03 
2974200000 8.193050e+03 
2976350000 8.175025e+03 
2978500000 8.201575e+03 
2980650000 8.172350e+03 
2982800000 8.174100e+03 
2984950000 8.198875e+03 
2987100000 8.181175e+03 
2989250000 8.195350e+03 
2991400000 8.165750e+03 
2993550000 8.170975e+03 
2995700000 8.186350e+03 
2997850000 8.182650e+03 
3000000000 8.193450e+03 

END
