IGOR
WAVES/D/O sweep,sig(1) 
BEGIN
2570000000 8.138675e+03 
2.572150e+09 8.112925e+03 
2574300000 8.118625e+03 
2576450000 8.118850e+03 
2578600000 8.102025e+03 
2.580750e+09 8.114300e+03 
2582900000 8.102975e+03 
2585050000 8.101375e+03 
2.587200e+09 8.128100e+03 
2589350000 8.103700e+03 
2591500000 8.130225e+03 
2593650000 8.104400e+03 
2.595800e+09 8.112400e+03 
2597950000 8.140725e+03 
2600100000 8.138225e+03 
2.602250e+09 8.112800e+03 
2604400000 8.121900e+03 
2606550000 8.117425e+03 
2608700000 8.129275e+03 
2.610850e+09 8.131575e+03 
2613000000 8.141025e+03 
2615150000 8.130675e+03 
2.617300e+09 8.110975e+03 
2619450000 8.103075e+03 
2621600000 8.086975e+03 
2623750000 8.080225e+03 
2.625900e+09 8.078650e+03 
2628050000 8.076375e+03 
2630200000 8.075575e+03 
2.632350e+09 8.084150e+03 
2634500000 8.075500e+03 
2636650000 8.096375e+03 
2638800000 8.080900e+03 
2.640950e+09 8.083500e+03 
2643100000 8.122775e+03 
2645250000 8079 
2.647400e+09 8.126550e+03 
2649550000 8.107625e+03 
2651700000 8.115225e+03 
2653850000 8.127475e+03 
2.656000e+09 8.099475e+03 
2658150000 8.098775e+03 
2660300000 8.093900e+03 
2.662450e+09 8.084275e+03 
2664600000 8.075700e+03 
2666750000 8.057500e+03 
2668900000 8.058225e+03 
2.671050e+09 8.051875e+03 
2673200000 8.057650e+03 
2675350000 8066 
2677500000 8.078625e+03 
2679650000 8.101250e+03 
2681800000 8.112775e+03 
2683950000 8.105775e+03 
2.686100e+09 8.112600e+03 
2688250000 8.148350e+03 
2690400000 8.099025e+03 
2692550000 8.131350e+03 
2694700000 8.088200e+03 
2696850000 8.081400e+03 
2699000000 8.078700e+03 
2.701150e+09 8.065250e+03 
2703300000 8.040775e+03 
2705450000 8.055025e+03 
2707600000 8.036550e+03 
2.709750e+09 8.053650e+03 
2711900000 8.083400e+03 
2714050000 8.087400e+03 
2.716200e+09 8.101225e+03 
2718350000 8.096900e+03 
2720500000 8.099450e+03 
2722650000 8.126850e+03 
2724800000 8.112925e+03 
2726950000 8.102925e+03 
2729100000 8.114250e+03 
2.731250e+09 8107 
2733400000 8.097450e+03 
2735550000 8.085250e+03 
2737700000 8.079825e+03 
2.739850e+09 8.064500e+03 
2742000000 8.062250e+03 
2744150000 8.091500e+03 
2.746300e+09 8.075175e+03 
2748450000 8.084575e+03 
2750600000 8.084675e+03 
2752750000 8.086650e+03 
2754900000 8.086075e+03 
2757050000 8.111775e+03 
2759200000 8.114700e+03 
2.761350e+09 8.112200e+03 
2763500000 8.118925e+03 
2765650000 8.106625e+03 
2767800000 8.094225e+03 
2.769950e+09 8.101450e+03 
2772100000 8.120400e+03 
2774250000 8.110525e+03 
2.776400e+09 8.136775e+03 
2778550000 8.099550e+03 
2780700000 8.109325e+03 
2782850000 8.105200e+03 
2785000000 8.118125e+03 
2787150000 8.094375e+03 
2789300000 8.131075e+03 
2791450000 8.088325e+03 
2793600000 8.142300e+03 
2795750000 8.095075e+03 
2797900000 8.103675e+03 
2.800050e+09 8.108275e+03 
2802200000 8.101800e+03 
2804350000 8.073875e+03 
2806500000 8.113700e+03 
2808650000 8.074350e+03 
2810800000 8.083525e+03 
2812950000 8.119200e+03 
2815100000 8.097575e+03 
2817250000 8.103425e+03 
2819400000 8.090575e+03 
2821550000 8.117750e+03 
2823700000 8.087650e+03 
2825850000 8.103125e+03 
2828000000 8.117500e+03 
2.830150e+09 8.129075e+03 
2832300000 8.106550e+03 
2834450000 8.129625e+03 
2836600000 8.136050e+03 
2838750000 8.133025e+03 
2840900000 8.095725e+03 
2843050000 8.111275e+03 
2845200000 8.105800e+03 
2847350000 8.098250e+03 
2849500000 8.090175e+03 
2851650000 8.098400e+03 
2853800000 8.102725e+03 
2855950000 8.125925e+03 
2858100000 8.090350e+03 
2.860250e+09 8088 
2862400000 8.103700e+03 
2864550000 8.117475e+03 
2866700000 8.113400e+03 
2868850000 8.109350e+03 
2871000000 8.105025e+03 
2873150000 8.089525e+03 
2875300000 8.095325e+03 
2877450000 8.110850e+03 
2879600000 8.102400e+03 
2881750000 8.130275e+03 
2883900000 8.087500e+03 
2886050000 8.110825e+03 
2888200000 8.100225e+03 
2.890350e+09 8.121250e+03 
2892500000 8.105475e+03 
2894650000 8.098975e+03 
2896800000 8.086450e+03 
2898950000 8113 
2901100000 8.092050e+03 
2903250000 8.104750e+03 
2905400000 8.091050e+03 
2907550000 8.120625e+03 
2909700000 8.085350e+03 
2911850000 8.110600e+03 
2914000000 8.104450e+03 
2916150000 8.093800e+03 
2918300000 8.097725e+03 
2920450000 8.110950e+03 
2922600000 8.117500e+03 
2924750000 8.091875e+03 
2926900000 8.095450e+03 
2929050000 8.112875e+03 
2931200000 8.098200e+03 
2933350000 8.097275e+03 
2935500000 8.108400e+03 
2937650000 8.102675e+03 
2939800000 8.093350e+03 
2941950000 8.123750e+03 
2.944100e+09 8.100575e+03 
2946250000 8.110025e+03 
2948400000 8.101400e+03 
2950550000 8.127950e+03 
2952700000 8.108625e+03 
2954850000 8.104725e+03 
2957000000 8.102225e+03 
2959150000 8.086650e+03 
2961300000 8.106800e+03 
2963450000 8.108025e+03 
2965600000 8.085625e+03 
2967750000 8.108400e+03 
2969900000 8.107050e+03 
2972050000 8.105075e+03 
2974200000 8.084450e+03 
2976350000 8.080275e+03 
2978500000 8.111325e+03 
2980650000 8.114800e+03 
2982800000 8.138150e+03 
2984950000 8.092800e+03 
2987100000 8.115125e+03 
2989250000 8.099775e+03 
2991400000 8.094525e+03 
2993550000 8.094325e+03 
2995700000 8.105125e+03 
2997850000 8.093175e+03 
3000000000 8.089400e+03 

END
