IGOR
WAVES/D/O sweep,sig(1) 
BEGIN
2570000000 8.238750e+03 
2.572150e+09 8.241750e+03 
2574300000 8.222150e+03 
2576450000 8.247500e+03 
2578600000 8.215575e+03 
2.580750e+09 8.212050e+03 
2582900000 8.224100e+03 
2585050000 8.215500e+03 
2.587200e+09 8.209850e+03 
2589350000 8.217075e+03 
2591500000 8.246825e+03 
2593650000 8.226525e+03 
2.595800e+09 8.231975e+03 
2597950000 8.227650e+03 
2600100000 8.229800e+03 
2.602250e+09 8.228550e+03 
2604400000 8.250050e+03 
2606550000 8.219150e+03 
2608700000 8.248225e+03 
2.610850e+09 8.240550e+03 
2613000000 8.228550e+03 
2615150000 8.235075e+03 
2.617300e+09 8.247975e+03 
2619450000 8.258575e+03 
2621600000 8.201150e+03 
2623750000 8.205725e+03 
2.625900e+09 8.231425e+03 
2628050000 8.196875e+03 
2630200000 8.182100e+03 
2.632350e+09 8.209875e+03 
2634500000 8.184525e+03 
2636650000 8.191350e+03 
2638800000 8.215100e+03 
2.640950e+09 8.209275e+03 
2643100000 8.246575e+03 
2645250000 8.255225e+03 
2.647400e+09 8.242250e+03 
2649550000 8.247200e+03 
2651700000 8.246375e+03 
2653850000 8.241225e+03 
2.656000e+09 8.249625e+03 
2658150000 8.222525e+03 
2660300000 8.239725e+03 
2.662450e+09 8.219625e+03 
2664600000 8.183550e+03 
2666750000 8.194650e+03 
2668900000 8.156075e+03 
2.671050e+09 8.180025e+03 
2673200000 8.143625e+03 
2675350000 8.169275e+03 
2677500000 8.193125e+03 
2679650000 8.222900e+03 
2681800000 8.215700e+03 
2683950000 8.243275e+03 
2.686100e+09 8.236125e+03 
2688250000 8.245950e+03 
2690400000 8.238050e+03 
2692550000 8.243350e+03 
2694700000 8.235950e+03 
2696850000 8.227700e+03 
2699000000 8.208825e+03 
2.701150e+09 8.196175e+03 
2703300000 8.183625e+03 
2705450000 8.166450e+03 
2707600000 8.192300e+03 
2.709750e+09 8.194100e+03 
2711900000 8.193575e+03 
2714050000 8.238800e+03 
2.716200e+09 8.228975e+03 
2718350000 8.253825e+03 
2720500000 8.242625e+03 
2722650000 8.271100e+03 
2724800000 8.261875e+03 
2726950000 8.244775e+03 
2729100000 8.241050e+03 
2.731250e+09 8.253025e+03 
2733400000 8.242825e+03 
2735550000 8.232125e+03 
2737700000 8.234100e+03 
2.739850e+09 8.239425e+03 
2742000000 8.237650e+03 
2744150000 8224 
2.746300e+09 8.234850e+03 
2748450000 8.212275e+03 
2750600000 8.260600e+03 
2752750000 8.246500e+03 
2754900000 8.262875e+03 
2757050000 8.263250e+03 
2759200000 8.262500e+03 
2.761350e+09 8.264800e+03 
2763500000 8.281125e+03 
2765650000 8.258125e+03 
2767800000 8.259500e+03 
2.769950e+09 8.261900e+03 
2772100000 8.262750e+03 
2774250000 8.290500e+03 
2.776400e+09 8.274100e+03 
2778550000 8.267350e+03 
2780700000 8.250775e+03 
2782850000 8.257700e+03 
2785000000 8.275725e+03 
2787150000 8250 
2789300000 8.257925e+03 
2791450000 8243 
2793600000 8.265175e+03 
2795750000 8.222075e+03 
2797900000 8.247250e+03 
2.800050e+09 8.267400e+03 
2802200000 8.263975e+03 
2804350000 8.259375e+03 
2806500000 8.257825e+03 
2808650000 8.247075e+03 
2810800000 8.253175e+03 
2812950000 8.244600e+03 
2815100000 8.257225e+03 
2817250000 8.267250e+03 
2819400000 8.263950e+03 
2821550000 8.230400e+03 
2823700000 8.269600e+03 
2825850000 8.245250e+03 
2828000000 8.269525e+03 
2.830150e+09 8.263725e+03 
2832300000 8.252225e+03 
2834450000 8.271725e+03 
2836600000 8.263075e+03 
2838750000 8.264325e+03 
2840900000 8.271950e+03 
2843050000 8.237725e+03 
2845200000 8.234850e+03 
2847350000 8.254925e+03 
2849500000 8.261700e+03 
2851650000 8.261350e+03 
2853800000 8.260750e+03 
2855950000 8.272175e+03 
2858100000 8.257450e+03 
2.860250e+09 8.239875e+03 
2862400000 8.247800e+03 
2864550000 8.272450e+03 
2866700000 8.263350e+03 
2868850000 8.261275e+03 
2871000000 8.259300e+03 
2873150000 8.239775e+03 
2875300000 8.269100e+03 
2877450000 8.253775e+03 
2879600000 8.242625e+03 
2881750000 8250 
2883900000 8.261400e+03 
2886050000 8.262100e+03 
2888200000 8.240700e+03 
2.890350e+09 8.285925e+03 
2892500000 8.280825e+03 
2894650000 8.260300e+03 
2896800000 8.264075e+03 
2898950000 8.274725e+03 
2901100000 8.264725e+03 
2903250000 8.251675e+03 
2905400000 8.237700e+03 
2907550000 8.283275e+03 
2909700000 8.253775e+03 
2911850000 8.248425e+03 
2914000000 8.249175e+03 
2916150000 8.241250e+03 
2918300000 8.258300e+03 
2920450000 8.272900e+03 
2922600000 8.246850e+03 
2924750000 8.263175e+03 
2926900000 8.277600e+03 
2929050000 8.264675e+03 
2931200000 8.246250e+03 
2933350000 8.222825e+03 
2935500000 8.269400e+03 
2937650000 8.261600e+03 
2939800000 8.246500e+03 
2941950000 8.273275e+03 
2.944100e+09 8.245600e+03 
2946250000 8.257925e+03 
2948400000 8.242750e+03 
2950550000 8.253200e+03 
2952700000 8.260675e+03 
2954850000 8.263275e+03 
2957000000 8.269600e+03 
2959150000 8.277750e+03 
2961300000 8.270925e+03 
2963450000 8.231100e+03 
2965600000 8.263500e+03 
2967750000 8.245625e+03 
2969900000 8.272575e+03 
2972050000 8.271775e+03 
2974200000 8.258250e+03 
2976350000 8.231875e+03 
2978500000 8257 
2980650000 8.250425e+03 
2982800000 8.252525e+03 
2984950000 8.238075e+03 
2987100000 8.267825e+03 
2989250000 8.280600e+03 
2991400000 8267 
2993550000 8.251125e+03 
2995700000 8.285250e+03 
2997850000 8.261075e+03 
3000000000 8.262750e+03 

END
