IGOR
WAVES/D/O sweep,sig(1) 
BEGIN
2570000000 8.223725e+03 
2.572150e+09 8.232825e+03 
2574300000 8.236225e+03 
2576450000 8.257700e+03 
2578600000 8.229050e+03 
2.580750e+09 8.244200e+03 
2582900000 8.242575e+03 
2585050000 8.241625e+03 
2.587200e+09 8.252825e+03 
2589350000 8.232350e+03 
2591500000 8.255125e+03 
2593650000 8.247025e+03 
2.595800e+09 8.261675e+03 
2597950000 8.220475e+03 
2600100000 8.221700e+03 
2.602250e+09 8.244400e+03 
2604400000 8.270050e+03 
2606550000 8.244175e+03 
2608700000 8.216125e+03 
2.610850e+09 8.253725e+03 
2613000000 8.240675e+03 
2615150000 8.221600e+03 
2.617300e+09 8.214325e+03 
2619450000 8.207850e+03 
2621600000 8.199775e+03 
2623750000 8.214350e+03 
2.625900e+09 8.193350e+03 
2628050000 8.198550e+03 
2630200000 8.182075e+03 
2.632350e+09 8.178625e+03 
2634500000 8.199950e+03 
2636650000 8.183250e+03 
2638800000 8.207650e+03 
2.640950e+09 8.233075e+03 
2643100000 8.199900e+03 
2645250000 8.217175e+03 
2.647400e+09 8.235600e+03 
2649550000 8.209300e+03 
2651700000 8.232950e+03 
2653850000 8.221875e+03 
2.656000e+09 8.251750e+03 
2658150000 8.237100e+03 
2660300000 8.188225e+03 
2.662450e+09 8.195975e+03 
2664600000 8.173150e+03 
2666750000 8.179600e+03 
2668900000 8.158475e+03 
2.671050e+09 8.138675e+03 
2673200000 8.174250e+03 
2675350000 8160 
2677500000 8.187350e+03 
2679650000 8.182725e+03 
2681800000 8.229800e+03 
2683950000 8.233325e+03 
2.686100e+09 8.207400e+03 
2688250000 8.237050e+03 
2690400000 8.218075e+03 
2692550000 8.230575e+03 
2694700000 8.204800e+03 
2696850000 8.180300e+03 
2699000000 8.180475e+03 
2.701150e+09 8.169875e+03 
2703300000 8.193450e+03 
2705450000 8.155275e+03 
2707600000 8.160125e+03 
2.709750e+09 8.188700e+03 
2711900000 8.186700e+03 
2714050000 8.184150e+03 
2.716200e+09 8.223225e+03 
2718350000 8.236150e+03 
2720500000 8.241225e+03 
2722650000 8.187100e+03 
2724800000 8.221150e+03 
2726950000 8.229025e+03 
2729100000 8.238550e+03 
2.731250e+09 8.230725e+03 
2733400000 8.205050e+03 
2735550000 8.216450e+03 
2737700000 8.189950e+03 
2.739850e+09 8.197325e+03 
2742000000 8.197600e+03 
2744150000 8.210200e+03 
2.746300e+09 8.191900e+03 
2748450000 8.216950e+03 
2750600000 8.212175e+03 
2752750000 8.235150e+03 
2754900000 8.242900e+03 
2757050000 8.223500e+03 
2759200000 8.224975e+03 
2.761350e+09 8.200450e+03 
2763500000 8.224400e+03 
2765650000 8229 
2767800000 8.221175e+03 
2.769950e+09 8.265200e+03 
2772100000 8.256400e+03 
2774250000 8.223300e+03 
2.776400e+09 8.248200e+03 
2778550000 8.251750e+03 
2780700000 8.251475e+03 
2782850000 8.224700e+03 
2785000000 8.219500e+03 
2787150000 8.270575e+03 
2789300000 8.233075e+03 
2791450000 8.219625e+03 
2793600000 8.228650e+03 
2795750000 8.225550e+03 
2797900000 8.226300e+03 
2.800050e+09 8.221875e+03 
2802200000 8.213250e+03 
2804350000 8.216425e+03 
2806500000 8.216800e+03 
2808650000 8.220900e+03 
2810800000 8.241525e+03 
2812950000 8.224700e+03 
2815100000 8.242925e+03 
2817250000 8.238300e+03 
2819400000 8.220100e+03 
2821550000 8.204800e+03 
2823700000 8.213500e+03 
2825850000 8.228400e+03 
2828000000 8.200475e+03 
2.830150e+09 8.195300e+03 
2832300000 8.236725e+03 
2834450000 8.228675e+03 
2836600000 8.222500e+03 
2838750000 8.222525e+03 
2840900000 8.201825e+03 
2843050000 8.225925e+03 
2845200000 8.234225e+03 
2847350000 8.235525e+03 
2849500000 8.224925e+03 
2851650000 8.229825e+03 
2853800000 8.207050e+03 
2855950000 8.218525e+03 
2858100000 8.220025e+03 
2.860250e+09 8.249250e+03 
2862400000 8.234875e+03 
2864550000 8.215100e+03 
2866700000 8.214650e+03 
2868850000 8.242175e+03 
2871000000 8.213825e+03 
2873150000 8.230500e+03 
2875300000 8.227950e+03 
2877450000 8.217600e+03 
2879600000 8.191150e+03 
2881750000 8.230250e+03 
2883900000 8.222575e+03 
2886050000 8.232100e+03 
2888200000 8.233325e+03 
2.890350e+09 8.235050e+03 
2892500000 8.220250e+03 
2894650000 8.234350e+03 
2896800000 8.245325e+03 
2898950000 8.192175e+03 
2901100000 8.196950e+03 
2903250000 8.219400e+03 
2905400000 8.240150e+03 
2907550000 8.203675e+03 
2909700000 8.249275e+03 
2911850000 8.244900e+03 
2914000000 8.241875e+03 
2916150000 8.225650e+03 
2918300000 8.214875e+03 
2920450000 8.218900e+03 
2922600000 8.228525e+03 
2924750000 8.219975e+03 
2926900000 8.222575e+03 
2929050000 8.229050e+03 
2931200000 8.238125e+03 
2933350000 8.219825e+03 
2935500000 8.219225e+03 
2937650000 8.234200e+03 
2939800000 8.235950e+03 
2941950000 8.219725e+03 
2.944100e+09 8.218500e+03 
2946250000 8.237025e+03 
2948400000 8.199900e+03 
2950550000 8.232750e+03 
2952700000 8.204050e+03 
2954850000 8.231300e+03 
2957000000 8.240475e+03 
2959150000 8.224075e+03 
2961300000 8.219350e+03 
2963450000 8.233750e+03 
2965600000 8.253850e+03 
2967750000 8.226650e+03 
2969900000 8.211225e+03 
2972050000 8.218775e+03 
2974200000 8.225675e+03 
2976350000 8.198400e+03 
2978500000 8.234450e+03 
2980650000 8.193150e+03 
2982800000 8.189025e+03 
2984950000 8.208800e+03 
2987100000 8.201525e+03 
2989250000 8.217800e+03 
2991400000 8.197300e+03 
2993550000 8.240550e+03 
2995700000 8.216875e+03 
2997850000 8.213975e+03 
3000000000 8.215400e+03 

END
