IGOR
WAVES/D/O sweep,sig(1) 
BEGIN
2570000000 8.179775e+03 
2.572150e+09 8.161625e+03 
2574300000 8.171100e+03 
2576450000 8.166175e+03 
2578600000 8.174375e+03 
2.580750e+09 8.173750e+03 
2582900000 8.179325e+03 
2585050000 8.198975e+03 
2.587200e+09 8.181925e+03 
2589350000 8.184075e+03 
2591500000 8.162125e+03 
2593650000 8.177625e+03 
2.595800e+09 8.136925e+03 
2597950000 8.162350e+03 
2600100000 8.146300e+03 
2.602250e+09 8.180350e+03 
2604400000 8.174400e+03 
2606550000 8.186750e+03 
2608700000 8.168650e+03 
2.610850e+09 8.173150e+03 
2613000000 8.188950e+03 
2615150000 8.180025e+03 
2.617300e+09 8.172225e+03 
2619450000 8.168925e+03 
2621600000 8.166925e+03 
2623750000 8.142925e+03 
2.625900e+09 8.154575e+03 
2628050000 8.134200e+03 
2630200000 8.128400e+03 
2.632350e+09 8.131950e+03 
2634500000 8.118600e+03 
2636650000 8.149375e+03 
2638800000 8.172075e+03 
2.640950e+09 8.156325e+03 
2643100000 8.151125e+03 
2645250000 8.178275e+03 
2.647400e+09 8.158925e+03 
2649550000 8.171550e+03 
2651700000 8.172025e+03 
2653850000 8.152025e+03 
2.656000e+09 8.168900e+03 
2658150000 8.145900e+03 
2660300000 8.149600e+03 
2.662450e+09 8.134900e+03 
2664600000 8.111375e+03 
2666750000 8.095050e+03 
2668900000 8.113025e+03 
2.671050e+09 8.109600e+03 
2673200000 8.116925e+03 
2675350000 8.118475e+03 
2677500000 8.145425e+03 
2679650000 8.138925e+03 
2681800000 8.142500e+03 
2683950000 8.190175e+03 
2.686100e+09 8.177175e+03 
2688250000 8.183300e+03 
2690400000 8.171700e+03 
2692550000 8.167850e+03 
2694700000 8.136125e+03 
2696850000 8.168400e+03 
2699000000 8.147625e+03 
2.701150e+09 8.133250e+03 
2703300000 8.126675e+03 
2705450000 8.115300e+03 
2707600000 8.116600e+03 
2.709750e+09 8.115550e+03 
2711900000 8143 
2714050000 8.153500e+03 
2.716200e+09 8.177300e+03 
2718350000 8.177025e+03 
2720500000 8.166575e+03 
2722650000 8.192300e+03 
2724800000 8.178600e+03 
2726950000 8.174300e+03 
2729100000 8.170525e+03 
2.731250e+09 8.167075e+03 
2733400000 8.179900e+03 
2735550000 8.163100e+03 
2737700000 8.145900e+03 
2.739850e+09 8.152175e+03 
2742000000 8.148200e+03 
2744150000 8.149725e+03 
2.746300e+09 8.156400e+03 
2748450000 8.146700e+03 
2750600000 8.174425e+03 
2752750000 8.165700e+03 
2754900000 8.179875e+03 
2757050000 8.196200e+03 
2759200000 8.177425e+03 
2.761350e+09 8.186275e+03 
2763500000 8.191725e+03 
2765650000 8.179625e+03 
2767800000 8.191900e+03 
2.769950e+09 8.172100e+03 
2772100000 8.182500e+03 
2774250000 8.164675e+03 
2.776400e+09 8.177950e+03 
2778550000 8.170450e+03 
2780700000 8.181675e+03 
2782850000 8.177525e+03 
2785000000 8.204175e+03 
2787150000 8.158900e+03 
2789300000 8.170825e+03 
2791450000 8.178400e+03 
2793600000 8.178575e+03 
2795750000 8.199550e+03 
2797900000 8.192125e+03 
2.800050e+09 8.167075e+03 
2802200000 8.177525e+03 
2804350000 8.185750e+03 
2806500000 8.176450e+03 
2808650000 8.184375e+03 
2810800000 8.164800e+03 
2812950000 8.174250e+03 
2815100000 8.166975e+03 
2817250000 8.190375e+03 
2819400000 8.188725e+03 
2821550000 8.148950e+03 
2823700000 8.181175e+03 
2825850000 8173 
2828000000 8.172675e+03 
2.830150e+09 8.192825e+03 
2832300000 8.170925e+03 
2834450000 8.152400e+03 
2836600000 8.155050e+03 
2838750000 8.171425e+03 
2840900000 8.200775e+03 
2843050000 8.157900e+03 
2845200000 8.184225e+03 
2847350000 8.192150e+03 
2849500000 8.194500e+03 
2851650000 8.187575e+03 
2853800000 8.182125e+03 
2855950000 8.171250e+03 
2858100000 8.159725e+03 
2.860250e+09 8.181625e+03 
2862400000 8.172775e+03 
2864550000 8.177800e+03 
2866700000 8.181700e+03 
2868850000 8160 
2871000000 8.190475e+03 
2873150000 8.163150e+03 
2875300000 8.163550e+03 
2877450000 8.188500e+03 
2879600000 8.203750e+03 
2881750000 8.197775e+03 
2883900000 8.208275e+03 
2886050000 8.181400e+03 
2888200000 8.167475e+03 
2.890350e+09 8.182350e+03 
2892500000 8193 
2894650000 8.180850e+03 
2896800000 8.181250e+03 
2898950000 8.183850e+03 
2901100000 8.192050e+03 
2903250000 8.181575e+03 
2905400000 8.166700e+03 
2907550000 8.154750e+03 
2909700000 8.174200e+03 
2911850000 8.194375e+03 
2914000000 8.157550e+03 
2916150000 8.183650e+03 
2918300000 8.174225e+03 
2920450000 8.188750e+03 
2922600000 8.188225e+03 
2924750000 8.182150e+03 
2926900000 8.181100e+03 
2929050000 8.182250e+03 
2931200000 8.187275e+03 
2933350000 8.179500e+03 
2935500000 8.195900e+03 
2937650000 8.182950e+03 
2939800000 8.203475e+03 
2941950000 8.189100e+03 
2.944100e+09 8.164450e+03 
2946250000 8.188375e+03 
2948400000 8.184500e+03 
2950550000 8.191950e+03 
2952700000 8.179900e+03 
2954850000 8.202025e+03 
2957000000 8.208125e+03 
2959150000 8.170075e+03 
2961300000 8.173025e+03 
2963450000 8.211825e+03 
2965600000 8.188675e+03 
2967750000 8.184350e+03 
2969900000 8.188525e+03 
2972050000 8.206575e+03 
2974200000 8.217225e+03 
2976350000 8.196775e+03 
2978500000 8.191050e+03 
2980650000 8.201875e+03 
2982800000 8.206275e+03 
2984950000 8.203650e+03 
2987100000 8.186925e+03 
2989250000 8.189725e+03 
2991400000 8.186425e+03 
2993550000 8.199975e+03 
2995700000 8.212875e+03 
2997850000 8.172150e+03 
3000000000 8.205700e+03 

END
