IGOR
WAVES/D/O sweep,sig(1) 
BEGIN
2570000000 8.300950e+03 
2.572150e+09 8.289450e+03 
2574300000 8.269225e+03 
2576450000 8.293250e+03 
2578600000 8.312800e+03 
2.580750e+09 8.277525e+03 
2582900000 8.292975e+03 
2585050000 8.274275e+03 
2.587200e+09 8.273500e+03 
2589350000 8.296400e+03 
2591500000 8.280150e+03 
2593650000 8.297375e+03 
2.595800e+09 8.266225e+03 
2597950000 8.296225e+03 
2600100000 8.281250e+03 
2.602250e+09 8.279925e+03 
2604400000 8.292750e+03 
2606550000 8.289450e+03 
2608700000 8.307175e+03 
2.610850e+09 8.278700e+03 
2613000000 8.264475e+03 
2615150000 8.281975e+03 
2.617300e+09 8.296925e+03 
2619450000 8.298025e+03 
2621600000 8.274225e+03 
2623750000 8.283650e+03 
2.625900e+09 8.264450e+03 
2628050000 8.250450e+03 
2630200000 8.275800e+03 
2.632350e+09 8.246675e+03 
2634500000 8262 
2636650000 8.252100e+03 
2638800000 8.239175e+03 
2.640950e+09 8.285675e+03 
2643100000 8.285625e+03 
2645250000 8.319350e+03 
2.647400e+09 8.303250e+03 
2649550000 8.284725e+03 
2651700000 8309 
2653850000 8.287225e+03 
2.656000e+09 8.293100e+03 
2658150000 8.293375e+03 
2660300000 8.256950e+03 
2.662450e+09 8.261125e+03 
2664600000 8.231350e+03 
2666750000 8.207700e+03 
2668900000 8.254100e+03 
2.671050e+09 8.245575e+03 
2673200000 8.207300e+03 
2675350000 8.239775e+03 
2677500000 8.243125e+03 
2679650000 8.276625e+03 
2681800000 8.262675e+03 
2683950000 8.278575e+03 
2.686100e+09 8.303850e+03 
2688250000 8.307525e+03 
2690400000 8.267700e+03 
2692550000 8.300825e+03 
2694700000 8.280325e+03 
2696850000 8.265525e+03 
2699000000 8.251875e+03 
2.701150e+09 8.213125e+03 
2703300000 8.232925e+03 
2705450000 8.226925e+03 
2707600000 8.228275e+03 
2.709750e+09 8.228725e+03 
2711900000 8.231475e+03 
2714050000 8.250400e+03 
2.716200e+09 8.280075e+03 
2718350000 8.268100e+03 
2720500000 8.276125e+03 
2722650000 8.295300e+03 
2724800000 8.293575e+03 
2726950000 8.297650e+03 
2729100000 8.293275e+03 
2.731250e+09 8.282275e+03 
2733400000 8.278050e+03 
2735550000 8.274125e+03 
2737700000 8.256850e+03 
2.739850e+09 8.256550e+03 
2742000000 8.258050e+03 
2744150000 8.270175e+03 
2.746300e+09 8.281750e+03 
2748450000 8.263525e+03 
2750600000 8.257250e+03 
2752750000 8.285725e+03 
2754900000 8.273750e+03 
2757050000 8.302900e+03 
2759200000 8.305600e+03 
2.761350e+09 8.310625e+03 
2763500000 8.312600e+03 
2765650000 8.287575e+03 
2767800000 8.300750e+03 
2.769950e+09 8.282075e+03 
2772100000 8.305150e+03 
2774250000 8.293600e+03 
2.776400e+09 8.300100e+03 
2778550000 8.284375e+03 
2780700000 8309 
2782850000 8.309125e+03 
2785000000 8.299225e+03 
2787150000 8.308300e+03 
2789300000 8.305050e+03 
2791450000 8.305775e+03 
2793600000 8.312375e+03 
2795750000 8.305275e+03 
2797900000 8.309950e+03 
2.800050e+09 8.297175e+03 
2802200000 8.292300e+03 
2804350000 8.294475e+03 
2806500000 8.299275e+03 
2808650000 8.304200e+03 
2810800000 8.288675e+03 
2812950000 8.322875e+03 
2815100000 8.294425e+03 
2817250000 8.292300e+03 
2819400000 8.303225e+03 
2821550000 8.313525e+03 
2823700000 8.302275e+03 
2825850000 8.312375e+03 
2828000000 8.302075e+03 
2.830150e+09 8.286850e+03 
2832300000 8.311875e+03 
2834450000 8.295350e+03 
2836600000 8.303625e+03 
2838750000 8.289775e+03 
2840900000 8.296975e+03 
2843050000 8.282600e+03 
2845200000 8.296675e+03 
2847350000 8.303625e+03 
2849500000 8.279825e+03 
2851650000 8.287700e+03 
2853800000 8.291125e+03 
2855950000 8.291325e+03 
2858100000 8.302250e+03 
2.860250e+09 8.309450e+03 
2862400000 8.299500e+03 
2864550000 8.281225e+03 
2866700000 8312 
2868850000 8.296850e+03 
2871000000 8.299075e+03 
2873150000 8.304100e+03 
2875300000 8.282525e+03 
2877450000 8.292725e+03 
2879600000 8.301050e+03 
2881750000 8.302325e+03 
2883900000 8.312100e+03 
2886050000 8.302475e+03 
2888200000 8.292625e+03 
2.890350e+09 8.300850e+03 
2892500000 8.282550e+03 
2894650000 8.292625e+03 
2896800000 8.288875e+03 
2898950000 8.267225e+03 
2901100000 8.278950e+03 
2903250000 8.272450e+03 
2905400000 8.305650e+03 
2907550000 8.284850e+03 
2909700000 8.281175e+03 
2911850000 8.299850e+03 
2914000000 8.283475e+03 
2916150000 8.282525e+03 
2918300000 8.301875e+03 
2920450000 8.303050e+03 
2922600000 8.306550e+03 
2924750000 8.317625e+03 
2926900000 8.288225e+03 
2929050000 8.304775e+03 
2931200000 8.297700e+03 
2933350000 8.305100e+03 
2935500000 8.293500e+03 
2937650000 8.285325e+03 
2939800000 8.302500e+03 
2941950000 8.285600e+03 
2.944100e+09 8.307225e+03 
2946250000 8.283150e+03 
2948400000 8.309075e+03 
2950550000 8.298325e+03 
2952700000 8.280925e+03 
2954850000 8.268025e+03 
2957000000 8.291125e+03 
2959150000 8.279725e+03 
2961300000 8.296150e+03 
2963450000 8.277300e+03 
2965600000 8.298175e+03 
2967750000 8.297125e+03 
2969900000 8.296425e+03 
2972050000 8.306575e+03 
2974200000 8.297725e+03 
2976350000 8.300550e+03 
2978500000 8.303300e+03 
2980650000 8.274225e+03 
2982800000 8.275275e+03 
2984950000 8.313925e+03 
2987100000 8.290700e+03 
2989250000 8.288275e+03 
2991400000 8.300300e+03 
2993550000 8.267175e+03 
2995700000 8.294325e+03 
2997850000 8.277650e+03 
3000000000 8.279725e+03 

END
