IGOR
WAVES/D/O sweep,sig(1) 
BEGIN
2570000000 8.333025e+03 
2.572150e+09 8.343900e+03 
2574300000 8.358200e+03 
2576450000 8.344775e+03 
2578600000 8.324375e+03 
2.580750e+09 8.328400e+03 
2582900000 8.302450e+03 
2585050000 8.346250e+03 
2.587200e+09 8.337650e+03 
2589350000 8.328350e+03 
2591500000 8.313150e+03 
2593650000 8.298900e+03 
2.595800e+09 8.309275e+03 
2597950000 8.312375e+03 
2600100000 8.324300e+03 
2.602250e+09 8.307075e+03 
2604400000 8.326625e+03 
2606550000 8.334350e+03 
2608700000 8.315150e+03 
2.610850e+09 8.315300e+03 
2613000000 8.309550e+03 
2615150000 8313 
2.617300e+09 8.330600e+03 
2619450000 8.328750e+03 
2621600000 8.295725e+03 
2623750000 8.285950e+03 
2.625900e+09 8.315500e+03 
2628050000 8.305475e+03 
2630200000 8.270175e+03 
2.632350e+09 8.285475e+03 
2634500000 8.282675e+03 
2636650000 8.270775e+03 
2638800000 8.284675e+03 
2.640950e+09 8.290525e+03 
2643100000 8.316550e+03 
2645250000 8.336725e+03 
2.647400e+09 8.319800e+03 
2649550000 8.330225e+03 
2651700000 8.328925e+03 
2653850000 8.329500e+03 
2.656000e+09 8304 
2658150000 8.328750e+03 
2660300000 8.316175e+03 
2.662450e+09 8.278625e+03 
2664600000 8.270150e+03 
2666750000 8.255750e+03 
2668900000 8.240225e+03 
2.671050e+09 8.258775e+03 
2673200000 8.260500e+03 
2675350000 8.257325e+03 
2677500000 8.288425e+03 
2679650000 8.291350e+03 
2681800000 8.304050e+03 
2683950000 8.314950e+03 
2.686100e+09 8.298450e+03 
2688250000 8.302325e+03 
2690400000 8.324150e+03 
2692550000 8.299325e+03 
2694700000 8.306675e+03 
2696850000 8.269400e+03 
2699000000 8.295425e+03 
2.701150e+09 8.257250e+03 
2703300000 8.245050e+03 
2705450000 8247 
2707600000 8.230625e+03 
2.709750e+09 8.234150e+03 
2711900000 8.283775e+03 
2714050000 8.309475e+03 
2.716200e+09 8.288100e+03 
2718350000 8.300250e+03 
2720500000 8.314550e+03 
2722650000 8.296975e+03 
2724800000 8.305125e+03 
2726950000 8.309300e+03 
2729100000 8.310675e+03 
2.731250e+09 8.319025e+03 
2733400000 8.308875e+03 
2735550000 8.294425e+03 
2737700000 8.291100e+03 
2.739850e+09 8.289425e+03 
2742000000 8.293275e+03 
2744150000 8.307175e+03 
2.746300e+09 8.294950e+03 
2748450000 8.291200e+03 
2750600000 8.323700e+03 
2752750000 8.318475e+03 
2754900000 8.312500e+03 
2757050000 8.335575e+03 
2759200000 8.316250e+03 
2.761350e+09 8.316550e+03 
2763500000 8.307200e+03 
2765650000 8.328500e+03 
2767800000 8.335500e+03 
2.769950e+09 8.320550e+03 
2772100000 8.330050e+03 
2774250000 8.337850e+03 
2.776400e+09 8.330325e+03 
2778550000 8.331475e+03 
2780700000 8.313525e+03 
2782850000 8.313650e+03 
2785000000 8.323575e+03 
2787150000 8.327625e+03 
2789300000 8.329950e+03 
2791450000 8.298175e+03 
2793600000 8.313025e+03 
2795750000 8.321825e+03 
2797900000 8313 
2.800050e+09 8.308250e+03 
2802200000 8.339825e+03 
2804350000 8.305300e+03 
2806500000 8.348550e+03 
2808650000 8.331825e+03 
2810800000 8.310975e+03 
2812950000 8.306700e+03 
2815100000 8.313900e+03 
2817250000 8.324700e+03 
2819400000 8.328625e+03 
2821550000 8.348700e+03 
2823700000 8.328900e+03 
2825850000 8.336025e+03 
2828000000 8.309150e+03 
2.830150e+09 8.309550e+03 
2832300000 8.303775e+03 
2834450000 8.333325e+03 
2836600000 8.330400e+03 
2838750000 8.316525e+03 
2840900000 8.297375e+03 
2843050000 8.310275e+03 
2845200000 8.321425e+03 
2847350000 8.311800e+03 
2849500000 8.315975e+03 
2851650000 8.328975e+03 
2853800000 8.321375e+03 
2855950000 8.316250e+03 
2858100000 8.326400e+03 
2.860250e+09 8.335650e+03 
2862400000 8.303800e+03 
2864550000 8.315900e+03 
2866700000 8.329925e+03 
2868850000 8.335825e+03 
2871000000 8.313175e+03 
2873150000 8.323850e+03 
2875300000 8.317300e+03 
2877450000 8.340250e+03 
2879600000 8.315575e+03 
2881750000 8.340625e+03 
2883900000 8.310475e+03 
2886050000 8.315400e+03 
2888200000 8.317600e+03 
2.890350e+09 8.317825e+03 
2892500000 8.315925e+03 
2894650000 8.296350e+03 
2896800000 8.309775e+03 
2898950000 8.325975e+03 
2901100000 8.310550e+03 
2903250000 8.312725e+03 
2905400000 8.318475e+03 
2907550000 8.301500e+03 
2909700000 8.311825e+03 
2911850000 8.292950e+03 
2914000000 8.317850e+03 
2916150000 8.336550e+03 
2918300000 8.292250e+03 
2920450000 8.282300e+03 
2922600000 8.283400e+03 
2924750000 8.305400e+03 
2926900000 8.318475e+03 
2929050000 8.311400e+03 
2931200000 8.300550e+03 
2933350000 8.300750e+03 
2935500000 8.328125e+03 
2937650000 8.318375e+03 
2939800000 8.323375e+03 
2941950000 8.326050e+03 
2.944100e+09 8.284300e+03 
2946250000 8.318075e+03 
2948400000 8.300500e+03 
2950550000 8.330650e+03 
2952700000 8.318225e+03 
2954850000 8.302025e+03 
2957000000 8.300250e+03 
2959150000 8.326650e+03 
2961300000 8.314025e+03 
2963450000 8.282675e+03 
2965600000 8.299075e+03 
2967750000 8.276825e+03 
2969900000 8.322850e+03 
2972050000 8.303200e+03 
2974200000 8.296725e+03 
2976350000 8.312575e+03 
2978500000 8.314725e+03 
2980650000 8.316450e+03 
2982800000 8.310725e+03 
2984950000 8.304700e+03 
2987100000 8.306700e+03 
2989250000 8.325675e+03 
2991400000 8.296775e+03 
2993550000 8.298200e+03 
2995700000 8.319025e+03 
2997850000 8.314500e+03 
3000000000 8.324025e+03 

END
