IGOR
WAVES/D/O sweep,sig(1) 
BEGIN
2570000000 8.347775e+03 
2.572150e+09 8.356325e+03 
2574300000 8.338650e+03 
2576450000 8.359575e+03 
2578600000 8.341150e+03 
2.580750e+09 8.361875e+03 
2582900000 8.351325e+03 
2585050000 8.346950e+03 
2.587200e+09 8.352600e+03 
2589350000 8.342775e+03 
2591500000 8.355275e+03 
2593650000 8.351450e+03 
2.595800e+09 8.353575e+03 
2597950000 8.323025e+03 
2600100000 8.359075e+03 
2.602250e+09 8.346325e+03 
2604400000 8.335825e+03 
2606550000 8.332925e+03 
2608700000 8.343325e+03 
2.610850e+09 8.325425e+03 
2613000000 8.350025e+03 
2615150000 8.337075e+03 
2.617300e+09 8.353200e+03 
2619450000 8375 
2621600000 8.332300e+03 
2623750000 8.332975e+03 
2.625900e+09 8.305925e+03 
2628050000 8.320575e+03 
2630200000 8.304100e+03 
2.632350e+09 8.308350e+03 
2634500000 8.308950e+03 
2636650000 8.306700e+03 
2638800000 8.298550e+03 
2.640950e+09 8.333325e+03 
2643100000 8.344925e+03 
2645250000 8.366575e+03 
2.647400e+09 8.342975e+03 
2649550000 8.366800e+03 
2651700000 8.356725e+03 
2653850000 8.345425e+03 
2.656000e+09 8.347950e+03 
2658150000 8.342925e+03 
2660300000 8.351300e+03 
2.662450e+09 8.316675e+03 
2664600000 8.315075e+03 
2666750000 8.288725e+03 
2668900000 8.278500e+03 
2.671050e+09 8.276200e+03 
2673200000 8.291225e+03 
2675350000 8.290275e+03 
2677500000 8.287725e+03 
2679650000 8.329625e+03 
2681800000 8.329725e+03 
2683950000 8.370350e+03 
2.686100e+09 8.337450e+03 
2688250000 8.374675e+03 
2690400000 8.345425e+03 
2692550000 8.332225e+03 
2694700000 8.323675e+03 
2696850000 8.308325e+03 
2699000000 8.310125e+03 
2.701150e+09 8.304175e+03 
2703300000 8.289450e+03 
2705450000 8.289500e+03 
2707600000 8.282400e+03 
2.709750e+09 8.299350e+03 
2711900000 8.293300e+03 
2714050000 8335 
2.716200e+09 8.335575e+03 
2718350000 8.344500e+03 
2720500000 8.348325e+03 
2722650000 8.340675e+03 
2724800000 8.350850e+03 
2726950000 8.352375e+03 
2729100000 8.340525e+03 
2.731250e+09 8.337275e+03 
2733400000 8.334250e+03 
2735550000 8.323975e+03 
2737700000 8.335100e+03 
2.739850e+09 8.336650e+03 
2742000000 8.310725e+03 
2744150000 8.319300e+03 
2.746300e+09 8.323400e+03 
2748450000 8.345675e+03 
2750600000 8.328975e+03 
2752750000 8.327325e+03 
2754900000 8.340700e+03 
2757050000 8.343675e+03 
2759200000 8.347100e+03 
2.761350e+09 8.343275e+03 
2763500000 8.334075e+03 
2765650000 8.356250e+03 
2767800000 8.338325e+03 
2.769950e+09 8.344450e+03 
2772100000 8.355850e+03 
2774250000 8.354100e+03 
2.776400e+09 8.331850e+03 
2778550000 8.358425e+03 
2780700000 8.371525e+03 
2782850000 8.357950e+03 
2785000000 8.340025e+03 
2787150000 8.322125e+03 
2789300000 8.358950e+03 
2791450000 8.332400e+03 
2793600000 8.346475e+03 
2795750000 8.351475e+03 
2797900000 8.347075e+03 
2.800050e+09 8.332100e+03 
2802200000 8.343475e+03 
2804350000 8.343425e+03 
2806500000 8.346650e+03 
2808650000 8.341575e+03 
2810800000 8.355425e+03 
2812950000 8.337825e+03 
2815100000 8.343800e+03 
2817250000 8.348700e+03 
2819400000 8.345950e+03 
2821550000 8.330650e+03 
2823700000 8.350075e+03 
2825850000 8.323425e+03 
2828000000 8.345575e+03 
2.830150e+09 8.344600e+03 
2832300000 8.346675e+03 
2834450000 8.353900e+03 
2836600000 8.357125e+03 
2838750000 8.361525e+03 
2840900000 8.354300e+03 
2843050000 8.355200e+03 
2845200000 8.346525e+03 
2847350000 8.357025e+03 
2849500000 8.352575e+03 
2851650000 8.367200e+03 
2853800000 8.355825e+03 
2855950000 8.354175e+03 
2858100000 8.357600e+03 
2.860250e+09 8.348625e+03 
2862400000 8.335275e+03 
2864550000 8.335750e+03 
2866700000 8.361925e+03 
2868850000 8.347450e+03 
2871000000 8.348250e+03 
2873150000 8.357900e+03 
2875300000 8.360100e+03 
2877450000 8.352500e+03 
2879600000 8361 
2881750000 8.385650e+03 
2883900000 8.346600e+03 
2886050000 8.345300e+03 
2888200000 8.337475e+03 
2.890350e+09 8.354900e+03 
2892500000 8.350925e+03 
2894650000 8.346350e+03 
2896800000 8.366525e+03 
2898950000 8.370575e+03 
2901100000 8.354575e+03 
2903250000 8.352100e+03 
2905400000 8.357350e+03 
2907550000 8.351175e+03 
2909700000 8.355425e+03 
2911850000 8.369050e+03 
2914000000 8.355750e+03 
2916150000 8.342225e+03 
2918300000 8.371775e+03 
2920450000 8.356600e+03 
2922600000 8.341750e+03 
2924750000 8.362500e+03 
2926900000 8.371700e+03 
2929050000 8.374725e+03 
2931200000 8.377700e+03 
2933350000 8.355125e+03 
2935500000 8.370200e+03 
2937650000 8.377975e+03 
2939800000 8.372075e+03 
2941950000 8.344075e+03 
2.944100e+09 8.372975e+03 
2946250000 8.344450e+03 
2948400000 8.368650e+03 
2950550000 8.370850e+03 
2952700000 8.341075e+03 
2954850000 8.378100e+03 
2957000000 8.348075e+03 
2959150000 8.350225e+03 
2961300000 8.375075e+03 
2963450000 8.357500e+03 
2965600000 8.350500e+03 
2967750000 8.377075e+03 
2969900000 8.364375e+03 
2972050000 8.353175e+03 
2974200000 8.358725e+03 
2976350000 8.361650e+03 
2978500000 8.363925e+03 
2980650000 8.379275e+03 
2982800000 8.345800e+03 
2984950000 8.360950e+03 
2987100000 8.365550e+03 
2989250000 8352 
2991400000 8.363275e+03 
2993550000 8353 
2995700000 8.368800e+03 
2997850000 8.374050e+03 
3000000000 8.355275e+03 

END
