IGOR
WAVES/D/O sweep,sig(1) 
BEGIN
2570000000 8.275850e+03 
2.572150e+09 8.281275e+03 
2574300000 8.273875e+03 
2576450000 8.294900e+03 
2578600000 8.293025e+03 
2.580750e+09 8.269650e+03 
2582900000 8.288475e+03 
2585050000 8.281225e+03 
2.587200e+09 8.239350e+03 
2589350000 8.273800e+03 
2591500000 8.286425e+03 
2593650000 8.265250e+03 
2.595800e+09 8.273050e+03 
2597950000 8.272525e+03 
2600100000 8293 
2.602250e+09 8.259900e+03 
2604400000 8.257325e+03 
2606550000 8.283400e+03 
2608700000 8.283650e+03 
2.610850e+09 8.298875e+03 
2613000000 8.278650e+03 
2615150000 8.310625e+03 
2.617300e+09 8.292850e+03 
2619450000 8266 
2621600000 8.280575e+03 
2623750000 8.238375e+03 
2.625900e+09 8.273625e+03 
2628050000 8.244175e+03 
2630200000 8.226325e+03 
2.632350e+09 8.231850e+03 
2634500000 8.231850e+03 
2636650000 8.238625e+03 
2638800000 8.276225e+03 
2.640950e+09 8.261600e+03 
2643100000 8.273675e+03 
2645250000 8.278600e+03 
2.647400e+09 8.287525e+03 
2649550000 8.285450e+03 
2651700000 8.262875e+03 
2653850000 8.265225e+03 
2.656000e+09 8.277075e+03 
2658150000 8.298850e+03 
2660300000 8.245975e+03 
2.662450e+09 8.250350e+03 
2664600000 8.226050e+03 
2666750000 8.204275e+03 
2668900000 8.213350e+03 
2.671050e+09 8.228525e+03 
2673200000 8.221700e+03 
2675350000 8.230050e+03 
2677500000 8.231875e+03 
2679650000 8.251300e+03 
2681800000 8.273900e+03 
2683950000 8.254125e+03 
2.686100e+09 8.285250e+03 
2688250000 8.288050e+03 
2690400000 8.292875e+03 
2692550000 8.284325e+03 
2694700000 8.254150e+03 
2696850000 8.276200e+03 
2699000000 8.252025e+03 
2.701150e+09 8.242900e+03 
2703300000 8.239625e+03 
2705450000 8.207625e+03 
2707600000 8.209975e+03 
2.709750e+09 8.225900e+03 
2711900000 8.242125e+03 
2714050000 8.253300e+03 
2.716200e+09 8.258225e+03 
2718350000 8.267450e+03 
2720500000 8.273200e+03 
2722650000 8.284675e+03 
2724800000 8.258975e+03 
2726950000 8.278525e+03 
2729100000 8.312300e+03 
2.731250e+09 8.293625e+03 
2733400000 8.272150e+03 
2735550000 8.273100e+03 
2737700000 8.270350e+03 
2.739850e+09 8255 
2742000000 8.239825e+03 
2744150000 8.266625e+03 
2.746300e+09 8.242300e+03 
2748450000 8.247850e+03 
2750600000 8.255475e+03 
2752750000 8.265750e+03 
2754900000 8.285575e+03 
2757050000 8.272500e+03 
2759200000 8.281200e+03 
2.761350e+09 8.291600e+03 
2763500000 8.290725e+03 
2765650000 8.278775e+03 
2767800000 8.266100e+03 
2.769950e+09 8.293200e+03 
2772100000 8.269600e+03 
2774250000 8.275900e+03 
2.776400e+09 8.278325e+03 
2778550000 8.253700e+03 
2780700000 8.261850e+03 
2782850000 8.265675e+03 
2785000000 8.279675e+03 
2787150000 8.267625e+03 
2789300000 8.286225e+03 
2791450000 8.265725e+03 
2793600000 8.260050e+03 
2795750000 8.254700e+03 
2797900000 8.278350e+03 
2.800050e+09 8.280100e+03 
2802200000 8.261250e+03 
2804350000 8.263575e+03 
2806500000 8.289375e+03 
2808650000 8.283925e+03 
2810800000 8.257300e+03 
2812950000 8.254325e+03 
2815100000 8.290950e+03 
2817250000 8.258325e+03 
2819400000 8.271475e+03 
2821550000 8.286750e+03 
2823700000 8.281175e+03 
2825850000 8.259575e+03 
2828000000 8.292475e+03 
2.830150e+09 8.271700e+03 
2832300000 8.290325e+03 
2834450000 8.275950e+03 
2836600000 8.258375e+03 
2838750000 8.273475e+03 
2840900000 8312 
2843050000 8.289225e+03 
2845200000 8.287825e+03 
2847350000 8.266100e+03 
2849500000 8.282975e+03 
2851650000 8.287375e+03 
2853800000 8.263650e+03 
2855950000 8.275850e+03 
2858100000 8.283025e+03 
2.860250e+09 8.271875e+03 
2862400000 8.254350e+03 
2864550000 8.257725e+03 
2866700000 8.277800e+03 
2868850000 8.267825e+03 
2871000000 8.285575e+03 
2873150000 8.248500e+03 
2875300000 8.283675e+03 
2877450000 8.258775e+03 
2879600000 8.274375e+03 
2881750000 8.261875e+03 
2883900000 8.291150e+03 
2886050000 8.270125e+03 
2888200000 8.281875e+03 
2.890350e+09 8.294675e+03 
2892500000 8.280375e+03 
2894650000 8.277525e+03 
2896800000 8.267300e+03 
2898950000 8.267550e+03 
2901100000 8.249325e+03 
2903250000 8276 
2905400000 8.273875e+03 
2907550000 8.270725e+03 
2909700000 8.291975e+03 
2911850000 8.294550e+03 
2914000000 8.261575e+03 
2916150000 8.271975e+03 
2918300000 8.258025e+03 
2920450000 8.239250e+03 
2922600000 8.260650e+03 
2924750000 8.270750e+03 
2926900000 8.258600e+03 
2929050000 8.262100e+03 
2931200000 8.247125e+03 
2933350000 8.247475e+03 
2935500000 8.266700e+03 
2937650000 8.272450e+03 
2939800000 8.268175e+03 
2941950000 8.274925e+03 
2.944100e+09 8.277500e+03 
2946250000 8.277050e+03 
2948400000 8.255900e+03 
2950550000 8262 
2952700000 8.265750e+03 
2954850000 8.287850e+03 
2957000000 8.270575e+03 
2959150000 8.270500e+03 
2961300000 8.287375e+03 
2963450000 8.274775e+03 
2965600000 8.292075e+03 
2967750000 8.263300e+03 
2969900000 8.265100e+03 
2972050000 8.251575e+03 
2974200000 8.276075e+03 
2976350000 8.273150e+03 
2978500000 8.241150e+03 
2980650000 8.286925e+03 
2982800000 8.266250e+03 
2984950000 8.267925e+03 
2987100000 8.256275e+03 
2989250000 8284 
2991400000 8.270650e+03 
2993550000 8.266975e+03 
2995700000 8.271075e+03 
2997850000 8.283100e+03 
3000000000 8.267625e+03 

END
