IGOR
WAVES/D/O sweep,sig(1) 
BEGIN
2570000000 8.258550e+03 
2.572150e+09 8.270775e+03 
2574300000 8.261200e+03 
2576450000 8.246350e+03 
2578600000 8.275075e+03 
2.580750e+09 8.252925e+03 
2582900000 8.258050e+03 
2585050000 8.254400e+03 
2.587200e+09 8.251900e+03 
2589350000 8.224800e+03 
2591500000 8.270675e+03 
2593650000 8.228775e+03 
2.595800e+09 8.281300e+03 
2597950000 8.312825e+03 
2600100000 8.266275e+03 
2.602250e+09 8.269500e+03 
2604400000 8.271950e+03 
2606550000 8.277100e+03 
2608700000 8.279725e+03 
2.610850e+09 8.272400e+03 
2613000000 8.284825e+03 
2615150000 8.259750e+03 
2.617300e+09 8.261500e+03 
2619450000 8.251200e+03 
2621600000 8.249050e+03 
2623750000 8.235725e+03 
2.625900e+09 8.232150e+03 
2628050000 8.226350e+03 
2630200000 8.245850e+03 
2.632350e+09 8.238150e+03 
2634500000 8.228875e+03 
2636650000 8.237875e+03 
2638800000 8.267400e+03 
2.640950e+09 8.264800e+03 
2643100000 8.263650e+03 
2645250000 8.244500e+03 
2.647400e+09 8.270575e+03 
2649550000 8.261800e+03 
2651700000 8.277475e+03 
2653850000 8.277700e+03 
2.656000e+09 8.283950e+03 
2658150000 8.234875e+03 
2660300000 8.243150e+03 
2.662450e+09 8.236325e+03 
2664600000 8.230850e+03 
2666750000 8.211600e+03 
2668900000 8.196375e+03 
2.671050e+09 8.190925e+03 
2673200000 8.192075e+03 
2675350000 8.205250e+03 
2677500000 8.211600e+03 
2679650000 8.216975e+03 
2681800000 8.232725e+03 
2683950000 8.258575e+03 
2.686100e+09 8.268275e+03 
2688250000 8.270275e+03 
2690400000 8.276450e+03 
2692550000 8.268775e+03 
2694700000 8.256500e+03 
2696850000 8.264100e+03 
2699000000 8.240450e+03 
2.701150e+09 8212 
2703300000 8.203825e+03 
2705450000 8.193375e+03 
2707600000 8226 
2.709750e+09 8.195825e+03 
2711900000 8.218975e+03 
2714050000 8.248300e+03 
2.716200e+09 8.258125e+03 
2718350000 8.269625e+03 
2720500000 8.267800e+03 
2722650000 8.281950e+03 
2724800000 8.270075e+03 
2726950000 8.294250e+03 
2729100000 8.260050e+03 
2.731250e+09 8.255625e+03 
2733400000 8.248250e+03 
2735550000 8.233675e+03 
2737700000 8.251175e+03 
2.739850e+09 8.235025e+03 
2742000000 8.229550e+03 
2744150000 8.237475e+03 
2.746300e+09 8230 
2748450000 8.245775e+03 
2750600000 8.275725e+03 
2752750000 8.242100e+03 
2754900000 8268 
2757050000 8.298725e+03 
2759200000 8.269350e+03 
2.761350e+09 8.266725e+03 
2763500000 8.291475e+03 
2765650000 8.258925e+03 
2767800000 8.264575e+03 
2.769950e+09 8.285875e+03 
2772100000 8.264375e+03 
2774250000 8.267225e+03 
2.776400e+09 8.276075e+03 
2778550000 8.277475e+03 
2780700000 8.269675e+03 
2782850000 8.255500e+03 
2785000000 8.246225e+03 
2787150000 8.267550e+03 
2789300000 8.263625e+03 
2791450000 8.261700e+03 
2793600000 8.268450e+03 
2795750000 8.250550e+03 
2797900000 8.292050e+03 
2.800050e+09 8.289950e+03 
2802200000 8.266400e+03 
2804350000 8.268200e+03 
2806500000 8.269600e+03 
2808650000 8.255525e+03 
2810800000 8.270850e+03 
2812950000 8.268575e+03 
2815100000 8.267250e+03 
2817250000 8.265325e+03 
2819400000 8.235225e+03 
2821550000 8.251450e+03 
2823700000 8.274950e+03 
2825850000 8.255250e+03 
2828000000 8.263700e+03 
2.830150e+09 8.250100e+03 
2832300000 8.249875e+03 
2834450000 8.257400e+03 
2836600000 8250 
2838750000 8.278900e+03 
2840900000 8.257275e+03 
2843050000 8.261825e+03 
2845200000 8.232925e+03 
2847350000 8.262900e+03 
2849500000 8.269100e+03 
2851650000 8.248825e+03 
2853800000 8.254950e+03 
2855950000 8.254650e+03 
2858100000 8256 
2.860250e+09 8.281375e+03 
2862400000 8.239800e+03 
2864550000 8.257725e+03 
2866700000 8.259250e+03 
2868850000 8.241650e+03 
2871000000 8.230550e+03 
2873150000 8.261900e+03 
2875300000 8260 
2877450000 8.247775e+03 
2879600000 8.266625e+03 
2881750000 8.249775e+03 
2883900000 8.264700e+03 
2886050000 8.275225e+03 
2888200000 8.254150e+03 
2.890350e+09 8.246875e+03 
2892500000 8.244050e+03 
2894650000 8.257125e+03 
2896800000 8.229675e+03 
2898950000 8.250150e+03 
2901100000 8.241425e+03 
2903250000 8.248150e+03 
2905400000 8.237950e+03 
2907550000 8.228575e+03 
2909700000 8.222750e+03 
2911850000 8.226700e+03 
2914000000 8.228325e+03 
2916150000 8.227450e+03 
2918300000 8.246225e+03 
2920450000 8.243875e+03 
2922600000 8.236525e+03 
2924750000 8.209150e+03 
2926900000 8.238550e+03 
2929050000 8.222300e+03 
2931200000 8.235750e+03 
2933350000 8.243950e+03 
2935500000 8.223975e+03 
2937650000 8.243275e+03 
2939800000 8.240950e+03 
2941950000 8.226325e+03 
2.944100e+09 8.245075e+03 
2946250000 8.243075e+03 
2948400000 8.228525e+03 
2950550000 8.242350e+03 
2952700000 8.242375e+03 
2954850000 8.234475e+03 
2957000000 8.220650e+03 
2959150000 8.240900e+03 
2961300000 8.239175e+03 
2963450000 8.228525e+03 
2965600000 8.215450e+03 
2967750000 8.261875e+03 
2969900000 8.256525e+03 
2972050000 8.203400e+03 
2974200000 8246 
2976350000 8.267500e+03 
2978500000 8.247300e+03 
2980650000 8.228475e+03 
2982800000 8.240325e+03 
2984950000 8.213325e+03 
2987100000 8.244200e+03 
2989250000 8.237775e+03 
2991400000 8.227200e+03 
2993550000 8.238450e+03 
2995700000 8.237775e+03 
2997850000 8.229925e+03 
3000000000 8.240875e+03 

END
