IGOR
WAVES/D/O sweep,sig(1) 
BEGIN
2570000000 8.284600e+03 
2.572150e+09 8.292100e+03 
2574300000 8293 
2576450000 8.284825e+03 
2578600000 8.287850e+03 
2.580750e+09 8.260750e+03 
2582900000 8.285850e+03 
2585050000 8.285225e+03 
2.587200e+09 8.271425e+03 
2589350000 8.270625e+03 
2591500000 8.248850e+03 
2593650000 8.260125e+03 
2.595800e+09 8.271175e+03 
2597950000 8.260375e+03 
2600100000 8.257975e+03 
2.602250e+09 8.295825e+03 
2604400000 8.275300e+03 
2606550000 8.283325e+03 
2608700000 8.273225e+03 
2.610850e+09 8.274325e+03 
2613000000 8.269425e+03 
2615150000 8.279125e+03 
2.617300e+09 8.277075e+03 
2619450000 8.253075e+03 
2621600000 8.266625e+03 
2623750000 8.260425e+03 
2.625900e+09 8260 
2628050000 8.230750e+03 
2630200000 8.253525e+03 
2.632350e+09 8.248125e+03 
2634500000 8.213075e+03 
2636650000 8.248475e+03 
2638800000 8.249700e+03 
2.640950e+09 8.245975e+03 
2643100000 8.272975e+03 
2645250000 8.280475e+03 
2.647400e+09 8.253800e+03 
2649550000 8.263450e+03 
2651700000 8.286525e+03 
2653850000 8.251800e+03 
2.656000e+09 8.266025e+03 
2658150000 8.259050e+03 
2660300000 8.239675e+03 
2.662450e+09 8.255575e+03 
2664600000 8.224125e+03 
2666750000 8.204625e+03 
2668900000 8.197550e+03 
2.671050e+09 8.186825e+03 
2673200000 8.201275e+03 
2675350000 8.229875e+03 
2677500000 8.227525e+03 
2679650000 8.259050e+03 
2681800000 8.265375e+03 
2683950000 8.272275e+03 
2.686100e+09 8294 
2688250000 8.294100e+03 
2690400000 8.257950e+03 
2692550000 8.265250e+03 
2694700000 8.263475e+03 
2696850000 8.266400e+03 
2699000000 8.240800e+03 
2.701150e+09 8.219100e+03 
2703300000 8.216525e+03 
2705450000 8.221625e+03 
2707600000 8.200225e+03 
2.709750e+09 8.208375e+03 
2711900000 8.231500e+03 
2714050000 8.268975e+03 
2.716200e+09 8.253525e+03 
2718350000 8.269950e+03 
2720500000 8.254900e+03 
2722650000 8.261375e+03 
2724800000 8.278825e+03 
2726950000 8.292025e+03 
2729100000 8.281825e+03 
2.731250e+09 8.259800e+03 
2733400000 8.252425e+03 
2735550000 8.249275e+03 
2737700000 8.255100e+03 
2.739850e+09 8.266825e+03 
2742000000 8.247925e+03 
2744150000 8.245225e+03 
2.746300e+09 8.236175e+03 
2748450000 8.278250e+03 
2750600000 8.268150e+03 
2752750000 8.274575e+03 
2754900000 8.272125e+03 
2757050000 8.279175e+03 
2759200000 8.275500e+03 
2.761350e+09 8.272150e+03 
2763500000 8.305600e+03 
2765650000 8.288675e+03 
2767800000 8.301250e+03 
2.769950e+09 8.285625e+03 
2772100000 8.268325e+03 
2774250000 8.306425e+03 
2.776400e+09 8.291375e+03 
2778550000 8.301900e+03 
2780700000 8.277550e+03 
2782850000 8.270750e+03 
2785000000 8.284475e+03 
2787150000 8.283375e+03 
2789300000 8.275050e+03 
2791450000 8.294775e+03 
2793600000 8.294575e+03 
2795750000 8.295050e+03 
2797900000 8.258650e+03 
2.800050e+09 8.278400e+03 
2802200000 8.291550e+03 
2804350000 8.279275e+03 
2806500000 8.276675e+03 
2808650000 8.266150e+03 
2810800000 8.317575e+03 
2812950000 8.274075e+03 
2815100000 8.272325e+03 
2817250000 8.266425e+03 
2819400000 8.288300e+03 
2821550000 8.297550e+03 
2823700000 8.283550e+03 
2825850000 8.286450e+03 
2828000000 8.268850e+03 
2.830150e+09 8.292475e+03 
2832300000 8.265375e+03 
2834450000 8.299225e+03 
2836600000 8.309550e+03 
2838750000 8.291075e+03 
2840900000 8.307025e+03 
2843050000 8.298200e+03 
2845200000 8.296325e+03 
2847350000 8298 
2849500000 8.282925e+03 
2851650000 8.290225e+03 
2853800000 8.283150e+03 
2855950000 8.280075e+03 
2858100000 8.314875e+03 
2.860250e+09 8.303025e+03 
2862400000 8.302450e+03 
2864550000 8.285275e+03 
2866700000 8.292800e+03 
2868850000 8.264900e+03 
2871000000 8.284875e+03 
2873150000 8.330550e+03 
2875300000 8.310150e+03 
2877450000 8.291450e+03 
2879600000 8.306075e+03 
2881750000 8.293225e+03 
2883900000 8.297825e+03 
2886050000 8.291075e+03 
2888200000 8.276925e+03 
2.890350e+09 8.297975e+03 
2892500000 8.298600e+03 
2894650000 8.288800e+03 
2896800000 8278 
2898950000 8.299550e+03 
2901100000 8.316150e+03 
2903250000 8.286250e+03 
2905400000 8.298125e+03 
2907550000 8.295725e+03 
2909700000 8.284275e+03 
2911850000 8.292800e+03 
2914000000 8.293275e+03 
2916150000 8.297050e+03 
2918300000 8.277175e+03 
2920450000 8.292925e+03 
2922600000 8.298250e+03 
2924750000 8.310425e+03 
2926900000 8.279125e+03 
2929050000 8.298500e+03 
2931200000 8.323700e+03 
2933350000 8.292675e+03 
2935500000 8.305925e+03 
2937650000 8.292725e+03 
2939800000 8.301825e+03 
2941950000 8.306050e+03 
2.944100e+09 8.287850e+03 
2946250000 8.304150e+03 
2948400000 8.284125e+03 
2950550000 8.268925e+03 
2952700000 8.292875e+03 
2954850000 8.285875e+03 
2957000000 8.292600e+03 
2959150000 8.289875e+03 
2961300000 8.311825e+03 
2963450000 8.305575e+03 
2965600000 8.303650e+03 
2967750000 8.294175e+03 
2969900000 8.287900e+03 
2972050000 8.305825e+03 
2974200000 8.277500e+03 
2976350000 8.281525e+03 
2978500000 8.315125e+03 
2980650000 8.300125e+03 
2982800000 8.306850e+03 
2984950000 8.309950e+03 
2987100000 8.306550e+03 
2989250000 8.278100e+03 
2991400000 8.295150e+03 
2993550000 8.307375e+03 
2995700000 8.307925e+03 
2997850000 8.311400e+03 
3000000000 8.291075e+03 

END
