IGOR
WAVES/D/O sweep,sig(1) 
BEGIN
2570000000 8.234125e+03 
2.572150e+09 8.232350e+03 
2574300000 8.266400e+03 
2576450000 8.243650e+03 
2578600000 8.251050e+03 
2.580750e+09 8.246525e+03 
2582900000 8.250400e+03 
2585050000 8.235075e+03 
2.587200e+09 8.240725e+03 
2589350000 8.260125e+03 
2591500000 8.258075e+03 
2593650000 8.223175e+03 
2.595800e+09 8.243625e+03 
2597950000 8.223775e+03 
2600100000 8.216825e+03 
2.602250e+09 8.234075e+03 
2604400000 8.252975e+03 
2606550000 8.234975e+03 
2608700000 8.249575e+03 
2.610850e+09 8.233200e+03 
2613000000 8.233875e+03 
2615150000 8.236925e+03 
2.617300e+09 8.219275e+03 
2619450000 8244 
2621600000 8.187550e+03 
2623750000 8.216300e+03 
2.625900e+09 8.224800e+03 
2628050000 8.192900e+03 
2630200000 8.202750e+03 
2.632350e+09 8.202400e+03 
2634500000 8.187325e+03 
2636650000 8.179900e+03 
2638800000 8.216975e+03 
2.640950e+09 8.208550e+03 
2643100000 8.243250e+03 
2645250000 8.242300e+03 
2.647400e+09 8.241525e+03 
2649550000 8.244375e+03 
2651700000 8.226400e+03 
2653850000 8.241225e+03 
2.656000e+09 8.195225e+03 
2658150000 8.245800e+03 
2660300000 8.215675e+03 
2.662450e+09 8.196150e+03 
2664600000 8.182600e+03 
2666750000 8.178325e+03 
2668900000 8.162250e+03 
2.671050e+09 8.157600e+03 
2673200000 8.157400e+03 
2675350000 8.155075e+03 
2677500000 8.166175e+03 
2679650000 8.220300e+03 
2681800000 8.219850e+03 
2683950000 8.234525e+03 
2.686100e+09 8.220600e+03 
2688250000 8.217750e+03 
2690400000 8.228775e+03 
2692550000 8.219250e+03 
2694700000 8.194825e+03 
2696850000 8.195950e+03 
2699000000 8.186250e+03 
2.701150e+09 8.165675e+03 
2703300000 8.159025e+03 
2705450000 8.160800e+03 
2707600000 8.132200e+03 
2.709750e+09 8.162450e+03 
2711900000 8.181625e+03 
2714050000 8.196275e+03 
2.716200e+09 8.216525e+03 
2718350000 8.205275e+03 
2720500000 8.225125e+03 
2722650000 8.220700e+03 
2724800000 8.194675e+03 
2726950000 8.243100e+03 
2729100000 8.216575e+03 
2.731250e+09 8.193725e+03 
2733400000 8.221575e+03 
2735550000 8.209325e+03 
2737700000 8.177675e+03 
2.739850e+09 8.184300e+03 
2742000000 8.165925e+03 
2744150000 8.174925e+03 
2.746300e+09 8.200200e+03 
2748450000 8.175725e+03 
2750600000 8.199550e+03 
2752750000 8.196800e+03 
2754900000 8.203450e+03 
2757050000 8.191825e+03 
2759200000 8.211025e+03 
2.761350e+09 8.210375e+03 
2763500000 8.201725e+03 
2765650000 8.209475e+03 
2767800000 8.217325e+03 
2.769950e+09 8.209575e+03 
2772100000 8.202700e+03 
2774250000 8.215300e+03 
2.776400e+09 8.217975e+03 
2778550000 8.207475e+03 
2780700000 8.214050e+03 
2782850000 8.212375e+03 
2785000000 8.199225e+03 
2787150000 8.190350e+03 
2789300000 8.200875e+03 
2791450000 8.200350e+03 
2793600000 8.207125e+03 
2795750000 8.197750e+03 
2797900000 8204 
2.800050e+09 8.201700e+03 
2802200000 8.203100e+03 
2804350000 8.197625e+03 
2806500000 8.177475e+03 
2808650000 8.192025e+03 
2810800000 8.220875e+03 
2812950000 8.201675e+03 
2815100000 8.198725e+03 
2817250000 8.174125e+03 
2819400000 8.205400e+03 
2821550000 8.212800e+03 
2823700000 8.212350e+03 
2825850000 8.200150e+03 
2828000000 8.208900e+03 
2.830150e+09 8.201900e+03 
2832300000 8.197825e+03 
2834450000 8.208025e+03 
2836600000 8.170750e+03 
2838750000 8.220975e+03 
2840900000 8.176700e+03 
2843050000 8.195950e+03 
2845200000 8.203450e+03 
2847350000 8.202350e+03 
2849500000 8.200425e+03 
2851650000 8.209175e+03 
2853800000 8191 
2855950000 8.208475e+03 
2858100000 8.199875e+03 
2.860250e+09 8.172225e+03 
2862400000 8.184575e+03 
2864550000 8.204250e+03 
2866700000 8.206550e+03 
2868850000 8.209700e+03 
2871000000 8.193350e+03 
2873150000 8.188100e+03 
2875300000 8.188500e+03 
2877450000 8.202150e+03 
2879600000 8.184775e+03 
2881750000 8.198850e+03 
2883900000 8.173900e+03 
2886050000 8.183800e+03 
2888200000 8.191225e+03 
2.890350e+09 8.180550e+03 
2892500000 8.204775e+03 
2894650000 8.184675e+03 
2896800000 8.203850e+03 
2898950000 8.184650e+03 
2901100000 8.202300e+03 
2903250000 8.198650e+03 
2905400000 8.146500e+03 
2907550000 8.183525e+03 
2909700000 8.193125e+03 
2911850000 8.195625e+03 
2914000000 8.158300e+03 
2916150000 8.176225e+03 
2918300000 8.167200e+03 
2920450000 8.182050e+03 
2922600000 8.185600e+03 
2924750000 8.203100e+03 
2926900000 8.206725e+03 
2929050000 8.185375e+03 
2931200000 8.159300e+03 
2933350000 8.195150e+03 
2935500000 8179 
2937650000 8.189075e+03 
2939800000 8.176150e+03 
2941950000 8.180150e+03 
2.944100e+09 8.169350e+03 
2946250000 8.188625e+03 
2948400000 8.177175e+03 
2950550000 8.171700e+03 
2952700000 8.204800e+03 
2954850000 8.209725e+03 
2957000000 8.175200e+03 
2959150000 8.193775e+03 
2961300000 8.180775e+03 
2963450000 8.184275e+03 
2965600000 8.201375e+03 
2967750000 8.165875e+03 
2969900000 8.198725e+03 
2972050000 8.176325e+03 
2974200000 8.162700e+03 
2976350000 8.176100e+03 
2978500000 8.171725e+03 
2980650000 8.190375e+03 
2982800000 8.166275e+03 
2984950000 8.148375e+03 
2987100000 8.189175e+03 
2989250000 8.186775e+03 
2991400000 8.190150e+03 
2993550000 8.195300e+03 
2995700000 8.191700e+03 
2997850000 8.197650e+03 
3000000000 8.182525e+03 

END
