IGOR
WAVES/D/O sweep,sig(1) 
BEGIN
2570000000 8.176175e+03 
2.572150e+09 8.173750e+03 
2574300000 8.176975e+03 
2576450000 8.179300e+03 
2578600000 8.155725e+03 
2.580750e+09 8.160075e+03 
2582900000 8.162350e+03 
2585050000 8.172050e+03 
2.587200e+09 8149 
2589350000 8167 
2591500000 8.142275e+03 
2593650000 8.162075e+03 
2.595800e+09 8.163875e+03 
2597950000 8.158125e+03 
2600100000 8.165400e+03 
2.602250e+09 8.138100e+03 
2604400000 8.156450e+03 
2606550000 8.166150e+03 
2608700000 8.169600e+03 
2.610850e+09 8.155725e+03 
2613000000 8.187150e+03 
2615150000 8.151725e+03 
2.617300e+09 8.145075e+03 
2619450000 8.176400e+03 
2621600000 8.138975e+03 
2623750000 8.156225e+03 
2.625900e+09 8.117250e+03 
2628050000 8.130275e+03 
2630200000 8.128250e+03 
2.632350e+09 8.128350e+03 
2634500000 8.128650e+03 
2636650000 8.134825e+03 
2638800000 8.147900e+03 
2.640950e+09 8.156125e+03 
2643100000 8141 
2645250000 8.166475e+03 
2.647400e+09 8.158650e+03 
2649550000 8.180125e+03 
2651700000 8.156075e+03 
2653850000 8.153025e+03 
2.656000e+09 8.146975e+03 
2658150000 8.166025e+03 
2660300000 8.170125e+03 
2.662450e+09 8.128250e+03 
2664600000 8.108325e+03 
2666750000 8.121600e+03 
2668900000 8.105675e+03 
2.671050e+09 8.094875e+03 
2673200000 8.105850e+03 
2675350000 8.117100e+03 
2677500000 8.139725e+03 
2679650000 8.142400e+03 
2681800000 8.160800e+03 
2683950000 8.172475e+03 
2.686100e+09 8.183375e+03 
2688250000 8196 
2690400000 8.167550e+03 
2692550000 8.166725e+03 
2694700000 8.165875e+03 
2696850000 8.155825e+03 
2699000000 8.150225e+03 
2.701150e+09 8.098975e+03 
2703300000 8.116125e+03 
2705450000 8.077175e+03 
2707600000 8.104550e+03 
2.709750e+09 8.109800e+03 
2711900000 8.131050e+03 
2714050000 8.165250e+03 
2.716200e+09 8.122875e+03 
2718350000 8.149400e+03 
2720500000 8.157775e+03 
2722650000 8.160850e+03 
2724800000 8.187575e+03 
2726950000 8.166625e+03 
2729100000 8.187125e+03 
2.731250e+09 8.162275e+03 
2733400000 8.136050e+03 
2735550000 8.168925e+03 
2737700000 8.139900e+03 
2.739850e+09 8.121750e+03 
2742000000 8.131350e+03 
2744150000 8.134725e+03 
2.746300e+09 8.135700e+03 
2748450000 8.140850e+03 
2750600000 8.156775e+03 
2752750000 8.176500e+03 
2754900000 8.142350e+03 
2757050000 8.176850e+03 
2759200000 8.164275e+03 
2.761350e+09 8.166575e+03 
2763500000 8.173200e+03 
2765650000 8.160050e+03 
2767800000 8.163050e+03 
2.769950e+09 8.147275e+03 
2772100000 8.182975e+03 
2774250000 8.170925e+03 
2.776400e+09 8.164525e+03 
2778550000 8.164225e+03 
2780700000 8.174150e+03 
2782850000 8.157825e+03 
2785000000 8.164975e+03 
2787150000 8.180425e+03 
2789300000 8.163175e+03 
2791450000 8.183850e+03 
2793600000 8.177125e+03 
2795750000 8.187750e+03 
2797900000 8.165075e+03 
2.800050e+09 8.177400e+03 
2802200000 8.182825e+03 
2804350000 8.172675e+03 
2806500000 8.181150e+03 
2808650000 8.162350e+03 
2810800000 8.170150e+03 
2812950000 8.158225e+03 
2815100000 8.180700e+03 
2817250000 8.183800e+03 
2819400000 8.158925e+03 
2821550000 8.155200e+03 
2823700000 8.183200e+03 
2825850000 8.168900e+03 
2828000000 8.195100e+03 
2.830150e+09 8.178575e+03 
2832300000 8.183900e+03 
2834450000 8.175350e+03 
2836600000 8178 
2838750000 8.184575e+03 
2840900000 8.191900e+03 
2843050000 8175 
2845200000 8189 
2847350000 8.179375e+03 
2849500000 8.186500e+03 
2851650000 8.178625e+03 
2853800000 8.185100e+03 
2855950000 8.166350e+03 
2858100000 8.176325e+03 
2.860250e+09 8.181775e+03 
2862400000 8.202175e+03 
2864550000 8.194300e+03 
2866700000 8.162750e+03 
2868850000 8.192475e+03 
2871000000 8.197150e+03 
2873150000 8.157475e+03 
2875300000 8.199425e+03 
2877450000 8.180050e+03 
2879600000 8.194875e+03 
2881750000 8.183200e+03 
2883900000 8199 
2886050000 8.199500e+03 
2888200000 8.189350e+03 
2.890350e+09 8.161625e+03 
2892500000 8.176350e+03 
2894650000 8.181575e+03 
2896800000 8.193250e+03 
2898950000 8.207975e+03 
2901100000 8.180625e+03 
2903250000 8.168125e+03 
2905400000 8.195950e+03 
2907550000 8.181100e+03 
2909700000 8.161450e+03 
2911850000 8.181650e+03 
2914000000 8.194975e+03 
2916150000 8.193575e+03 
2918300000 8.185600e+03 
2920450000 8.204575e+03 
2922600000 8.183825e+03 
2924750000 8.183250e+03 
2926900000 8.194625e+03 
2929050000 8195 
2931200000 8.202550e+03 
2933350000 8.187675e+03 
2935500000 8.175575e+03 
2937650000 8.193725e+03 
2939800000 8.179850e+03 
2941950000 8.173550e+03 
2.944100e+09 8.207450e+03 
2946250000 8.193100e+03 
2948400000 8.203575e+03 
2950550000 8.184800e+03 
2952700000 8.162225e+03 
2954850000 8.180050e+03 
2957000000 8.170425e+03 
2959150000 8.190175e+03 
2961300000 8169 
2963450000 8.224175e+03 
2965600000 8.201300e+03 
2967750000 8.178650e+03 
2969900000 8.185900e+03 
2972050000 8.214200e+03 
2974200000 8.216700e+03 
2976350000 8.204925e+03 
2978500000 8.196525e+03 
2980650000 8.178825e+03 
2982800000 8.186650e+03 
2984950000 8.216200e+03 
2987100000 8.198825e+03 
2989250000 8.205925e+03 
2991400000 8.197800e+03 
2993550000 8.210875e+03 
2995700000 8.192950e+03 
2997850000 8.196375e+03 
3000000000 8.194400e+03 

END
