IGOR
WAVES/D/O sweep,sig(1) 
BEGIN
2570000000 8.274250e+03 
2.572150e+09 8.308450e+03 
2574300000 8.291125e+03 
2576450000 8.280525e+03 
2578600000 8.280900e+03 
2.580750e+09 8.284150e+03 
2582900000 8.282125e+03 
2585050000 8.288900e+03 
2.587200e+09 8.301875e+03 
2589350000 8.274025e+03 
2591500000 8.272150e+03 
2593650000 8.277125e+03 
2.595800e+09 8.286975e+03 
2597950000 8.289225e+03 
2600100000 8.280025e+03 
2.602250e+09 8.275225e+03 
2604400000 8.274675e+03 
2606550000 8.289450e+03 
2608700000 8.306625e+03 
2.610850e+09 8.289975e+03 
2613000000 8.293450e+03 
2615150000 8.281375e+03 
2.617300e+09 8.296150e+03 
2619450000 8.290275e+03 
2621600000 8.283775e+03 
2623750000 8.290025e+03 
2.625900e+09 8.270225e+03 
2628050000 8.243325e+03 
2630200000 8.244575e+03 
2.632350e+09 8.252825e+03 
2634500000 8.247900e+03 
2636650000 8.223625e+03 
2638800000 8285 
2.640950e+09 8.270600e+03 
2643100000 8.286250e+03 
2645250000 8.297300e+03 
2.647400e+09 8.297500e+03 
2649550000 8.294725e+03 
2651700000 8.305725e+03 
2653850000 8.297575e+03 
2.656000e+09 8.313075e+03 
2658150000 8.307725e+03 
2660300000 8.267575e+03 
2.662450e+09 8.265475e+03 
2664600000 8.256550e+03 
2666750000 8.251375e+03 
2668900000 8.243250e+03 
2.671050e+09 8.238425e+03 
2673200000 8.259675e+03 
2675350000 8.256725e+03 
2677500000 8.280700e+03 
2679650000 8.283850e+03 
2681800000 8.304475e+03 
2683950000 8.298600e+03 
2.686100e+09 8.320850e+03 
2688250000 8.285075e+03 
2690400000 8.310100e+03 
2692550000 8.310475e+03 
2694700000 8.288500e+03 
2696850000 8.223325e+03 
2699000000 8.265425e+03 
2.701150e+09 8.239675e+03 
2703300000 8.233450e+03 
2705450000 8.252700e+03 
2707600000 8.215975e+03 
2.709750e+09 8.245875e+03 
2711900000 8.275050e+03 
2714050000 8.254700e+03 
2.716200e+09 8.275250e+03 
2718350000 8.313475e+03 
2720500000 8.278700e+03 
2722650000 8.298525e+03 
2724800000 8.300525e+03 
2726950000 8.310675e+03 
2729100000 8.320675e+03 
2.731250e+09 8.302825e+03 
2733400000 8.287475e+03 
2735550000 8.284775e+03 
2737700000 8.279600e+03 
2.739850e+09 8.277150e+03 
2742000000 8.283425e+03 
2744150000 8.268925e+03 
2.746300e+09 8.289550e+03 
2748450000 8.298350e+03 
2750600000 8.294750e+03 
2752750000 8.309525e+03 
2754900000 8.303600e+03 
2757050000 8.297675e+03 
2759200000 8.302725e+03 
2.761350e+09 8.323975e+03 
2763500000 8.319250e+03 
2765650000 8.311250e+03 
2767800000 8.312150e+03 
2.769950e+09 8.321775e+03 
2772100000 8.318150e+03 
2774250000 8.316900e+03 
2.776400e+09 8.295475e+03 
2778550000 8.307250e+03 
2780700000 8.304400e+03 
2782850000 8.300500e+03 
2785000000 8.323450e+03 
2787150000 8.291750e+03 
2789300000 8.329150e+03 
2791450000 8.310300e+03 
2793600000 8.273125e+03 
2795750000 8.289325e+03 
2797900000 8.291200e+03 
2.800050e+09 8.308900e+03 
2802200000 8.305175e+03 
2804350000 8.299700e+03 
2806500000 8.299025e+03 
2808650000 8.310025e+03 
2810800000 8.311750e+03 
2812950000 8.313650e+03 
2815100000 8.312150e+03 
2817250000 8.325125e+03 
2819400000 8.300750e+03 
2821550000 8.313550e+03 
2823700000 8.300575e+03 
2825850000 8.295475e+03 
2828000000 8.288275e+03 
2.830150e+09 8.296875e+03 
2832300000 8.293625e+03 
2834450000 8.305925e+03 
2836600000 8.311550e+03 
2838750000 8.311050e+03 
2840900000 8.301500e+03 
2843050000 8.284500e+03 
2845200000 8.303725e+03 
2847350000 8.294175e+03 
2849500000 8.311200e+03 
2851650000 8.287550e+03 
2853800000 8.309250e+03 
2855950000 8.306725e+03 
2858100000 8.298300e+03 
2.860250e+09 8.333975e+03 
2862400000 8.324100e+03 
2864550000 8.295125e+03 
2866700000 8.325325e+03 
2868850000 8.313825e+03 
2871000000 8.327750e+03 
2873150000 8.286350e+03 
2875300000 8.326425e+03 
2877450000 8.329325e+03 
2879600000 8.301975e+03 
2881750000 8.311350e+03 
2883900000 8.319450e+03 
2886050000 8.289225e+03 
2888200000 8.306925e+03 
2.890350e+09 8.306275e+03 
2892500000 8.293775e+03 
2894650000 8.315750e+03 
2896800000 8.285300e+03 
2898950000 8.280475e+03 
2901100000 8.279250e+03 
2903250000 8.282675e+03 
2905400000 8.284025e+03 
2907550000 8.299125e+03 
2909700000 8.293625e+03 
2911850000 8.296600e+03 
2914000000 8.319400e+03 
2916150000 8.306250e+03 
2918300000 8.287400e+03 
2920450000 8.311250e+03 
2922600000 8.285925e+03 
2924750000 8.287700e+03 
2926900000 8.302475e+03 
2929050000 8.316250e+03 
2931200000 8.301200e+03 
2933350000 8.315900e+03 
2935500000 8.306975e+03 
2937650000 8.303575e+03 
2939800000 8.301825e+03 
2941950000 8.326700e+03 
2.944100e+09 8.328325e+03 
2946250000 8.317150e+03 
2948400000 8.340950e+03 
2950550000 8.321500e+03 
2952700000 8.324225e+03 
2954850000 8.316625e+03 
2957000000 8.320200e+03 
2959150000 8.327350e+03 
2961300000 8.322700e+03 
2963450000 8.310750e+03 
2965600000 8.296475e+03 
2967750000 8.328250e+03 
2969900000 8.293025e+03 
2972050000 8.323750e+03 
2974200000 8.320025e+03 
2976350000 8.327200e+03 
2978500000 8.320925e+03 
2980650000 8.332400e+03 
2982800000 8359 
2984950000 8.322875e+03 
2987100000 8.338125e+03 
2989250000 8.323125e+03 
2991400000 8.306825e+03 
2993550000 8.318175e+03 
2995700000 8.323375e+03 
2997850000 8.336525e+03 
3000000000 8.328275e+03 

END
