IGOR
WAVES/D/O sweep,sig(1) 
BEGIN
2570000000 8.179825e+03 
2.572150e+09 8.174500e+03 
2574300000 8.182775e+03 
2576450000 8.182325e+03 
2578600000 8.171300e+03 
2.580750e+09 8.152950e+03 
2582900000 8.146025e+03 
2585050000 8.146025e+03 
2.587200e+09 8.167425e+03 
2589350000 8.188625e+03 
2591500000 8.196550e+03 
2593650000 8.204450e+03 
2.595800e+09 8.164500e+03 
2597950000 8.179875e+03 
2600100000 8.188575e+03 
2.602250e+09 8.147300e+03 
2604400000 8.161650e+03 
2606550000 8.171875e+03 
2608700000 8.183825e+03 
2.610850e+09 8.175700e+03 
2613000000 8.147875e+03 
2615150000 8.154675e+03 
2.617300e+09 8.166600e+03 
2619450000 8.160800e+03 
2621600000 8.132925e+03 
2623750000 8.119575e+03 
2.625900e+09 8.136900e+03 
2628050000 8.127075e+03 
2630200000 8.121900e+03 
2.632350e+09 8.099525e+03 
2634500000 8.128050e+03 
2636650000 8.115175e+03 
2638800000 8.124950e+03 
2.640950e+09 8.128125e+03 
2643100000 8.159900e+03 
2645250000 8.163825e+03 
2.647400e+09 8.145075e+03 
2649550000 8.175275e+03 
2651700000 8.130625e+03 
2653850000 8.150125e+03 
2.656000e+09 8.154475e+03 
2658150000 8.141875e+03 
2660300000 8.144950e+03 
2.662450e+09 8.127575e+03 
2664600000 8.101400e+03 
2666750000 8.076625e+03 
2668900000 8.065675e+03 
2.671050e+09 8.081775e+03 
2673200000 8.100425e+03 
2675350000 8.084350e+03 
2677500000 8.120600e+03 
2679650000 8.125750e+03 
2681800000 8.159525e+03 
2683950000 8.158775e+03 
2.686100e+09 8.144400e+03 
2688250000 8.150800e+03 
2690400000 8.135675e+03 
2692550000 8.128825e+03 
2694700000 8.144875e+03 
2696850000 8.118225e+03 
2699000000 8.107850e+03 
2.701150e+09 8.086700e+03 
2703300000 8.095525e+03 
2705450000 8.076425e+03 
2707600000 8.101525e+03 
2.709750e+09 8.110350e+03 
2711900000 8.124525e+03 
2714050000 8.131675e+03 
2.716200e+09 8.119825e+03 
2718350000 8.136225e+03 
2720500000 8.168950e+03 
2722650000 8.136075e+03 
2724800000 8.164400e+03 
2726950000 8.160125e+03 
2729100000 8.148925e+03 
2.731250e+09 8.149400e+03 
2733400000 8.137900e+03 
2735550000 8.110600e+03 
2737700000 8.151750e+03 
2.739850e+09 8.136625e+03 
2742000000 8.109300e+03 
2744150000 8.106350e+03 
2.746300e+09 8.124100e+03 
2748450000 8.127525e+03 
2750600000 8.135375e+03 
2752750000 8.132625e+03 
2754900000 8.155900e+03 
2757050000 8.155525e+03 
2759200000 8.158400e+03 
2.761350e+09 8.140650e+03 
2763500000 8.166050e+03 
2765650000 8.153325e+03 
2767800000 8.158675e+03 
2.769950e+09 8.140050e+03 
2772100000 8.139250e+03 
2774250000 8.155200e+03 
2.776400e+09 8.139675e+03 
2778550000 8.149525e+03 
2780700000 8.158275e+03 
2782850000 8.156800e+03 
2785000000 8.142075e+03 
2787150000 8.144175e+03 
2789300000 8.126825e+03 
2791450000 8.165200e+03 
2793600000 8.159125e+03 
2795750000 8.114950e+03 
2797900000 8.148125e+03 
2.800050e+09 8.127475e+03 
2802200000 8.149475e+03 
2804350000 8.152075e+03 
2806500000 8.138250e+03 
2808650000 8.143575e+03 
2810800000 8.158675e+03 
2812950000 8.148575e+03 
2815100000 8.144050e+03 
2817250000 8.152725e+03 
2819400000 8.152025e+03 
2821550000 8.164200e+03 
2823700000 8.160550e+03 
2825850000 8.130175e+03 
2828000000 8.147650e+03 
2.830150e+09 8.134750e+03 
2832300000 8.138325e+03 
2834450000 8.135925e+03 
2836600000 8.146850e+03 
2838750000 8.168275e+03 
2840900000 8.150900e+03 
2843050000 8.127925e+03 
2845200000 8.170950e+03 
2847350000 8.148275e+03 
2849500000 8138 
2851650000 8.135200e+03 
2853800000 8.158500e+03 
2855950000 8.134325e+03 
2858100000 8.144575e+03 
2.860250e+09 8.146725e+03 
2862400000 8.137800e+03 
2864550000 8139 
2866700000 8.129225e+03 
2868850000 8.130325e+03 
2871000000 8140 
2873150000 8125 
2875300000 8.140825e+03 
2877450000 8.144975e+03 
2879600000 8.107525e+03 
2881750000 8.132575e+03 
2883900000 8.142775e+03 
2886050000 8.131900e+03 
2888200000 8.128325e+03 
2.890350e+09 8.152550e+03 
2892500000 8.123550e+03 
2894650000 8.113600e+03 
2896800000 8.136775e+03 
2898950000 8.136975e+03 
2901100000 8.150700e+03 
2903250000 8.133250e+03 
2905400000 8.112200e+03 
2907550000 8.141550e+03 
2909700000 8.134325e+03 
2911850000 8.127700e+03 
2914000000 8.135950e+03 
2916150000 8.127900e+03 
2918300000 8.137650e+03 
2920450000 8.131300e+03 
2922600000 8.119600e+03 
2924750000 8.129100e+03 
2926900000 8.125325e+03 
2929050000 8.128725e+03 
2931200000 8.127275e+03 
2933350000 8.141625e+03 
2935500000 8141 
2937650000 8.135025e+03 
2939800000 8136 
2941950000 8.134475e+03 
2.944100e+09 8.124550e+03 
2946250000 8104 
2948400000 8.095550e+03 
2950550000 8.115400e+03 
2952700000 8.153825e+03 
2954850000 8.155550e+03 
2957000000 8.109275e+03 
2959150000 8.105700e+03 
2961300000 8.145975e+03 
2963450000 8.141850e+03 
2965600000 8.132325e+03 
2967750000 8.126275e+03 
2969900000 8.147625e+03 
2972050000 8.128900e+03 
2974200000 8.121150e+03 
2976350000 8.129375e+03 
2978500000 8.144100e+03 
2980650000 8.137950e+03 
2982800000 8.160700e+03 
2984950000 8.106375e+03 
2987100000 8.131375e+03 
2989250000 8.127825e+03 
2991400000 8.127450e+03 
2993550000 8.137175e+03 
2995700000 8.131575e+03 
2997850000 8.156075e+03 
3000000000 8.160450e+03 

END
