IGOR
WAVES/D/O sweep,sig(1) 
BEGIN
2570000000 8.263800e+03 
2.572150e+09 8.248500e+03 
2574300000 8.269050e+03 
2576450000 8.248325e+03 
2578600000 8.270975e+03 
2.580750e+09 8.276200e+03 
2582900000 8.258375e+03 
2585050000 8.278575e+03 
2.587200e+09 8.254325e+03 
2589350000 8.247800e+03 
2591500000 8.255500e+03 
2593650000 8.238700e+03 
2.595800e+09 8.260300e+03 
2597950000 8.264800e+03 
2600100000 8.259650e+03 
2.602250e+09 8.251100e+03 
2604400000 8.265925e+03 
2606550000 8.253325e+03 
2608700000 8.257400e+03 
2.610850e+09 8.265425e+03 
2613000000 8.264550e+03 
2615150000 8.263700e+03 
2.617300e+09 8.274975e+03 
2619450000 8.235975e+03 
2621600000 8.258650e+03 
2623750000 8249 
2.625900e+09 8.221825e+03 
2628050000 8.253925e+03 
2630200000 8.208300e+03 
2.632350e+09 8.205375e+03 
2634500000 8.213100e+03 
2636650000 8.225700e+03 
2638800000 8.231050e+03 
2.640950e+09 8.214975e+03 
2643100000 8.246600e+03 
2645250000 8.241725e+03 
2.647400e+09 8.249625e+03 
2649550000 8.250125e+03 
2651700000 8.250150e+03 
2653850000 8.238475e+03 
2.656000e+09 8.249300e+03 
2658150000 8.231275e+03 
2660300000 8.217500e+03 
2.662450e+09 8.224225e+03 
2664600000 8207 
2666750000 8.197400e+03 
2668900000 8.153375e+03 
2.671050e+09 8.164075e+03 
2673200000 8.206725e+03 
2675350000 8.203350e+03 
2677500000 8.191825e+03 
2679650000 8.192750e+03 
2681800000 8.237400e+03 
2683950000 8.264425e+03 
2.686100e+09 8.238100e+03 
2688250000 8.252975e+03 
2690400000 8.261250e+03 
2692550000 8.256425e+03 
2694700000 8.218800e+03 
2696850000 8.211200e+03 
2699000000 8.220975e+03 
2.701150e+09 8.221350e+03 
2703300000 8.182250e+03 
2705450000 8188 
2707600000 8.188525e+03 
2.709750e+09 8.202950e+03 
2711900000 8.197850e+03 
2714050000 8.210675e+03 
2.716200e+09 8.215300e+03 
2718350000 8.247850e+03 
2720500000 8.243825e+03 
2722650000 8.230850e+03 
2724800000 8.221525e+03 
2726950000 8.241375e+03 
2729100000 8.257375e+03 
2.731250e+09 8.240350e+03 
2733400000 8.245575e+03 
2735550000 8.240025e+03 
2737700000 8.214800e+03 
2.739850e+09 8.198225e+03 
2742000000 8.195975e+03 
2744150000 8.205500e+03 
2.746300e+09 8.221850e+03 
2748450000 8.224725e+03 
2750600000 8.215675e+03 
2752750000 8.239200e+03 
2754900000 8.247400e+03 
2757050000 8.230175e+03 
2759200000 8.269975e+03 
2.761350e+09 8.240025e+03 
2763500000 8.255175e+03 
2765650000 8.241300e+03 
2767800000 8.242050e+03 
2.769950e+09 8244 
2772100000 8.247650e+03 
2774250000 8.271525e+03 
2.776400e+09 8.232850e+03 
2778550000 8.271150e+03 
2780700000 8.243450e+03 
2782850000 8.236575e+03 
2785000000 8.242500e+03 
2787150000 8.243675e+03 
2789300000 8.251975e+03 
2791450000 8.248550e+03 
2793600000 8.226250e+03 
2795750000 8.243050e+03 
2797900000 8.249525e+03 
2.800050e+09 8.250225e+03 
2802200000 8.254300e+03 
2804350000 8.253200e+03 
2806500000 8.273400e+03 
2808650000 8.240950e+03 
2810800000 8.243850e+03 
2812950000 8.245825e+03 
2815100000 8.266300e+03 
2817250000 8.261900e+03 
2819400000 8.270800e+03 
2821550000 8.248050e+03 
2823700000 8.253875e+03 
2825850000 8.228725e+03 
2828000000 8.256125e+03 
2.830150e+09 8.253175e+03 
2832300000 8.239425e+03 
2834450000 8251 
2836600000 8.262825e+03 
2838750000 8.248250e+03 
2840900000 8.248125e+03 
2843050000 8.242325e+03 
2845200000 8.232225e+03 
2847350000 8.240475e+03 
2849500000 8.247225e+03 
2851650000 8.226475e+03 
2853800000 8.254450e+03 
2855950000 8.252925e+03 
2858100000 8.234700e+03 
2.860250e+09 8.234950e+03 
2862400000 8.250625e+03 
2864550000 8.223725e+03 
2866700000 8.255550e+03 
2868850000 8.253850e+03 
2871000000 8.257425e+03 
2873150000 8238 
2875300000 8.252775e+03 
2877450000 8.241925e+03 
2879600000 8.232925e+03 
2881750000 8.229475e+03 
2883900000 8.243175e+03 
2886050000 8.255875e+03 
2888200000 8.264100e+03 
2.890350e+09 8.249425e+03 
2892500000 8.254250e+03 
2894650000 8254 
2896800000 8.227300e+03 
2898950000 8.229850e+03 
2901100000 8.251800e+03 
2903250000 8.260475e+03 
2905400000 8.258275e+03 
2907550000 8.251700e+03 
2909700000 8.245600e+03 
2911850000 8.242700e+03 
2914000000 8.235925e+03 
2916150000 8.241275e+03 
2918300000 8245 
2920450000 8.211375e+03 
2922600000 8.227200e+03 
2924750000 8.231850e+03 
2926900000 8.231675e+03 
2929050000 8.227275e+03 
2931200000 8.241900e+03 
2933350000 8.233950e+03 
2935500000 8.247050e+03 
2937650000 8.240650e+03 
2939800000 8.248400e+03 
2941950000 8.226650e+03 
2.944100e+09 8.229900e+03 
2946250000 8.233400e+03 
2948400000 8.217625e+03 
2950550000 8.247100e+03 
2952700000 8.271775e+03 
2954850000 8.233075e+03 
2957000000 8.252975e+03 
2959150000 8.257025e+03 
2961300000 8.214725e+03 
2963450000 8.229475e+03 
2965600000 8.218750e+03 
2967750000 8.229875e+03 
2969900000 8.225975e+03 
2972050000 8.251825e+03 
2974200000 8.233950e+03 
2976350000 8.260200e+03 
2978500000 8.215250e+03 
2980650000 8.220750e+03 
2982800000 8.232300e+03 
2984950000 8.243775e+03 
2987100000 8.218175e+03 
2989250000 8.229875e+03 
2991400000 8.228075e+03 
2993550000 8.226550e+03 
2995700000 8.226750e+03 
2997850000 8.229525e+03 
3000000000 8.261775e+03 

END
