IGOR
WAVES/D/O sweep,sig(1) 
BEGIN
2570000000 8.186175e+03 
2.572150e+09 8.206675e+03 
2574300000 8.210475e+03 
2576450000 8.194650e+03 
2578600000 8.190625e+03 
2.580750e+09 8.223300e+03 
2582900000 8192 
2585050000 8.203725e+03 
2.587200e+09 8.207850e+03 
2589350000 8.216675e+03 
2591500000 8.198625e+03 
2593650000 8.210275e+03 
2.595800e+09 8.204525e+03 
2597950000 8221 
2600100000 8.210325e+03 
2.602250e+09 8.207375e+03 
2604400000 8.210425e+03 
2606550000 8.227675e+03 
2608700000 8.204575e+03 
2.610850e+09 8.192175e+03 
2613000000 8205 
2615150000 8.218225e+03 
2.617300e+09 8.219825e+03 
2619450000 8.199625e+03 
2621600000 8.187175e+03 
2623750000 8208 
2.625900e+09 8.170975e+03 
2628050000 8.158925e+03 
2630200000 8.161375e+03 
2.632350e+09 8.170100e+03 
2634500000 8.158875e+03 
2636650000 8.159075e+03 
2638800000 8.165575e+03 
2.640950e+09 8183 
2643100000 8.191100e+03 
2645250000 8.209200e+03 
2.647400e+09 8.200300e+03 
2649550000 8.177650e+03 
2651700000 8.183075e+03 
2653850000 8.202350e+03 
2.656000e+09 8.188075e+03 
2658150000 8.198875e+03 
2660300000 8.172100e+03 
2.662450e+09 8.162575e+03 
2664600000 8.168175e+03 
2666750000 8.123900e+03 
2668900000 8.151200e+03 
2.671050e+09 8.139650e+03 
2673200000 8.161350e+03 
2675350000 8.135075e+03 
2677500000 8.176175e+03 
2679650000 8.149400e+03 
2681800000 8.187425e+03 
2683950000 8.210550e+03 
2.686100e+09 8.196725e+03 
2688250000 8.208400e+03 
2690400000 8.198200e+03 
2692550000 8.189225e+03 
2694700000 8.175950e+03 
2696850000 8.169125e+03 
2699000000 8.163250e+03 
2.701150e+09 8.142975e+03 
2703300000 8.147100e+03 
2705450000 8.179150e+03 
2707600000 8.149525e+03 
2.709750e+09 8149 
2711900000 8.175350e+03 
2714050000 8.163200e+03 
2.716200e+09 8.180650e+03 
2718350000 8.197350e+03 
2720500000 8.206300e+03 
2722650000 8.180200e+03 
2724800000 8.209100e+03 
2726950000 8.202525e+03 
2729100000 8.200750e+03 
2.731250e+09 8.218400e+03 
2733400000 8.189975e+03 
2735550000 8.160625e+03 
2737700000 8.171450e+03 
2.739850e+09 8.182250e+03 
2742000000 8.170900e+03 
2744150000 8.177225e+03 
2.746300e+09 8.168775e+03 
2748450000 8.171525e+03 
2750600000 8.206550e+03 
2752750000 8.199950e+03 
2754900000 8.195575e+03 
2757050000 8.202625e+03 
2759200000 8.190700e+03 
2.761350e+09 8.177375e+03 
2763500000 8.198250e+03 
2765650000 8.198575e+03 
2767800000 8.183775e+03 
2.769950e+09 8.182250e+03 
2772100000 8.220550e+03 
2774250000 8.215125e+03 
2.776400e+09 8.202700e+03 
2778550000 8.199625e+03 
2780700000 8.195775e+03 
2782850000 8.191025e+03 
2785000000 8.179325e+03 
2787150000 8.192125e+03 
2789300000 8.205250e+03 
2791450000 8.207675e+03 
2793600000 8.180100e+03 
2795750000 8.167850e+03 
2797900000 8.194750e+03 
2.800050e+09 8.192275e+03 
2802200000 8.199325e+03 
2804350000 8.207100e+03 
2806500000 8.198725e+03 
2808650000 8.218275e+03 
2810800000 8.215475e+03 
2812950000 8.206400e+03 
2815100000 8.169675e+03 
2817250000 8.200650e+03 
2819400000 8.210075e+03 
2821550000 8.213800e+03 
2823700000 8.205800e+03 
2825850000 8.211100e+03 
2828000000 8.191275e+03 
2.830150e+09 8.170400e+03 
2832300000 8.184100e+03 
2834450000 8.169075e+03 
2836600000 8.185850e+03 
2838750000 8.191200e+03 
2840900000 8.193400e+03 
2843050000 8.187800e+03 
2845200000 8.163075e+03 
2847350000 8.189975e+03 
2849500000 8.193150e+03 
2851650000 8.214500e+03 
2853800000 8.207300e+03 
2855950000 8.224025e+03 
2858100000 8.207375e+03 
2.860250e+09 8.199050e+03 
2862400000 8.196600e+03 
2864550000 8.191175e+03 
2866700000 8.197075e+03 
2868850000 8.200400e+03 
2871000000 8.216500e+03 
2873150000 8.202775e+03 
2875300000 8.206750e+03 
2877450000 8.199675e+03 
2879600000 8.202700e+03 
2881750000 8.203950e+03 
2883900000 8.200825e+03 
2886050000 8.190925e+03 
2888200000 8.209125e+03 
2.890350e+09 8.193950e+03 
2892500000 8.207375e+03 
2894650000 8.196475e+03 
2896800000 8.184100e+03 
2898950000 8.204750e+03 
2901100000 8.175725e+03 
2903250000 8.208200e+03 
2905400000 8.205275e+03 
2907550000 8.188425e+03 
2909700000 8.206900e+03 
2911850000 8.224850e+03 
2914000000 8.200775e+03 
2916150000 8.206600e+03 
2918300000 8.190575e+03 
2920450000 8.232975e+03 
2922600000 8.209575e+03 
2924750000 8.202300e+03 
2926900000 8.197450e+03 
2929050000 8.190250e+03 
2931200000 8.173450e+03 
2933350000 8.211500e+03 
2935500000 8.203350e+03 
2937650000 8.196875e+03 
2939800000 8.209150e+03 
2941950000 8.199725e+03 
2.944100e+09 8.193250e+03 
2946250000 8.206550e+03 
2948400000 8.201175e+03 
2950550000 8.198775e+03 
2952700000 8.191850e+03 
2954850000 8.159100e+03 
2957000000 8.177725e+03 
2959150000 8.198050e+03 
2961300000 8.186575e+03 
2963450000 8.203025e+03 
2965600000 8.207400e+03 
2967750000 8.196025e+03 
2969900000 8.211175e+03 
2972050000 8.216175e+03 
2974200000 8.199650e+03 
2976350000 8.194800e+03 
2978500000 8.203325e+03 
2980650000 8.187300e+03 
2982800000 8.172850e+03 
2984950000 8.182400e+03 
2987100000 8.183875e+03 
2989250000 8.199875e+03 
2991400000 8.196875e+03 
2993550000 8.229650e+03 
2995700000 8.218575e+03 
2997850000 8.208450e+03 
3000000000 8.196600e+03 

END
