IGOR
WAVES/D/O sweep,sig(1) 
BEGIN
2570000000 8.249250e+03 
2.572150e+09 8.275975e+03 
2574300000 8.264625e+03 
2576450000 8.286975e+03 
2578600000 8.278500e+03 
2.580750e+09 8.270275e+03 
2582900000 8.273775e+03 
2585050000 8.286950e+03 
2.587200e+09 8.273325e+03 
2589350000 8.273125e+03 
2591500000 8.266950e+03 
2593650000 8.259525e+03 
2.595800e+09 8.273275e+03 
2597950000 8.284375e+03 
2600100000 8.291225e+03 
2.602250e+09 8.268450e+03 
2604400000 8.270025e+03 
2606550000 8.277175e+03 
2608700000 8.290025e+03 
2.610850e+09 8.278750e+03 
2613000000 8.283875e+03 
2615150000 8.297825e+03 
2.617300e+09 8.280600e+03 
2619450000 8.293350e+03 
2621600000 8.274225e+03 
2623750000 8.254425e+03 
2.625900e+09 8.256950e+03 
2628050000 8.235425e+03 
2630200000 8.237700e+03 
2.632350e+09 8.237475e+03 
2634500000 8.205450e+03 
2636650000 8.236275e+03 
2638800000 8.245550e+03 
2.640950e+09 8.241575e+03 
2643100000 8.282400e+03 
2645250000 8.273525e+03 
2.647400e+09 8.279775e+03 
2649550000 8.271300e+03 
2651700000 8.270225e+03 
2653850000 8.274700e+03 
2.656000e+09 8.264450e+03 
2658150000 8.269800e+03 
2660300000 8.253950e+03 
2.662450e+09 8.234825e+03 
2664600000 8.274500e+03 
2666750000 8.222200e+03 
2668900000 8.201675e+03 
2.671050e+09 8.231175e+03 
2673200000 8.200925e+03 
2675350000 8.214375e+03 
2677500000 8.251725e+03 
2679650000 8.253475e+03 
2681800000 8.267675e+03 
2683950000 8.257050e+03 
2.686100e+09 8.280975e+03 
2688250000 8.291250e+03 
2690400000 8.280400e+03 
2692550000 8.275925e+03 
2694700000 8.282125e+03 
2696850000 8.241625e+03 
2699000000 8.244625e+03 
2.701150e+09 8.219850e+03 
2703300000 8.201700e+03 
2705450000 8.209025e+03 
2707600000 8.217600e+03 
2.709750e+09 8.213400e+03 
2711900000 8.230250e+03 
2714050000 8.248125e+03 
2.716200e+09 8.258225e+03 
2718350000 8.262550e+03 
2720500000 8275 
2722650000 8.266925e+03 
2724800000 8.263850e+03 
2726950000 8.242275e+03 
2729100000 8.266400e+03 
2.731250e+09 8.272800e+03 
2733400000 8.267375e+03 
2735550000 8.244500e+03 
2737700000 8.234425e+03 
2.739850e+09 8.251875e+03 
2742000000 8.225850e+03 
2744150000 8.237425e+03 
2.746300e+09 8.268775e+03 
2748450000 8.248125e+03 
2750600000 8.275975e+03 
2752750000 8.242525e+03 
2754900000 8.251750e+03 
2757050000 8256 
2759200000 8.256625e+03 
2.761350e+09 8.275400e+03 
2763500000 8.273275e+03 
2765650000 8286 
2767800000 8.282100e+03 
2.769950e+09 8.288150e+03 
2772100000 8.271150e+03 
2774250000 8.286625e+03 
2.776400e+09 8.292350e+03 
2778550000 8.278475e+03 
2780700000 8.280850e+03 
2782850000 8.291850e+03 
2785000000 8.276975e+03 
2787150000 8.264100e+03 
2789300000 8.284850e+03 
2791450000 8.319675e+03 
2793600000 8.270900e+03 
2795750000 8.258750e+03 
2797900000 8.273875e+03 
2.800050e+09 8.269950e+03 
2802200000 8.293750e+03 
2804350000 8.249800e+03 
2806500000 8.287775e+03 
2808650000 8.267350e+03 
2810800000 8.288275e+03 
2812950000 8.286275e+03 
2815100000 8.289175e+03 
2817250000 8.259125e+03 
2819400000 8.259575e+03 
2821550000 8.277300e+03 
2823700000 8.296900e+03 
2825850000 8.262400e+03 
2828000000 8.313575e+03 
2.830150e+09 8.290275e+03 
2832300000 8.317125e+03 
2834450000 8.265750e+03 
2836600000 8.292725e+03 
2838750000 8.280800e+03 
2840900000 8.297050e+03 
2843050000 8.278150e+03 
2845200000 8.284950e+03 
2847350000 8.270650e+03 
2849500000 8.280750e+03 
2851650000 8.256125e+03 
2853800000 8.270300e+03 
2855950000 8.304525e+03 
2858100000 8.266525e+03 
2.860250e+09 8.287725e+03 
2862400000 8.303800e+03 
2864550000 8.274325e+03 
2866700000 8.297725e+03 
2868850000 8.256125e+03 
2871000000 8.289025e+03 
2873150000 8.270250e+03 
2875300000 8.274175e+03 
2877450000 8.273775e+03 
2879600000 8.267175e+03 
2881750000 8.273300e+03 
2883900000 8.257950e+03 
2886050000 8.288775e+03 
2888200000 8.280900e+03 
2.890350e+09 8.298750e+03 
2892500000 8.288075e+03 
2894650000 8.275200e+03 
2896800000 8.274775e+03 
2898950000 8.280675e+03 
2901100000 8291 
2903250000 8.288800e+03 
2905400000 8.267350e+03 
2907550000 8.268500e+03 
2909700000 8.261600e+03 
2911850000 8.294375e+03 
2914000000 8.291025e+03 
2916150000 8.299500e+03 
2918300000 8.290100e+03 
2920450000 8.273600e+03 
2922600000 8.292825e+03 
2924750000 8.296200e+03 
2926900000 8.308250e+03 
2929050000 8.309950e+03 
2931200000 8.281675e+03 
2933350000 8.303975e+03 
2935500000 8.287925e+03 
2937650000 8.276200e+03 
2939800000 8.283300e+03 
2941950000 8.289925e+03 
2.944100e+09 8.273050e+03 
2946250000 8.296275e+03 
2948400000 8.280100e+03 
2950550000 8.286975e+03 
2952700000 8.308350e+03 
2954850000 8.280450e+03 
2957000000 8.280625e+03 
2959150000 8.311575e+03 
2961300000 8.297975e+03 
2963450000 8.279550e+03 
2965600000 8.265275e+03 
2967750000 8.292800e+03 
2969900000 8.299625e+03 
2972050000 8.283350e+03 
2974200000 8.282600e+03 
2976350000 8.292475e+03 
2978500000 8.297150e+03 
2980650000 8.291350e+03 
2982800000 8.296300e+03 
2984950000 8.290075e+03 
2987100000 8.300175e+03 
2989250000 8.275550e+03 
2991400000 8.271375e+03 
2993550000 8.291750e+03 
2995700000 8.294400e+03 
2997850000 8.248650e+03 
3000000000 8.288275e+03 

END
