IGOR
WAVES/D/O sweep,sig(1) 
BEGIN
2570000000 8.300825e+03 
2.572150e+09 8304 
2574300000 8.305375e+03 
2576450000 8.311150e+03 
2578600000 8.313900e+03 
2.580750e+09 8.332100e+03 
2582900000 8.317275e+03 
2585050000 8.298325e+03 
2.587200e+09 8.301275e+03 
2589350000 8.317150e+03 
2591500000 8.308600e+03 
2593650000 8.279450e+03 
2.595800e+09 8.299875e+03 
2597950000 8.286350e+03 
2600100000 8.296850e+03 
2.602250e+09 8.333425e+03 
2604400000 8.310475e+03 
2606550000 8.315675e+03 
2608700000 8.316750e+03 
2.610850e+09 8.285250e+03 
2613000000 8.303150e+03 
2615150000 8.301675e+03 
2.617300e+09 8319 
2619450000 8.301650e+03 
2621600000 8323 
2623750000 8.281350e+03 
2.625900e+09 8.268875e+03 
2628050000 8.241650e+03 
2630200000 8.241100e+03 
2.632350e+09 8.274650e+03 
2634500000 8.256950e+03 
2636650000 8.271525e+03 
2638800000 8.286600e+03 
2.640950e+09 8.285500e+03 
2643100000 8.295750e+03 
2645250000 8.288275e+03 
2.647400e+09 8.281275e+03 
2649550000 8.299625e+03 
2651700000 8.300450e+03 
2653850000 8.270150e+03 
2.656000e+09 8.266700e+03 
2658150000 8.282425e+03 
2660300000 8.262200e+03 
2.662450e+09 8.234975e+03 
2664600000 8.265450e+03 
2666750000 8.239550e+03 
2668900000 8.237200e+03 
2.671050e+09 8.234375e+03 
2673200000 8.239525e+03 
2675350000 8.235150e+03 
2677500000 8.241025e+03 
2679650000 8.267500e+03 
2681800000 8.267700e+03 
2683950000 8.299375e+03 
2.686100e+09 8.307400e+03 
2688250000 8.328750e+03 
2690400000 8.306825e+03 
2692550000 8.279825e+03 
2694700000 8.277800e+03 
2696850000 8.310150e+03 
2699000000 8.258125e+03 
2.701150e+09 8.201450e+03 
2703300000 8.220200e+03 
2705450000 8.248150e+03 
2707600000 8.221575e+03 
2.709750e+09 8.244150e+03 
2711900000 8218 
2714050000 8.245650e+03 
2.716200e+09 8.271600e+03 
2718350000 8.277150e+03 
2720500000 8.279400e+03 
2722650000 8.282575e+03 
2724800000 8.277650e+03 
2726950000 8.273300e+03 
2729100000 8.275425e+03 
2.731250e+09 8.296925e+03 
2733400000 8.261125e+03 
2735550000 8.279175e+03 
2737700000 8.251125e+03 
2.739850e+09 8.245250e+03 
2742000000 8.254425e+03 
2744150000 8254 
2.746300e+09 8.267125e+03 
2748450000 8.273175e+03 
2750600000 8.255450e+03 
2752750000 8.255775e+03 
2754900000 8.302600e+03 
2757050000 8.266150e+03 
2759200000 8.285225e+03 
2.761350e+09 8.259450e+03 
2763500000 8.273825e+03 
2765650000 8.258325e+03 
2767800000 8.288850e+03 
2.769950e+09 8.272425e+03 
2772100000 8.281375e+03 
2774250000 8.273800e+03 
2.776400e+09 8.263450e+03 
2778550000 8.280450e+03 
2780700000 8.261025e+03 
2782850000 8.283500e+03 
2785000000 8.267175e+03 
2787150000 8.273450e+03 
2789300000 8.279525e+03 
2791450000 8.289825e+03 
2793600000 8.285175e+03 
2795750000 8.263150e+03 
2797900000 8.287900e+03 
2.800050e+09 8.284025e+03 
2802200000 8.278325e+03 
2804350000 8251 
2806500000 8.284475e+03 
2808650000 8.284075e+03 
2810800000 8.280550e+03 
2812950000 8.271075e+03 
2815100000 8.255600e+03 
2817250000 8.287925e+03 
2819400000 8.276675e+03 
2821550000 8.269375e+03 
2823700000 8.275550e+03 
2825850000 8.285750e+03 
2828000000 8.279975e+03 
2.830150e+09 8.253850e+03 
2832300000 8.252575e+03 
2834450000 8.266450e+03 
2836600000 8.292775e+03 
2838750000 8.269775e+03 
2840900000 8284 
2843050000 8.270275e+03 
2845200000 8.267600e+03 
2847350000 8.264450e+03 
2849500000 8.257550e+03 
2851650000 8.276600e+03 
2853800000 8.280375e+03 
2855950000 8275 
2858100000 8.292100e+03 
2.860250e+09 8.284550e+03 
2862400000 8.282450e+03 
2864550000 8.268900e+03 
2866700000 8.251675e+03 
2868850000 8.286225e+03 
2871000000 8.288950e+03 
2873150000 8.292700e+03 
2875300000 8.268700e+03 
2877450000 8.291875e+03 
2879600000 8.290975e+03 
2881750000 8.328550e+03 
2883900000 8.263625e+03 
2886050000 8.299650e+03 
2888200000 8.286025e+03 
2.890350e+09 8.301475e+03 
2892500000 8.276300e+03 
2894650000 8.282200e+03 
2896800000 8.301500e+03 
2898950000 8.288875e+03 
2901100000 8.273825e+03 
2903250000 8.279200e+03 
2905400000 8.290100e+03 
2907550000 8.265950e+03 
2909700000 8.297075e+03 
2911850000 8.293250e+03 
2914000000 8.272975e+03 
2916150000 8.285150e+03 
2918300000 8.291300e+03 
2920450000 8.291100e+03 
2922600000 8.287425e+03 
2924750000 8.273600e+03 
2926900000 8.286475e+03 
2929050000 8.292325e+03 
2931200000 8.259075e+03 
2933350000 8.287025e+03 
2935500000 8.278550e+03 
2937650000 8.270800e+03 
2939800000 8.273950e+03 
2941950000 8.289775e+03 
2.944100e+09 8.281300e+03 
2946250000 8.275800e+03 
2948400000 8.269625e+03 
2950550000 8.280075e+03 
2952700000 8.282775e+03 
2954850000 8.260350e+03 
2957000000 8.257825e+03 
2959150000 8.275625e+03 
2961300000 8.299975e+03 
2963450000 8.264375e+03 
2965600000 8.294250e+03 
2967750000 8.251500e+03 
2969900000 8.305200e+03 
2972050000 8.291700e+03 
2974200000 8.290175e+03 
2976350000 8.276275e+03 
2978500000 8.300350e+03 
2980650000 8.260150e+03 
2982800000 8.266425e+03 
2984950000 8.287675e+03 
2987100000 8.274925e+03 
2989250000 8.285775e+03 
2991400000 8.279325e+03 
2993550000 8.245625e+03 
2995700000 8.273150e+03 
2997850000 8.275525e+03 
3000000000 8.284625e+03 

END
