IGOR
WAVES/D/O sweep,sig(1) 
BEGIN
2570000000 8.335525e+03 
2.572150e+09 8.326925e+03 
2574300000 8.339825e+03 
2576450000 8.327075e+03 
2578600000 8.321625e+03 
2.580750e+09 8.346950e+03 
2582900000 8.324700e+03 
2585050000 8.315425e+03 
2.587200e+09 8.322050e+03 
2589350000 8.341100e+03 
2591500000 8.338525e+03 
2593650000 8.327200e+03 
2.595800e+09 8.322275e+03 
2597950000 8.333900e+03 
2600100000 8.320075e+03 
2.602250e+09 8.321900e+03 
2604400000 8.325475e+03 
2606550000 8.324400e+03 
2608700000 8.332075e+03 
2.610850e+09 8.341775e+03 
2613000000 8.314050e+03 
2615150000 8.333775e+03 
2.617300e+09 8.307875e+03 
2619450000 8.316225e+03 
2621600000 8.334850e+03 
2623750000 8302 
2.625900e+09 8.286500e+03 
2628050000 8.284600e+03 
2630200000 8.300925e+03 
2.632350e+09 8.292775e+03 
2634500000 8.296075e+03 
2636650000 8.298900e+03 
2638800000 8.300675e+03 
2.640950e+09 8.291875e+03 
2643100000 8.330550e+03 
2645250000 8.328825e+03 
2.647400e+09 8.343525e+03 
2649550000 8.350050e+03 
2651700000 8.325650e+03 
2653850000 8.314700e+03 
2.656000e+09 8.328375e+03 
2658150000 8.313150e+03 
2660300000 8329 
2.662450e+09 8.311700e+03 
2664600000 8.278775e+03 
2666750000 8.274700e+03 
2668900000 8.271925e+03 
2.671050e+09 8229 
2673200000 8.266200e+03 
2675350000 8.247225e+03 
2677500000 8.303225e+03 
2679650000 8.315025e+03 
2681800000 8.289800e+03 
2683950000 8.315400e+03 
2.686100e+09 8.329875e+03 
2688250000 8.324700e+03 
2690400000 8.348600e+03 
2692550000 8.306475e+03 
2694700000 8.319175e+03 
2696850000 8.338550e+03 
2699000000 8.306225e+03 
2.701150e+09 8.283500e+03 
2703300000 8.270875e+03 
2705450000 8.272550e+03 
2707600000 8.262650e+03 
2.709750e+09 8.265575e+03 
2711900000 8.304550e+03 
2714050000 8.283075e+03 
2.716200e+09 8.286425e+03 
2718350000 8.296950e+03 
2720500000 8.302325e+03 
2722650000 8.331075e+03 
2724800000 8.322200e+03 
2726950000 8.330750e+03 
2729100000 8.332625e+03 
2.731250e+09 8.320675e+03 
2733400000 8.315425e+03 
2735550000 8.315825e+03 
2737700000 8.305575e+03 
2.739850e+09 8.295725e+03 
2742000000 8.304500e+03 
2744150000 8.303425e+03 
2.746300e+09 8.301625e+03 
2748450000 8.305175e+03 
2750600000 8.303475e+03 
2752750000 8.315400e+03 
2754900000 8.334200e+03 
2757050000 8.338300e+03 
2759200000 8.323850e+03 
2.761350e+09 8.334875e+03 
2763500000 8.306025e+03 
2765650000 8.336975e+03 
2767800000 8.357225e+03 
2.769950e+09 8.323950e+03 
2772100000 8.336875e+03 
2774250000 8.334225e+03 
2.776400e+09 8.343275e+03 
2778550000 8.317525e+03 
2780700000 8.329075e+03 
2782850000 8.325875e+03 
2785000000 8.337650e+03 
2787150000 8.322975e+03 
2789300000 8.299475e+03 
2791450000 8.316300e+03 
2793600000 8.328375e+03 
2795750000 8.325100e+03 
2797900000 8335 
2.800050e+09 8.350525e+03 
2802200000 8.345750e+03 
2804350000 8.320775e+03 
2806500000 8.332600e+03 
2808650000 8.315150e+03 
2810800000 8.320825e+03 
2812950000 8.303375e+03 
2815100000 8.318150e+03 
2817250000 8.329775e+03 
2819400000 8.332500e+03 
2821550000 8.324325e+03 
2823700000 8.319850e+03 
2825850000 8.327700e+03 
2828000000 8.316450e+03 
2.830150e+09 8.346400e+03 
2832300000 8.328625e+03 
2834450000 8.325175e+03 
2836600000 8.340375e+03 
2838750000 8.333700e+03 
2840900000 8.325750e+03 
2843050000 8.318575e+03 
2845200000 8.339150e+03 
2847350000 8.336150e+03 
2849500000 8.340500e+03 
2851650000 8.357500e+03 
2853800000 8.336450e+03 
2855950000 8.320250e+03 
2858100000 8.306600e+03 
2.860250e+09 8.358225e+03 
2862400000 8.320075e+03 
2864550000 8.328325e+03 
2866700000 8334 
2868850000 8.316450e+03 
2871000000 8.327125e+03 
2873150000 8.327425e+03 
2875300000 8.334775e+03 
2877450000 8.331975e+03 
2879600000 8.341100e+03 
2881750000 8.334300e+03 
2883900000 8.334475e+03 
2886050000 8.332525e+03 
2888200000 8.329275e+03 
2.890350e+09 8.347025e+03 
2892500000 8.330100e+03 
2894650000 8.353400e+03 
2896800000 8.317300e+03 
2898950000 8.319600e+03 
2901100000 8.333575e+03 
2903250000 8.331150e+03 
2905400000 8.338950e+03 
2907550000 8.334825e+03 
2909700000 8.353925e+03 
2911850000 8.357150e+03 
2914000000 8.334925e+03 
2916150000 8.325675e+03 
2918300000 8.337950e+03 
2920450000 8.324450e+03 
2922600000 8.326250e+03 
2924750000 8.337300e+03 
2926900000 8.330100e+03 
2929050000 8.311500e+03 
2931200000 8.308225e+03 
2933350000 8.331100e+03 
2935500000 8.337075e+03 
2937650000 8.316800e+03 
2939800000 8.332300e+03 
2941950000 8.328325e+03 
2.944100e+09 8.330200e+03 
2946250000 8.323400e+03 
2948400000 8.320725e+03 
2950550000 8335 
2952700000 8.357775e+03 
2954850000 8.329200e+03 
2957000000 8.337625e+03 
2959150000 8.342650e+03 
2961300000 8.329925e+03 
2963450000 8.347775e+03 
2965600000 8.302150e+03 
2967750000 8.309775e+03 
2969900000 8.335500e+03 
2972050000 8.315575e+03 
2974200000 8.344975e+03 
2976350000 8.311750e+03 
2978500000 8.340425e+03 
2980650000 8.325825e+03 
2982800000 8.310825e+03 
2984950000 8.310575e+03 
2987100000 8.338850e+03 
2989250000 8.326775e+03 
2991400000 8.349175e+03 
2993550000 8.332725e+03 
2995700000 8.337100e+03 
2997850000 8.320250e+03 
3000000000 8.301150e+03 

END
