IGOR
WAVES/D/O sweep,sig(1) 
BEGIN
2570000000 8.316550e+03 
2.572150e+09 8.335625e+03 
2574300000 8.300575e+03 
2576450000 8.315175e+03 
2578600000 8.311125e+03 
2.580750e+09 8.336975e+03 
2582900000 8.326825e+03 
2585050000 8.314675e+03 
2.587200e+09 8.295700e+03 
2589350000 8.300775e+03 
2591500000 8.295600e+03 
2593650000 8.308725e+03 
2.595800e+09 8.305025e+03 
2597950000 8.311150e+03 
2600100000 8.319325e+03 
2.602250e+09 8.310450e+03 
2604400000 8.333100e+03 
2606550000 8.310325e+03 
2608700000 8.323025e+03 
2.610850e+09 8.319950e+03 
2613000000 8.299075e+03 
2615150000 8.305975e+03 
2.617300e+09 8314 
2619450000 8.283525e+03 
2621600000 8.294425e+03 
2623750000 8.293125e+03 
2.625900e+09 8.287975e+03 
2628050000 8.312575e+03 
2630200000 8.277900e+03 
2.632350e+09 8.280400e+03 
2634500000 8.271350e+03 
2636650000 8.272775e+03 
2638800000 8.294200e+03 
2.640950e+09 8.308800e+03 
2643100000 8.298150e+03 
2645250000 8.338500e+03 
2.647400e+09 8.309700e+03 
2649550000 8.297125e+03 
2651700000 8.328850e+03 
2653850000 8.315625e+03 
2.656000e+09 8.312300e+03 
2658150000 8.299200e+03 
2660300000 8.282650e+03 
2.662450e+09 8.288475e+03 
2664600000 8.256350e+03 
2666750000 8.244250e+03 
2668900000 8.262325e+03 
2.671050e+09 8.222450e+03 
2673200000 8.256825e+03 
2675350000 8.255550e+03 
2677500000 8.256300e+03 
2679650000 8.289275e+03 
2681800000 8.281300e+03 
2683950000 8.275075e+03 
2.686100e+09 8.305425e+03 
2688250000 8.330775e+03 
2690400000 8.289100e+03 
2692550000 8.316675e+03 
2694700000 8.305400e+03 
2696850000 8.279425e+03 
2699000000 8.266850e+03 
2.701150e+09 8.253175e+03 
2703300000 8.231850e+03 
2705450000 8.232725e+03 
2707600000 8.248150e+03 
2.709750e+09 8.238375e+03 
2711900000 8.276050e+03 
2714050000 8.280725e+03 
2.716200e+09 8.288150e+03 
2718350000 8.271175e+03 
2720500000 8.289900e+03 
2722650000 8.295700e+03 
2724800000 8.305150e+03 
2726950000 8.289250e+03 
2729100000 8.297300e+03 
2.731250e+09 8.274850e+03 
2733400000 8.301200e+03 
2735550000 8.287675e+03 
2737700000 8.261150e+03 
2.739850e+09 8.279350e+03 
2742000000 8.284750e+03 
2744150000 8.261450e+03 
2.746300e+09 8.255450e+03 
2748450000 8.306800e+03 
2750600000 8.296575e+03 
2752750000 8.284825e+03 
2754900000 8.332075e+03 
2757050000 8.302525e+03 
2759200000 8314 
2.761350e+09 8.324350e+03 
2763500000 8.291550e+03 
2765650000 8.315025e+03 
2767800000 8.312475e+03 
2.769950e+09 8.309550e+03 
2772100000 8.299225e+03 
2774250000 8.295250e+03 
2.776400e+09 8.330150e+03 
2778550000 8.297750e+03 
2780700000 8301 
2782850000 8.321350e+03 
2785000000 8.325375e+03 
2787150000 8.304750e+03 
2789300000 8.295475e+03 
2791450000 8.296125e+03 
2793600000 8.310400e+03 
2795750000 8.304375e+03 
2797900000 8.308750e+03 
2.800050e+09 8.322925e+03 
2802200000 8.303900e+03 
2804350000 8.299625e+03 
2806500000 8.302850e+03 
2808650000 8.319750e+03 
2810800000 8.325825e+03 
2812950000 8.310525e+03 
2815100000 8.326125e+03 
2817250000 8.311275e+03 
2819400000 8.329925e+03 
2821550000 8.336025e+03 
2823700000 8.300025e+03 
2825850000 8.311375e+03 
2828000000 8.332775e+03 
2.830150e+09 8.318925e+03 
2832300000 8.289950e+03 
2834450000 8.329550e+03 
2836600000 8.316500e+03 
2838750000 8.312450e+03 
2840900000 8.332925e+03 
2843050000 8.322250e+03 
2845200000 8.319350e+03 
2847350000 8.299925e+03 
2849500000 8.322500e+03 
2851650000 8.295025e+03 
2853800000 8.336875e+03 
2855950000 8.334825e+03 
2858100000 8.317325e+03 
2.860250e+09 8.324950e+03 
2862400000 8.333550e+03 
2864550000 8.325425e+03 
2866700000 8.308600e+03 
2868850000 8.319375e+03 
2871000000 8.317800e+03 
2873150000 8.308275e+03 
2875300000 8.304350e+03 
2877450000 8.299475e+03 
2879600000 8.306825e+03 
2881750000 8.317100e+03 
2883900000 8.311525e+03 
2886050000 8.321450e+03 
2888200000 8.284900e+03 
2.890350e+09 8332 
2892500000 8.312875e+03 
2894650000 8.311925e+03 
2896800000 8.336475e+03 
2898950000 8.315425e+03 
2901100000 8.317325e+03 
2903250000 8.307675e+03 
2905400000 8.300225e+03 
2907550000 8.336050e+03 
2909700000 8.319150e+03 
2911850000 8.311150e+03 
2914000000 8.316150e+03 
2916150000 8.316500e+03 
2918300000 8.326775e+03 
2920450000 8.327700e+03 
2922600000 8.326700e+03 
2924750000 8.292725e+03 
2926900000 8.318525e+03 
2929050000 8.322625e+03 
2931200000 8302 
2933350000 8.297775e+03 
2935500000 8.324300e+03 
2937650000 8.316175e+03 
2939800000 8.299400e+03 
2941950000 8.314325e+03 
2.944100e+09 8.309025e+03 
2946250000 8.323375e+03 
2948400000 8.308300e+03 
2950550000 8.332275e+03 
2952700000 8.330325e+03 
2954850000 8.298375e+03 
2957000000 8.300650e+03 
2959150000 8.320125e+03 
2961300000 8.307425e+03 
2963450000 8.293700e+03 
2965600000 8.315800e+03 
2967750000 8.297150e+03 
2969900000 8.309850e+03 
2972050000 8.311025e+03 
2974200000 8.304925e+03 
2976350000 8.298550e+03 
2978500000 8.339625e+03 
2980650000 8.313900e+03 
2982800000 8.328475e+03 
2984950000 8.327175e+03 
2987100000 8.319625e+03 
2989250000 8.349825e+03 
2991400000 8.300400e+03 
2993550000 8.343550e+03 
2995700000 8.309025e+03 
2997850000 8.308375e+03 
3000000000 8.296700e+03 

END
