IGOR
WAVES/D/O sweep,sig(1) 
BEGIN
2570000000 8.320825e+03 
2.572150e+09 8.324425e+03 
2574300000 8.343150e+03 
2576450000 8.340850e+03 
2578600000 8.311750e+03 
2.580750e+09 8.327650e+03 
2582900000 8.330875e+03 
2585050000 8.338675e+03 
2.587200e+09 8.320950e+03 
2589350000 8.344725e+03 
2591500000 8.320600e+03 
2593650000 8.317050e+03 
2.595800e+09 8.306975e+03 
2597950000 8.329450e+03 
2600100000 8.325625e+03 
2.602250e+09 8.320700e+03 
2604400000 8.312800e+03 
2606550000 8.335875e+03 
2608700000 8.319025e+03 
2.610850e+09 8.320075e+03 
2613000000 8.298025e+03 
2615150000 8.321400e+03 
2.617300e+09 8.292750e+03 
2619450000 8.315825e+03 
2621600000 8.311600e+03 
2623750000 8.290450e+03 
2.625900e+09 8.267875e+03 
2628050000 8.268175e+03 
2630200000 8.250650e+03 
2.632350e+09 8.287275e+03 
2634500000 8.293650e+03 
2636650000 8.286175e+03 
2638800000 8.271450e+03 
2.640950e+09 8.293600e+03 
2643100000 8.303675e+03 
2645250000 8.312850e+03 
2.647400e+09 8.316150e+03 
2649550000 8.322400e+03 
2651700000 8.327250e+03 
2653850000 8.342825e+03 
2.656000e+09 8.349250e+03 
2658150000 8.321650e+03 
2660300000 8.309400e+03 
2.662450e+09 8.312075e+03 
2664600000 8.295225e+03 
2666750000 8.238400e+03 
2668900000 8.240050e+03 
2.671050e+09 8.279275e+03 
2673200000 8.273500e+03 
2675350000 8.256975e+03 
2677500000 8.279225e+03 
2679650000 8.282125e+03 
2681800000 8.316100e+03 
2683950000 8.321325e+03 
2.686100e+09 8.332800e+03 
2688250000 8.346950e+03 
2690400000 8.332650e+03 
2692550000 8.325825e+03 
2694700000 8.312625e+03 
2696850000 8.310350e+03 
2699000000 8.299375e+03 
2.701150e+09 8.255150e+03 
2703300000 8.246525e+03 
2705450000 8.241225e+03 
2707600000 8.259950e+03 
2.709750e+09 8.246650e+03 
2711900000 8.283125e+03 
2714050000 8.297875e+03 
2.716200e+09 8.304975e+03 
2718350000 8.322525e+03 
2720500000 8.332050e+03 
2722650000 8.325350e+03 
2724800000 8.343200e+03 
2726950000 8.328100e+03 
2729100000 8.318325e+03 
2.731250e+09 8.328625e+03 
2733400000 8.325150e+03 
2735550000 8.317875e+03 
2737700000 8.309500e+03 
2.739850e+09 8.290125e+03 
2742000000 8.299800e+03 
2744150000 8.271450e+03 
2.746300e+09 8.283050e+03 
2748450000 8.294975e+03 
2750600000 8.323725e+03 
2752750000 8.314425e+03 
2754900000 8.325850e+03 
2757050000 8.320575e+03 
2759200000 8.363350e+03 
2.761350e+09 8.329950e+03 
2763500000 8.337175e+03 
2765650000 8.317675e+03 
2767800000 8.320375e+03 
2.769950e+09 8.311025e+03 
2772100000 8.334750e+03 
2774250000 8.352600e+03 
2.776400e+09 8.324875e+03 
2778550000 8.354825e+03 
2780700000 8.322650e+03 
2782850000 8330 
2785000000 8.345250e+03 
2787150000 8.334850e+03 
2789300000 8.334250e+03 
2791450000 8.309450e+03 
2793600000 8.336750e+03 
2795750000 8.347075e+03 
2797900000 8.338900e+03 
2.800050e+09 8.358725e+03 
2802200000 8.326225e+03 
2804350000 8.315050e+03 
2806500000 8.336825e+03 
2808650000 8.344850e+03 
2810800000 8.326475e+03 
2812950000 8.310950e+03 
2815100000 8.341050e+03 
2817250000 8.319125e+03 
2819400000 8.324025e+03 
2821550000 8.322925e+03 
2823700000 8.320275e+03 
2825850000 8.303250e+03 
2828000000 8.313400e+03 
2.830150e+09 8.311450e+03 
2832300000 8.298950e+03 
2834450000 8.312550e+03 
2836600000 8.344300e+03 
2838750000 8.316800e+03 
2840900000 8.316325e+03 
2843050000 8.326275e+03 
2845200000 8.318300e+03 
2847350000 8.326950e+03 
2849500000 8.317900e+03 
2851650000 8.324500e+03 
2853800000 8.307950e+03 
2855950000 8.330550e+03 
2858100000 8.336175e+03 
2.860250e+09 8.340400e+03 
2862400000 8.318475e+03 
2864550000 8.323025e+03 
2866700000 8.344800e+03 
2868850000 8.328675e+03 
2871000000 8.329800e+03 
2873150000 8.319850e+03 
2875300000 8.326100e+03 
2877450000 8.314800e+03 
2879600000 8.332375e+03 
2881750000 8.320675e+03 
2883900000 8.332075e+03 
2886050000 8.324950e+03 
2888200000 8.330125e+03 
2.890350e+09 8.328775e+03 
2892500000 8.326200e+03 
2894650000 8.311050e+03 
2896800000 8.321500e+03 
2898950000 8.316475e+03 
2901100000 8.333925e+03 
2903250000 8.331525e+03 
2905400000 8.292675e+03 
2907550000 8.342225e+03 
2909700000 8.349750e+03 
2911850000 8.319825e+03 
2914000000 8.322600e+03 
2916150000 8.325400e+03 
2918300000 8.323900e+03 
2920450000 8.325225e+03 
2922600000 8.360250e+03 
2924750000 8.341875e+03 
2926900000 8.335400e+03 
2929050000 8.337700e+03 
2931200000 8.316075e+03 
2933350000 8.347425e+03 
2935500000 8.328700e+03 
2937650000 8.338825e+03 
2939800000 8.332725e+03 
2941950000 8343 
2.944100e+09 8.355375e+03 
2946250000 8.345550e+03 
2948400000 8.313075e+03 
2950550000 8.328800e+03 
2952700000 8.335525e+03 
2954850000 8.340350e+03 
2957000000 8.364150e+03 
2959150000 8.334450e+03 
2961300000 8.348050e+03 
2963450000 8.324825e+03 
2965600000 8.302500e+03 
2967750000 8345 
2969900000 8.337200e+03 
2972050000 8.322275e+03 
2974200000 8.328900e+03 
2976350000 8.324475e+03 
2978500000 8.317975e+03 
2980650000 8.314025e+03 
2982800000 8.342225e+03 
2984950000 8.328425e+03 
2987100000 8.343325e+03 
2989250000 8.321050e+03 
2991400000 8.337875e+03 
2993550000 8.330350e+03 
2995700000 8.354300e+03 
2997850000 8.340325e+03 
3000000000 8.349225e+03 

END
