IGOR
WAVES/D/O sweep,sig(1) 
BEGIN
2570000000 8.393050e+03 
2.572150e+09 8.375900e+03 
2574300000 8.385800e+03 
2576450000 8.382850e+03 
2578600000 8.402525e+03 
2.580750e+09 8.413675e+03 
2582900000 8.388725e+03 
2585050000 8.399750e+03 
2.587200e+09 8.390450e+03 
2589350000 8.374600e+03 
2591500000 8.396225e+03 
2593650000 8.388700e+03 
2.595800e+09 8.392450e+03 
2597950000 8.389075e+03 
2600100000 8.399100e+03 
2.602250e+09 8.389850e+03 
2604400000 8.384300e+03 
2606550000 8.393100e+03 
2608700000 8.405425e+03 
2.610850e+09 8.388675e+03 
2613000000 8.410400e+03 
2615150000 8.391450e+03 
2.617300e+09 8.378300e+03 
2619450000 8.414875e+03 
2621600000 8.381700e+03 
2623750000 8.365375e+03 
2.625900e+09 8.380250e+03 
2628050000 8.359950e+03 
2630200000 8.363975e+03 
2.632350e+09 8.351150e+03 
2634500000 8.365400e+03 
2636650000 8.363550e+03 
2638800000 8.349475e+03 
2.640950e+09 8.384050e+03 
2643100000 8.364725e+03 
2645250000 8.385150e+03 
2.647400e+09 8.404600e+03 
2649550000 8.399425e+03 
2651700000 8.397275e+03 
2653850000 8.392025e+03 
2.656000e+09 8.377350e+03 
2658150000 8.393275e+03 
2660300000 8.387150e+03 
2.662450e+09 8.345800e+03 
2664600000 8.348150e+03 
2666750000 8.345350e+03 
2668900000 8.335875e+03 
2.671050e+09 8.309525e+03 
2673200000 8.318825e+03 
2675350000 8.324600e+03 
2677500000 8.353775e+03 
2679650000 8.381325e+03 
2681800000 8.382950e+03 
2683950000 8.409925e+03 
2.686100e+09 8.395725e+03 
2688250000 8.418825e+03 
2690400000 8.404975e+03 
2692550000 8.396675e+03 
2694700000 8.390925e+03 
2696850000 8.380100e+03 
2699000000 8.368800e+03 
2.701150e+09 8.316775e+03 
2703300000 8.329050e+03 
2705450000 8.334025e+03 
2707600000 8.343475e+03 
2.709750e+09 8.362550e+03 
2711900000 8.333750e+03 
2714050000 8.358300e+03 
2.716200e+09 8387 
2718350000 8.410875e+03 
2720500000 8.393900e+03 
2722650000 8.411350e+03 
2724800000 8.407850e+03 
2726950000 8.396350e+03 
2729100000 8.390600e+03 
2.731250e+09 8.387200e+03 
2733400000 8.388725e+03 
2735550000 8.362625e+03 
2737700000 8354 
2.739850e+09 8.373525e+03 
2742000000 8.358500e+03 
2744150000 8.355375e+03 
2.746300e+09 8.400150e+03 
2748450000 8.378200e+03 
2750600000 8.385900e+03 
2752750000 8.388750e+03 
2754900000 8.399300e+03 
2757050000 8.397025e+03 
2759200000 8.384225e+03 
2.761350e+09 8.389725e+03 
2763500000 8.404575e+03 
2765650000 8.397250e+03 
2767800000 8.401125e+03 
2.769950e+09 8.383550e+03 
2772100000 8.405925e+03 
2774250000 8.392350e+03 
2.776400e+09 8.390950e+03 
2778550000 8.396075e+03 
2780700000 8.399750e+03 
2782850000 8.367075e+03 
2785000000 8.392425e+03 
2787150000 8.406175e+03 
2789300000 8.408700e+03 
2791450000 8.390975e+03 
2793600000 8.395300e+03 
2795750000 8.400300e+03 
2797900000 8.395525e+03 
2.800050e+09 8398 
2802200000 8.393050e+03 
2804350000 8.381325e+03 
2806500000 8.387650e+03 
2808650000 8.404800e+03 
2810800000 8.389350e+03 
2812950000 8.389825e+03 
2815100000 8.408350e+03 
2817250000 8.391825e+03 
2819400000 8.383575e+03 
2821550000 8.381200e+03 
2823700000 8.379525e+03 
2825850000 8.365050e+03 
2828000000 8.404425e+03 
2.830150e+09 8.394025e+03 
2832300000 8.378450e+03 
2834450000 8.393475e+03 
2836600000 8.387650e+03 
2838750000 8.397125e+03 
2840900000 8.390075e+03 
2843050000 8.391600e+03 
2845200000 8.377500e+03 
2847350000 8.399275e+03 
2849500000 8.401950e+03 
2851650000 8.401650e+03 
2853800000 8.393875e+03 
2855950000 8.405550e+03 
2858100000 8.415475e+03 
2.860250e+09 8.400800e+03 
2862400000 8.393100e+03 
2864550000 8.404275e+03 
2866700000 8.398375e+03 
2868850000 8.380025e+03 
2871000000 8.389400e+03 
2873150000 8.386475e+03 
2875300000 8.414300e+03 
2877450000 8.393950e+03 
2879600000 8.383700e+03 
2881750000 8.380625e+03 
2883900000 8397 
2886050000 8.393725e+03 
2888200000 8.396075e+03 
2.890350e+09 8.399625e+03 
2892500000 8.377050e+03 
2894650000 8.369450e+03 
2896800000 8.415200e+03 
2898950000 8.403450e+03 
2901100000 8.377075e+03 
2903250000 8.387050e+03 
2905400000 8.402725e+03 
2907550000 8.380900e+03 
2909700000 8.395500e+03 
2911850000 8.372600e+03 
2914000000 8.386675e+03 
2916150000 8.386500e+03 
2918300000 8.394175e+03 
2920450000 8.372300e+03 
2922600000 8.407225e+03 
2924750000 8.388275e+03 
2926900000 8.417450e+03 
2929050000 8.400900e+03 
2931200000 8.394275e+03 
2933350000 8.399700e+03 
2935500000 8.394825e+03 
2937650000 8.379675e+03 
2939800000 8.407125e+03 
2941950000 8.393825e+03 
2.944100e+09 8.391600e+03 
2946250000 8.388850e+03 
2948400000 8.390225e+03 
2950550000 8.381025e+03 
2952700000 8.415700e+03 
2954850000 8.404475e+03 
2957000000 8.384300e+03 
2959150000 8.405300e+03 
2961300000 8.387175e+03 
2963450000 8.396150e+03 
2965600000 8.380975e+03 
2967750000 8.393400e+03 
2969900000 8.394750e+03 
2972050000 8.395200e+03 
2974200000 8.387375e+03 
2976350000 8.392425e+03 
2978500000 8.401175e+03 
2980650000 8.380775e+03 
2982800000 8.384550e+03 
2984950000 8.411975e+03 
2987100000 8.392500e+03 
2989250000 8.392575e+03 
2991400000 8.381900e+03 
2993550000 8.370975e+03 
2995700000 8.383350e+03 
2997850000 8.401100e+03 
3000000000 8.389625e+03 

END
