IGOR
WAVES/D/O sweep,sig(1) 
BEGIN
2570000000 8.217425e+03 
2.572150e+09 8.222350e+03 
2574300000 8.227375e+03 
2576450000 8.237350e+03 
2578600000 8.236925e+03 
2.580750e+09 8.235400e+03 
2582900000 8.211425e+03 
2585050000 8.217450e+03 
2.587200e+09 8.238350e+03 
2589350000 8.208975e+03 
2591500000 8.240650e+03 
2593650000 8.243700e+03 
2.595800e+09 8.229825e+03 
2597950000 8.224400e+03 
2600100000 8.243750e+03 
2.602250e+09 8.256925e+03 
2604400000 8.217625e+03 
2606550000 8.240225e+03 
2608700000 8.258900e+03 
2.610850e+09 8.241775e+03 
2613000000 8.236475e+03 
2615150000 8.249400e+03 
2.617300e+09 8.231200e+03 
2619450000 8.241525e+03 
2621600000 8.197800e+03 
2623750000 8.203250e+03 
2.625900e+09 8.229025e+03 
2628050000 8.209350e+03 
2630200000 8.201850e+03 
2.632350e+09 8.190225e+03 
2634500000 8.179900e+03 
2636650000 8.212100e+03 
2638800000 8.210200e+03 
2.640950e+09 8.211175e+03 
2643100000 8.224275e+03 
2645250000 8.259275e+03 
2.647400e+09 8.249225e+03 
2649550000 8.233275e+03 
2651700000 8.253375e+03 
2653850000 8.239900e+03 
2.656000e+09 8.209150e+03 
2658150000 8.243775e+03 
2660300000 8.220775e+03 
2.662450e+09 8.218125e+03 
2664600000 8.197600e+03 
2666750000 8.166500e+03 
2668900000 8.174575e+03 
2.671050e+09 8183 
2673200000 8.148800e+03 
2675350000 8.183325e+03 
2677500000 8.200150e+03 
2679650000 8.192375e+03 
2681800000 8.204100e+03 
2683950000 8.225525e+03 
2.686100e+09 8.245275e+03 
2688250000 8.225675e+03 
2690400000 8.235125e+03 
2692550000 8.220125e+03 
2694700000 8.227075e+03 
2696850000 8.236925e+03 
2699000000 8.203250e+03 
2.701150e+09 8.172100e+03 
2703300000 8182 
2705450000 8.150625e+03 
2707600000 8.190125e+03 
2.709750e+09 8.205525e+03 
2711900000 8.204750e+03 
2714050000 8.224575e+03 
2.716200e+09 8.236975e+03 
2718350000 8.209475e+03 
2720500000 8.240550e+03 
2722650000 8263 
2724800000 8.263725e+03 
2726950000 8.230475e+03 
2729100000 8.256475e+03 
2.731250e+09 8.224300e+03 
2733400000 8.227150e+03 
2735550000 8.225050e+03 
2737700000 8.209525e+03 
2.739850e+09 8.220525e+03 
2742000000 8206 
2744150000 8.193725e+03 
2.746300e+09 8.195325e+03 
2748450000 8.182950e+03 
2750600000 8.230650e+03 
2752750000 8.218750e+03 
2754900000 8.226225e+03 
2757050000 8.213075e+03 
2759200000 8.242100e+03 
2.761350e+09 8.238075e+03 
2763500000 8.229775e+03 
2765650000 8.232725e+03 
2767800000 8.246825e+03 
2.769950e+09 8.228575e+03 
2772100000 8.232075e+03 
2774250000 8.234825e+03 
2.776400e+09 8.242075e+03 
2778550000 8.218350e+03 
2780700000 8.230600e+03 
2782850000 8.234875e+03 
2785000000 8.248250e+03 
2787150000 8.219400e+03 
2789300000 8.244300e+03 
2791450000 8.258675e+03 
2793600000 8.238325e+03 
2795750000 8.255050e+03 
2797900000 8.225950e+03 
2.800050e+09 8.229775e+03 
2802200000 8.224700e+03 
2804350000 8.225375e+03 
2806500000 8.225025e+03 
2808650000 8.209200e+03 
2810800000 8.207850e+03 
2812950000 8.248675e+03 
2815100000 8.238875e+03 
2817250000 8226 
2819400000 8.223625e+03 
2821550000 8.262825e+03 
2823700000 8.250975e+03 
2825850000 8.251975e+03 
2828000000 8.202350e+03 
2.830150e+09 8.211425e+03 
2832300000 8.220300e+03 
2834450000 8.243325e+03 
2836600000 8.231250e+03 
2838750000 8.239950e+03 
2840900000 8.231425e+03 
2843050000 8.212125e+03 
2845200000 8.219350e+03 
2847350000 8224 
2849500000 8.243825e+03 
2851650000 8.227325e+03 
2853800000 8.242600e+03 
2855950000 8.241725e+03 
2858100000 8.221825e+03 
2.860250e+09 8.239500e+03 
2862400000 8.235125e+03 
2864550000 8.265550e+03 
2866700000 8.214150e+03 
2868850000 8.214925e+03 
2871000000 8.235100e+03 
2873150000 8.239625e+03 
2875300000 8.236425e+03 
2877450000 8.220150e+03 
2879600000 8.224175e+03 
2881750000 8.251825e+03 
2883900000 8.229175e+03 
2886050000 8.242775e+03 
2888200000 8.231675e+03 
2.890350e+09 8.229400e+03 
2892500000 8.243150e+03 
2894650000 8.227150e+03 
2896800000 8.230975e+03 
2898950000 8.247800e+03 
2901100000 8.231250e+03 
2903250000 8.243700e+03 
2905400000 8.250550e+03 
2907550000 8.257325e+03 
2909700000 8.225525e+03 
2911850000 8.235950e+03 
2914000000 8.228200e+03 
2916150000 8.252150e+03 
2918300000 8.228075e+03 
2920450000 8.236875e+03 
2922600000 8.255025e+03 
2924750000 8.246750e+03 
2926900000 8.239550e+03 
2929050000 8.240275e+03 
2931200000 8.247800e+03 
2933350000 8.260300e+03 
2935500000 8.239025e+03 
2937650000 8.222550e+03 
2939800000 8.221500e+03 
2941950000 8.223175e+03 
2.944100e+09 8.237200e+03 
2946250000 8.245525e+03 
2948400000 8.225050e+03 
2950550000 8238 
2952700000 8.215775e+03 
2954850000 8.231075e+03 
2957000000 8.255400e+03 
2959150000 8.229825e+03 
2961300000 8.239600e+03 
2963450000 8.251025e+03 
2965600000 8.232825e+03 
2967750000 8.218800e+03 
2969900000 8.254875e+03 
2972050000 8.235100e+03 
2974200000 8.243975e+03 
2976350000 8.243325e+03 
2978500000 8.243400e+03 
2980650000 8242 
2982800000 8.227675e+03 
2984950000 8233 
2987100000 8.245725e+03 
2989250000 8.236700e+03 
2991400000 8.243550e+03 
2993550000 8.247200e+03 
2995700000 8.248800e+03 
2997850000 8.210500e+03 
3000000000 8.217575e+03 

END
