IGOR
WAVES/D/O sweep,sig(1) 
BEGIN
2570000000 8.199200e+03 
2.572150e+09 8.190825e+03 
2574300000 8.209150e+03 
2576450000 8.198075e+03 
2578600000 8.207825e+03 
2.580750e+09 8.210425e+03 
2582900000 8.211875e+03 
2585050000 8.231550e+03 
2.587200e+09 8.202025e+03 
2589350000 8.203775e+03 
2591500000 8.192625e+03 
2593650000 8.215700e+03 
2.595800e+09 8.184600e+03 
2597950000 8.195825e+03 
2600100000 8.193900e+03 
2.602250e+09 8.219800e+03 
2604400000 8.211650e+03 
2606550000 8.218450e+03 
2608700000 8.212600e+03 
2.610850e+09 8.205900e+03 
2613000000 8.221700e+03 
2615150000 8.208450e+03 
2.617300e+09 8.194025e+03 
2619450000 8.180025e+03 
2621600000 8.187625e+03 
2623750000 8.200975e+03 
2.625900e+09 8.156725e+03 
2628050000 8.159075e+03 
2630200000 8.162650e+03 
2.632350e+09 8.186175e+03 
2634500000 8.174875e+03 
2636650000 8.167850e+03 
2638800000 8.161350e+03 
2.640950e+09 8.195100e+03 
2643100000 8.207275e+03 
2645250000 8.205675e+03 
2.647400e+09 8.191400e+03 
2649550000 8.219650e+03 
2651700000 8.217025e+03 
2653850000 8.206100e+03 
2.656000e+09 8.213825e+03 
2658150000 8.198475e+03 
2660300000 8.213250e+03 
2.662450e+09 8.158325e+03 
2664600000 8.161275e+03 
2666750000 8.111150e+03 
2668900000 8.135200e+03 
2.671050e+09 8.121125e+03 
2673200000 8.137875e+03 
2675350000 8.112200e+03 
2677500000 8.150300e+03 
2679650000 8.159800e+03 
2681800000 8.198400e+03 
2683950000 8.183750e+03 
2.686100e+09 8.200225e+03 
2688250000 8.166225e+03 
2690400000 8.192350e+03 
2692550000 8.189775e+03 
2694700000 8.171300e+03 
2696850000 8.178150e+03 
2699000000 8.152675e+03 
2.701150e+09 8.088575e+03 
2703300000 8.098350e+03 
2705450000 8.108500e+03 
2707600000 8.116475e+03 
2.709750e+09 8.105975e+03 
2711900000 8.141025e+03 
2714050000 8.146250e+03 
2.716200e+09 8.168750e+03 
2718350000 8.156250e+03 
2720500000 8.166250e+03 
2722650000 8.175050e+03 
2724800000 8.178650e+03 
2726950000 8.176150e+03 
2729100000 8.187275e+03 
2.731250e+09 8.195150e+03 
2733400000 8.155650e+03 
2735550000 8.181425e+03 
2737700000 8.154575e+03 
2.739850e+09 8.142600e+03 
2742000000 8.140850e+03 
2744150000 8.147650e+03 
2.746300e+09 8.145850e+03 
2748450000 8.135225e+03 
2750600000 8.186650e+03 
2752750000 8.150800e+03 
2754900000 8.160925e+03 
2757050000 8.194500e+03 
2759200000 8.187025e+03 
2.761350e+09 8.188750e+03 
2763500000 8184 
2765650000 8.210100e+03 
2767800000 8.210625e+03 
2.769950e+09 8.206300e+03 
2772100000 8.204825e+03 
2774250000 8.178125e+03 
2.776400e+09 8.207525e+03 
2778550000 8.178025e+03 
2780700000 8.209450e+03 
2782850000 8.175150e+03 
2785000000 8.180100e+03 
2787150000 8.202275e+03 
2789300000 8.164650e+03 
2791450000 8.175250e+03 
2793600000 8.183050e+03 
2795750000 8.205200e+03 
2797900000 8.207875e+03 
2.800050e+09 8.195725e+03 
2802200000 8.175475e+03 
2804350000 8.207600e+03 
2806500000 8.200200e+03 
2808650000 8.198325e+03 
2810800000 8.193100e+03 
2812950000 8.181650e+03 
2815100000 8.168375e+03 
2817250000 8.181025e+03 
2819400000 8.186500e+03 
2821550000 8.199800e+03 
2823700000 8.202625e+03 
2825850000 8.193525e+03 
2828000000 8.190950e+03 
2.830150e+09 8.163025e+03 
2832300000 8.186750e+03 
2834450000 8.195025e+03 
2836600000 8.176650e+03 
2838750000 8.190325e+03 
2840900000 8.176100e+03 
2843050000 8.209375e+03 
2845200000 8.217975e+03 
2847350000 8.194200e+03 
2849500000 8.188125e+03 
2851650000 8.188125e+03 
2853800000 8.215675e+03 
2855950000 8.215275e+03 
2858100000 8.221725e+03 
2.860250e+09 8.188550e+03 
2862400000 8.180700e+03 
2864550000 8.239425e+03 
2866700000 8.205575e+03 
2868850000 8.198750e+03 
2871000000 8.220100e+03 
2873150000 8.200250e+03 
2875300000 8.199350e+03 
2877450000 8.223050e+03 
2879600000 8.211350e+03 
2881750000 8.221550e+03 
2883900000 8.226875e+03 
2886050000 8.197425e+03 
2888200000 8.198850e+03 
2.890350e+09 8.209225e+03 
2892500000 8.201400e+03 
2894650000 8.208075e+03 
2896800000 8.227275e+03 
2898950000 8.217575e+03 
2901100000 8.227875e+03 
2903250000 8.229700e+03 
2905400000 8.203900e+03 
2907550000 8.236050e+03 
2909700000 8.231700e+03 
2911850000 8.197425e+03 
2914000000 8.192925e+03 
2916150000 8.227675e+03 
2918300000 8.215700e+03 
2920450000 8.212600e+03 
2922600000 8.189825e+03 
2924750000 8.201325e+03 
2926900000 8.207725e+03 
2929050000 8.209650e+03 
2931200000 8.235300e+03 
2933350000 8.228200e+03 
2935500000 8.226725e+03 
2937650000 8.224875e+03 
2939800000 8.210675e+03 
2941950000 8.228625e+03 
2.944100e+09 8.216400e+03 
2946250000 8.215750e+03 
2948400000 8.206950e+03 
2950550000 8.225550e+03 
2952700000 8.244950e+03 
2954850000 8.217675e+03 
2957000000 8.213050e+03 
2959150000 8.207925e+03 
2961300000 8.230875e+03 
2963450000 8.232250e+03 
2965600000 8.225350e+03 
2967750000 8.239350e+03 
2969900000 8.193100e+03 
2972050000 8.215675e+03 
2974200000 8.188800e+03 
2976350000 8.201775e+03 
2978500000 8.213600e+03 
2980650000 8.198500e+03 
2982800000 8.225575e+03 
2984950000 8.187325e+03 
2987100000 8.201575e+03 
2989250000 8.218600e+03 
2991400000 8.197050e+03 
2993550000 8.218550e+03 
2995700000 8.228450e+03 
2997850000 8.217725e+03 
3000000000 8.209250e+03 

END
