IGOR
WAVES/D/O sweep,sig(1) 
BEGIN
2570000000 8.292475e+03 
2.572150e+09 8.306075e+03 
2574300000 8.309875e+03 
2576450000 8.325550e+03 
2578600000 8.312475e+03 
2.580750e+09 8.314575e+03 
2582900000 8.326925e+03 
2585050000 8.306450e+03 
2.587200e+09 8.311200e+03 
2589350000 8.325850e+03 
2591500000 8.328175e+03 
2593650000 8.317800e+03 
2.595800e+09 8.315750e+03 
2597950000 8.307400e+03 
2600100000 8.319725e+03 
2.602250e+09 8.335775e+03 
2604400000 8.324025e+03 
2606550000 8.321025e+03 
2608700000 8.321700e+03 
2.610850e+09 8.335625e+03 
2613000000 8.318500e+03 
2615150000 8.320750e+03 
2.617300e+09 8.307625e+03 
2619450000 8.345700e+03 
2621600000 8.307625e+03 
2623750000 8.293850e+03 
2.625900e+09 8313 
2628050000 8.287700e+03 
2630200000 8.276925e+03 
2.632350e+09 8.272350e+03 
2634500000 8.265600e+03 
2636650000 8.278600e+03 
2638800000 8.290100e+03 
2.640950e+09 8.313350e+03 
2643100000 8.338275e+03 
2645250000 8.307200e+03 
2.647400e+09 8.294525e+03 
2649550000 8.327200e+03 
2651700000 8.349475e+03 
2653850000 8.312900e+03 
2.656000e+09 8.299275e+03 
2658150000 8.313900e+03 
2660300000 8.279875e+03 
2.662450e+09 8.285275e+03 
2664600000 8.255225e+03 
2666750000 8.268600e+03 
2668900000 8.236875e+03 
2.671050e+09 8.249375e+03 
2673200000 8.261675e+03 
2675350000 8.261975e+03 
2677500000 8.291300e+03 
2679650000 8.301550e+03 
2681800000 8.300525e+03 
2683950000 8.306925e+03 
2.686100e+09 8.315225e+03 
2688250000 8.325100e+03 
2690400000 8.333975e+03 
2692550000 8.324375e+03 
2694700000 8.299850e+03 
2696850000 8.289650e+03 
2699000000 8.291700e+03 
2.701150e+09 8.252025e+03 
2703300000 8253 
2705450000 8.258725e+03 
2707600000 8.231750e+03 
2.709750e+09 8.253600e+03 
2711900000 8.269825e+03 
2714050000 8.295775e+03 
2.716200e+09 8.298325e+03 
2718350000 8.315350e+03 
2720500000 8.323750e+03 
2722650000 8.325775e+03 
2724800000 8.317675e+03 
2726950000 8.339025e+03 
2729100000 8.307350e+03 
2.731250e+09 8.302375e+03 
2733400000 8.314225e+03 
2735550000 8.290100e+03 
2737700000 8.299600e+03 
2.739850e+09 8.277275e+03 
2742000000 8.300075e+03 
2744150000 8.300475e+03 
2.746300e+09 8.306450e+03 
2748450000 8.325725e+03 
2750600000 8.309325e+03 
2752750000 8.305825e+03 
2754900000 8.315725e+03 
2757050000 8.324375e+03 
2759200000 8.317625e+03 
2.761350e+09 8.330450e+03 
2763500000 8.305750e+03 
2765650000 8.309425e+03 
2767800000 8.350550e+03 
2.769950e+09 8.314625e+03 
2772100000 8.326900e+03 
2774250000 8.301050e+03 
2.776400e+09 8.338550e+03 
2778550000 8.321875e+03 
2780700000 8333 
2782850000 8.330175e+03 
2785000000 8.312650e+03 
2787150000 8.326400e+03 
2789300000 8.323500e+03 
2791450000 8.315475e+03 
2793600000 8.318875e+03 
2795750000 8.299550e+03 
2797900000 8.317275e+03 
2.800050e+09 8.345575e+03 
2802200000 8.325625e+03 
2804350000 8.308425e+03 
2806500000 8.320875e+03 
2808650000 8.324925e+03 
2810800000 8.305725e+03 
2812950000 8.304800e+03 
2815100000 8.307700e+03 
2817250000 8.314250e+03 
2819400000 8.306375e+03 
2821550000 8.317025e+03 
2823700000 8.301675e+03 
2825850000 8.333675e+03 
2828000000 8.312250e+03 
2.830150e+09 8.340350e+03 
2832300000 8.317900e+03 
2834450000 8.331225e+03 
2836600000 8.346200e+03 
2838750000 8.329275e+03 
2840900000 8.327125e+03 
2843050000 8.329300e+03 
2845200000 8.330500e+03 
2847350000 8.327375e+03 
2849500000 8.325250e+03 
2851650000 8.343250e+03 
2853800000 8.332225e+03 
2855950000 8.367450e+03 
2858100000 8.358500e+03 
2.860250e+09 8.355850e+03 
2862400000 8.330875e+03 
2864550000 8.341500e+03 
2866700000 8.345250e+03 
2868850000 8.329625e+03 
2871000000 8.322575e+03 
2873150000 8.344150e+03 
2875300000 8.350025e+03 
2877450000 8.319025e+03 
2879600000 8.347725e+03 
2881750000 8.345525e+03 
2883900000 8.345150e+03 
2886050000 8.324800e+03 
2888200000 8.319325e+03 
2.890350e+09 8.351250e+03 
2892500000 8.332925e+03 
2894650000 8.341075e+03 
2896800000 8.341875e+03 
2898950000 8.337175e+03 
2901100000 8.327150e+03 
2903250000 8.332825e+03 
2905400000 8.342275e+03 
2907550000 8.323600e+03 
2909700000 8.330350e+03 
2911850000 8.345150e+03 
2914000000 8.328050e+03 
2916150000 8.355775e+03 
2918300000 8.379200e+03 
2920450000 8.347950e+03 
2922600000 8.367575e+03 
2924750000 8.342850e+03 
2926900000 8.361825e+03 
2929050000 8.321600e+03 
2931200000 8.322425e+03 
2933350000 8.351925e+03 
2935500000 8.349800e+03 
2937650000 8.316975e+03 
2939800000 8.344275e+03 
2941950000 8.330550e+03 
2.944100e+09 8.348550e+03 
2946250000 8.331075e+03 
2948400000 8.320850e+03 
2950550000 8.311300e+03 
2952700000 8.326375e+03 
2954850000 8.316450e+03 
2957000000 8.330375e+03 
2959150000 8.332775e+03 
2961300000 8.327050e+03 
2963450000 8350 
2965600000 8.318200e+03 
2967750000 8.330125e+03 
2969900000 8.324550e+03 
2972050000 8.335050e+03 
2974200000 8.332225e+03 
2976350000 8.341900e+03 
2978500000 8.330875e+03 
2980650000 8.349950e+03 
2982800000 8.346250e+03 
2984950000 8.325175e+03 
2987100000 8.342600e+03 
2989250000 8.321750e+03 
2991400000 8.328300e+03 
2993550000 8.327275e+03 
2995700000 8.352325e+03 
2997850000 8.323600e+03 
3000000000 8.325725e+03 

END
