IGOR
WAVES/D/O sweep,sig(1) 
BEGIN
2570000000 8.217800e+03 
2.572150e+09 8.212675e+03 
2574300000 8.215375e+03 
2576450000 8.206125e+03 
2578600000 8.230550e+03 
2.580750e+09 8.196900e+03 
2582900000 8.202025e+03 
2585050000 8.215200e+03 
2.587200e+09 8.227575e+03 
2589350000 8.197625e+03 
2591500000 8.207250e+03 
2593650000 8.252350e+03 
2.595800e+09 8.207650e+03 
2597950000 8.231950e+03 
2600100000 8.218875e+03 
2.602250e+09 8.214425e+03 
2604400000 8.220450e+03 
2606550000 8.226675e+03 
2608700000 8.218625e+03 
2.610850e+09 8.206200e+03 
2613000000 8.207825e+03 
2615150000 8.217450e+03 
2.617300e+09 8.221800e+03 
2619450000 8.205625e+03 
2621600000 8.222750e+03 
2623750000 8.195075e+03 
2.625900e+09 8188 
2628050000 8.185850e+03 
2630200000 8.177525e+03 
2.632350e+09 8177 
2634500000 8.184325e+03 
2636650000 8.187025e+03 
2638800000 8.184725e+03 
2.640950e+09 8.180025e+03 
2643100000 8.212500e+03 
2645250000 8.180950e+03 
2.647400e+09 8.215600e+03 
2649550000 8.207125e+03 
2651700000 8.217675e+03 
2653850000 8.199825e+03 
2.656000e+09 8.202225e+03 
2658150000 8.199375e+03 
2660300000 8.170925e+03 
2.662450e+09 8.163050e+03 
2664600000 8.168400e+03 
2666750000 8.149825e+03 
2668900000 8.160825e+03 
2.671050e+09 8.142600e+03 
2673200000 8.139075e+03 
2675350000 8.140475e+03 
2677500000 8.144800e+03 
2679650000 8.168425e+03 
2681800000 8.188175e+03 
2683950000 8.213825e+03 
2.686100e+09 8.216375e+03 
2688250000 8.214350e+03 
2690400000 8.198875e+03 
2692550000 8.214850e+03 
2694700000 8.195650e+03 
2696850000 8.201200e+03 
2699000000 8.175975e+03 
2.701150e+09 8.151625e+03 
2703300000 8.128550e+03 
2705450000 8.168450e+03 
2707600000 8152 
2.709750e+09 8.158925e+03 
2711900000 8.164925e+03 
2714050000 8.170950e+03 
2.716200e+09 8.215325e+03 
2718350000 8.204725e+03 
2720500000 8.201750e+03 
2722650000 8.210450e+03 
2724800000 8.207075e+03 
2726950000 8.198250e+03 
2729100000 8.197225e+03 
2.731250e+09 8.208625e+03 
2733400000 8.188350e+03 
2735550000 8.174750e+03 
2737700000 8.167475e+03 
2.739850e+09 8.170700e+03 
2742000000 8.171850e+03 
2744150000 8.183575e+03 
2.746300e+09 8.175600e+03 
2748450000 8.187850e+03 
2750600000 8.188975e+03 
2752750000 8.198825e+03 
2754900000 8.195700e+03 
2757050000 8.227150e+03 
2759200000 8.211100e+03 
2.761350e+09 8.217600e+03 
2763500000 8.222750e+03 
2765650000 8.208450e+03 
2767800000 8.215475e+03 
2.769950e+09 8.203250e+03 
2772100000 8.231075e+03 
2774250000 8.196750e+03 
2.776400e+09 8.203725e+03 
2778550000 8.201200e+03 
2780700000 8.244100e+03 
2782850000 8.186825e+03 
2785000000 8.188150e+03 
2787150000 8.206725e+03 
2789300000 8.216450e+03 
2791450000 8.212425e+03 
2793600000 8.211150e+03 
2795750000 8.202400e+03 
2797900000 8.207700e+03 
2.800050e+09 8.200500e+03 
2802200000 8.205825e+03 
2804350000 8.198550e+03 
2806500000 8.199825e+03 
2808650000 8.200250e+03 
2810800000 8.204200e+03 
2812950000 8.202250e+03 
2815100000 8.217175e+03 
2817250000 8.215750e+03 
2819400000 8.190400e+03 
2821550000 8.224500e+03 
2823700000 8.219100e+03 
2825850000 8.212650e+03 
2828000000 8.222975e+03 
2.830150e+09 8.216725e+03 
2832300000 8.212550e+03 
2834450000 8.194400e+03 
2836600000 8.207575e+03 
2838750000 8.213575e+03 
2840900000 8.220875e+03 
2843050000 8.215450e+03 
2845200000 8.229175e+03 
2847350000 8.187775e+03 
2849500000 8.211275e+03 
2851650000 8.206625e+03 
2853800000 8.213675e+03 
2855950000 8.218400e+03 
2858100000 8.207750e+03 
2.860250e+09 8.185400e+03 
2862400000 8.210875e+03 
2864550000 8.208450e+03 
2866700000 8.195500e+03 
2868850000 8.204775e+03 
2871000000 8.216950e+03 
2873150000 8.205050e+03 
2875300000 8.198175e+03 
2877450000 8.234750e+03 
2879600000 8.216275e+03 
2881750000 8.236175e+03 
2883900000 8.221950e+03 
2886050000 8.206825e+03 
2888200000 8.215200e+03 
2.890350e+09 8.228375e+03 
2892500000 8.183025e+03 
2894650000 8.208825e+03 
2896800000 8.206725e+03 
2898950000 8.230150e+03 
2901100000 8.227825e+03 
2903250000 8.208050e+03 
2905400000 8.220600e+03 
2907550000 8.208800e+03 
2909700000 8.220875e+03 
2911850000 8.230300e+03 
2914000000 8.198925e+03 
2916150000 8.214550e+03 
2918300000 8.208500e+03 
2920450000 8.200550e+03 
2922600000 8229 
2924750000 8.236475e+03 
2926900000 8208 
2929050000 8.219550e+03 
2931200000 8.223850e+03 
2933350000 8.219900e+03 
2935500000 8.244875e+03 
2937650000 8.221975e+03 
2939800000 8.194475e+03 
2941950000 8.202075e+03 
2.944100e+09 8.212075e+03 
2946250000 8.199525e+03 
2948400000 8.191350e+03 
2950550000 8.197275e+03 
2952700000 8212 
2954850000 8.191125e+03 
2957000000 8183 
2959150000 8.212175e+03 
2961300000 8.210125e+03 
2963450000 8.201975e+03 
2965600000 8.226825e+03 
2967750000 8.230250e+03 
2969900000 8.197350e+03 
2972050000 8.202600e+03 
2974200000 8.193500e+03 
2976350000 8.217175e+03 
2978500000 8.213825e+03 
2980650000 8.240450e+03 
2982800000 8.218375e+03 
2984950000 8.222850e+03 
2987100000 8.222875e+03 
2989250000 8.231025e+03 
2991400000 8.200775e+03 
2993550000 8.217775e+03 
2995700000 8.223025e+03 
2997850000 8.216475e+03 
3000000000 8209 

END
