IGOR
WAVES/D/O sweep,sig(1) 
BEGIN
2570000000 8.190550e+03 
2.572150e+09 8.174625e+03 
2574300000 8.184050e+03 
2576450000 8.153725e+03 
2578600000 8.171875e+03 
2.580750e+09 8.158175e+03 
2582900000 8.161300e+03 
2585050000 8.171850e+03 
2.587200e+09 8.155800e+03 
2589350000 8.167925e+03 
2591500000 8.177375e+03 
2593650000 8.155200e+03 
2.595800e+09 8.172825e+03 
2597950000 8.179025e+03 
2600100000 8.182850e+03 
2.602250e+09 8.174825e+03 
2604400000 8.162425e+03 
2606550000 8.151200e+03 
2608700000 8.184050e+03 
2.610850e+09 8.169475e+03 
2613000000 8.196300e+03 
2615150000 8.165625e+03 
2.617300e+09 8.186250e+03 
2619450000 8.161275e+03 
2621600000 8.177525e+03 
2623750000 8.158150e+03 
2.625900e+09 8.139550e+03 
2628050000 8.151225e+03 
2630200000 8.138725e+03 
2.632350e+09 8.152625e+03 
2634500000 8.137775e+03 
2636650000 8.131275e+03 
2638800000 8.149150e+03 
2.640950e+09 8.164075e+03 
2643100000 8.174050e+03 
2645250000 8175 
2.647400e+09 8.179700e+03 
2649550000 8.170050e+03 
2651700000 8.160225e+03 
2653850000 8.169825e+03 
2.656000e+09 8.173400e+03 
2658150000 8.156325e+03 
2660300000 8.156700e+03 
2.662450e+09 8.164325e+03 
2664600000 8.158575e+03 
2666750000 8.117900e+03 
2668900000 8.092525e+03 
2.671050e+09 8.126225e+03 
2673200000 8.125850e+03 
2675350000 8.135075e+03 
2677500000 8.153150e+03 
2679650000 8.164600e+03 
2681800000 8.175825e+03 
2683950000 8.179175e+03 
2.686100e+09 8.205175e+03 
2688250000 8.223050e+03 
2690400000 8.196650e+03 
2692550000 8.179225e+03 
2694700000 8.180450e+03 
2696850000 8.166275e+03 
2699000000 8.150050e+03 
2.701150e+09 8.128975e+03 
2703300000 8.130025e+03 
2705450000 8.112500e+03 
2707600000 8.143275e+03 
2.709750e+09 8153 
2711900000 8.127775e+03 
2714050000 8.168425e+03 
2.716200e+09 8.190125e+03 
2718350000 8.182275e+03 
2720500000 8.203050e+03 
2722650000 8.209750e+03 
2724800000 8.192425e+03 
2726950000 8.189800e+03 
2729100000 8.196050e+03 
2.731250e+09 8.176425e+03 
2733400000 8.166950e+03 
2735550000 8.157100e+03 
2737700000 8.167125e+03 
2.739850e+09 8.154050e+03 
2742000000 8.140450e+03 
2744150000 8.147050e+03 
2.746300e+09 8.143525e+03 
2748450000 8.161475e+03 
2750600000 8.169850e+03 
2752750000 8.183400e+03 
2754900000 8.161975e+03 
2757050000 8.180800e+03 
2759200000 8.189625e+03 
2.761350e+09 8.197300e+03 
2763500000 8.194125e+03 
2765650000 8.192425e+03 
2767800000 8.212300e+03 
2.769950e+09 8.192850e+03 
2772100000 8.195500e+03 
2774250000 8.196800e+03 
2.776400e+09 8.208400e+03 
2778550000 8.204025e+03 
2780700000 8.193725e+03 
2782850000 8.194400e+03 
2785000000 8.193350e+03 
2787150000 8.193400e+03 
2789300000 8.195700e+03 
2791450000 8.208350e+03 
2793600000 8.201850e+03 
2795750000 8.182700e+03 
2797900000 8.185975e+03 
2.800050e+09 8.151275e+03 
2802200000 8.200825e+03 
2804350000 8.189300e+03 
2806500000 8.195650e+03 
2808650000 8.206150e+03 
2810800000 8.211350e+03 
2812950000 8.205625e+03 
2815100000 8.241900e+03 
2817250000 8.191100e+03 
2819400000 8.174650e+03 
2821550000 8.189225e+03 
2823700000 8.206875e+03 
2825850000 8.198450e+03 
2828000000 8.206400e+03 
2.830150e+09 8.205800e+03 
2832300000 8.199200e+03 
2834450000 8.191375e+03 
2836600000 8.194775e+03 
2838750000 8.196575e+03 
2840900000 8.191450e+03 
2843050000 8.182275e+03 
2845200000 8.220200e+03 
2847350000 8179 
2849500000 8.216150e+03 
2851650000 8.203975e+03 
2853800000 8.219750e+03 
2855950000 8.205900e+03 
2858100000 8.196050e+03 
2.860250e+09 8.202275e+03 
2862400000 8.228750e+03 
2864550000 8.230475e+03 
2866700000 8.225225e+03 
2868850000 8.221975e+03 
2871000000 8.210225e+03 
2873150000 8.245300e+03 
2875300000 8.220975e+03 
2877450000 8.212825e+03 
2879600000 8.200175e+03 
2881750000 8.212075e+03 
2883900000 8.209825e+03 
2886050000 8.209200e+03 
2888200000 8.209450e+03 
2.890350e+09 8.212250e+03 
2892500000 8.205750e+03 
2894650000 8.226675e+03 
2896800000 8.219925e+03 
2898950000 8.219750e+03 
2901100000 8.240825e+03 
2903250000 8.211700e+03 
2905400000 8.232775e+03 
2907550000 8228 
2909700000 8.229500e+03 
2911850000 8.210650e+03 
2914000000 8.226300e+03 
2916150000 8.233875e+03 
2918300000 8.217825e+03 
2920450000 8.229800e+03 
2922600000 8.219875e+03 
2924750000 8.225925e+03 
2926900000 8.244750e+03 
2929050000 8.206175e+03 
2931200000 8.239075e+03 
2933350000 8.233100e+03 
2935500000 8.255675e+03 
2937650000 8.212900e+03 
2939800000 8.206675e+03 
2941950000 8.212475e+03 
2.944100e+09 8.211625e+03 
2946250000 8.220150e+03 
2948400000 8.227475e+03 
2950550000 8.188300e+03 
2952700000 8.234650e+03 
2954850000 8.207325e+03 
2957000000 8.229300e+03 
2959150000 8.230375e+03 
2961300000 8.252250e+03 
2963450000 8.204025e+03 
2965600000 8.211150e+03 
2967750000 8.204700e+03 
2969900000 8.220150e+03 
2972050000 8.222650e+03 
2974200000 8.215375e+03 
2976350000 8.202850e+03 
2978500000 8.239500e+03 
2980650000 8.238725e+03 
2982800000 8.194950e+03 
2984950000 8.253300e+03 
2987100000 8.236350e+03 
2989250000 8.246675e+03 
2991400000 8.226925e+03 
2993550000 8.207650e+03 
2995700000 8.242975e+03 
2997850000 8.240350e+03 
3000000000 8.254925e+03 

END
