IGOR
WAVES/D/O sweep,sig(1) 
BEGIN
2570000000 8.373250e+03 
2.572150e+09 8.387700e+03 
2574300000 8392 
2576450000 8.392250e+03 
2578600000 8.380075e+03 
2.580750e+09 8.386925e+03 
2582900000 8.383725e+03 
2585050000 8.392100e+03 
2.587200e+09 8.362150e+03 
2589350000 8.395675e+03 
2591500000 8.412350e+03 
2593650000 8.374675e+03 
2.595800e+09 8.405175e+03 
2597950000 8.362675e+03 
2600100000 8.376900e+03 
2.602250e+09 8.363275e+03 
2604400000 8.379575e+03 
2606550000 8.375775e+03 
2608700000 8.385225e+03 
2.610850e+09 8.377875e+03 
2613000000 8.398975e+03 
2615150000 8.383050e+03 
2.617300e+09 8.412525e+03 
2619450000 8.364250e+03 
2621600000 8.361100e+03 
2623750000 8.336550e+03 
2.625900e+09 8.350325e+03 
2628050000 8.322025e+03 
2630200000 8.329225e+03 
2.632350e+09 8.368400e+03 
2634500000 8.303050e+03 
2636650000 8.339575e+03 
2638800000 8.333625e+03 
2.640950e+09 8.359275e+03 
2643100000 8.349425e+03 
2645250000 8.386500e+03 
2.647400e+09 8.389425e+03 
2649550000 8.351025e+03 
2651700000 8.349150e+03 
2653850000 8.381775e+03 
2.656000e+09 8.337275e+03 
2658150000 8.383350e+03 
2660300000 8.351750e+03 
2.662450e+09 8.373125e+03 
2664600000 8.330200e+03 
2666750000 8.343175e+03 
2668900000 8.330325e+03 
2.671050e+09 8.292950e+03 
2673200000 8.276775e+03 
2675350000 8.287550e+03 
2677500000 8.323375e+03 
2679650000 8.345325e+03 
2681800000 8.340450e+03 
2683950000 8.362075e+03 
2.686100e+09 8.348875e+03 
2688250000 8.357925e+03 
2690400000 8.387225e+03 
2692550000 8.389525e+03 
2694700000 8.365050e+03 
2696850000 8.347975e+03 
2699000000 8.332225e+03 
2.701150e+09 8.318225e+03 
2703300000 8.295975e+03 
2705450000 8.306800e+03 
2707600000 8.311525e+03 
2.709750e+09 8.327975e+03 
2711900000 8.332125e+03 
2714050000 8.344400e+03 
2.716200e+09 8.367425e+03 
2718350000 8.374375e+03 
2720500000 8.343950e+03 
2722650000 8.384275e+03 
2724800000 8.388900e+03 
2726950000 8.368450e+03 
2729100000 8.363225e+03 
2.731250e+09 8.337775e+03 
2733400000 8.362400e+03 
2735550000 8.334750e+03 
2737700000 8.315100e+03 
2.739850e+09 8.318475e+03 
2742000000 8.336125e+03 
2744150000 8.322500e+03 
2.746300e+09 8.321250e+03 
2748450000 8.338925e+03 
2750600000 8.342800e+03 
2752750000 8.324850e+03 
2754900000 8.331650e+03 
2757050000 8.352225e+03 
2759200000 8.338700e+03 
2.761350e+09 8.372225e+03 
2763500000 8.385325e+03 
2765650000 8.346925e+03 
2767800000 8.348850e+03 
2.769950e+09 8349 
2772100000 8.351600e+03 
2774250000 8.383100e+03 
2.776400e+09 8.384800e+03 
2778550000 8.385050e+03 
2780700000 8.374200e+03 
2782850000 8.333725e+03 
2785000000 8.365175e+03 
2787150000 8.374025e+03 
2789300000 8.339875e+03 
2791450000 8.346750e+03 
2793600000 8.350850e+03 
2795750000 8.355750e+03 
2797900000 8.334575e+03 
2.800050e+09 8.352075e+03 
2802200000 8.367275e+03 
2804350000 8.360675e+03 
2806500000 8.364325e+03 
2808650000 8.351950e+03 
2810800000 8.351450e+03 
2812950000 8.372625e+03 
2815100000 8.376800e+03 
2817250000 8.338625e+03 
2819400000 8.338100e+03 
2821550000 8.345775e+03 
2823700000 8.361625e+03 
2825850000 8.348025e+03 
2828000000 8.332025e+03 
2.830150e+09 8.324900e+03 
2832300000 8.339700e+03 
2834450000 8.331100e+03 
2836600000 8.314700e+03 
2838750000 8.327500e+03 
2840900000 8.354150e+03 
2843050000 8.318100e+03 
2845200000 8.348450e+03 
2847350000 8.334200e+03 
2849500000 8.357850e+03 
2851650000 8.338550e+03 
2853800000 8.346200e+03 
2855950000 8.358250e+03 
2858100000 8.360325e+03 
2.860250e+09 8.392200e+03 
2862400000 8.361375e+03 
2864550000 8.348150e+03 
2866700000 8.335375e+03 
2868850000 8.350325e+03 
2871000000 8.336700e+03 
2873150000 8.340250e+03 
2875300000 8.360625e+03 
2877450000 8.350425e+03 
2879600000 8.324400e+03 
2881750000 8.316250e+03 
2883900000 8.373775e+03 
2886050000 8.327550e+03 
2888200000 8.307425e+03 
2.890350e+09 8.336550e+03 
2892500000 8.360225e+03 
2894650000 8.305250e+03 
2896800000 8.337625e+03 
2898950000 8.328025e+03 
2901100000 8.337875e+03 
2903250000 8.354900e+03 
2905400000 8.329925e+03 
2907550000 8.337975e+03 
2909700000 8.354500e+03 
2911850000 8347 
2914000000 8.339750e+03 
2916150000 8.346975e+03 
2918300000 8.335350e+03 
2920450000 8.333175e+03 
2922600000 8.340200e+03 
2924750000 8.340975e+03 
2926900000 8.332325e+03 
2929050000 8.322675e+03 
2931200000 8.332575e+03 
2933350000 8.341550e+03 
2935500000 8.338650e+03 
2937650000 8.333800e+03 
2939800000 8.335350e+03 
2941950000 8.335700e+03 
2.944100e+09 8.356500e+03 
2946250000 8.356950e+03 
2948400000 8.319775e+03 
2950550000 8.343825e+03 
2952700000 8.332600e+03 
2954850000 8.311925e+03 
2957000000 8.331225e+03 
2959150000 8.330800e+03 
2961300000 8.356225e+03 
2963450000 8.336475e+03 
2965600000 8.315725e+03 
2967750000 8.309725e+03 
2969900000 8.318700e+03 
2972050000 8.321950e+03 
2974200000 8.343250e+03 
2976350000 8.320050e+03 
2978500000 8.316675e+03 
2980650000 8.339800e+03 
2982800000 8.303550e+03 
2984950000 8.326450e+03 
2987100000 8.344200e+03 
2989250000 8.350575e+03 
2991400000 8.339900e+03 
2993550000 8.320725e+03 
2995700000 8.340875e+03 
2997850000 8.349775e+03 
3000000000 8.322475e+03 

END
