IGOR
WAVES/D/O sweep,sig(1) 
BEGIN
2570000000 8.166400e+03 
2.572150e+09 8.174875e+03 
2574300000 8.179800e+03 
2576450000 8.172300e+03 
2578600000 8.179825e+03 
2.580750e+09 8.180675e+03 
2582900000 8.181775e+03 
2585050000 8.155550e+03 
2.587200e+09 8.178875e+03 
2589350000 8.167525e+03 
2591500000 8.201550e+03 
2593650000 8.184100e+03 
2.595800e+09 8.164050e+03 
2597950000 8.158475e+03 
2600100000 8.163900e+03 
2.602250e+09 8.182150e+03 
2604400000 8.190200e+03 
2606550000 8.163775e+03 
2608700000 8.168975e+03 
2.610850e+09 8.197200e+03 
2613000000 8.170250e+03 
2615150000 8.160800e+03 
2.617300e+09 8.172625e+03 
2619450000 8.157425e+03 
2621600000 8.158475e+03 
2623750000 8.143350e+03 
2.625900e+09 8.127800e+03 
2628050000 8120 
2630200000 8.137450e+03 
2.632350e+09 8131 
2634500000 8.139025e+03 
2636650000 8.143175e+03 
2638800000 8.149850e+03 
2.640950e+09 8.147650e+03 
2643100000 8162 
2645250000 8.150425e+03 
2.647400e+09 8.164950e+03 
2649550000 8.174550e+03 
2651700000 8.143750e+03 
2653850000 8.180125e+03 
2.656000e+09 8.162025e+03 
2658150000 8.143350e+03 
2660300000 8.132425e+03 
2.662450e+09 8.148675e+03 
2664600000 8.132925e+03 
2666750000 8.070650e+03 
2668900000 8.094925e+03 
2.671050e+09 8.096300e+03 
2673200000 8.105075e+03 
2675350000 8.111300e+03 
2677500000 8117 
2679650000 8.134075e+03 
2681800000 8.140800e+03 
2683950000 8.164625e+03 
2.686100e+09 8.167325e+03 
2688250000 8.179300e+03 
2690400000 8.166700e+03 
2692550000 8.168875e+03 
2694700000 8.152400e+03 
2696850000 8.134875e+03 
2699000000 8.134500e+03 
2.701150e+09 8.103825e+03 
2703300000 8.086400e+03 
2705450000 8.085225e+03 
2707600000 8.111375e+03 
2.709750e+09 8.109675e+03 
2711900000 8.112825e+03 
2714050000 8.137200e+03 
2.716200e+09 8.155425e+03 
2718350000 8.168475e+03 
2720500000 8.170750e+03 
2722650000 8.174075e+03 
2724800000 8.191700e+03 
2726950000 8.195425e+03 
2729100000 8.171150e+03 
2.731250e+09 8.179250e+03 
2733400000 8.165500e+03 
2735550000 8.145350e+03 
2737700000 8.133775e+03 
2.739850e+09 8.148375e+03 
2742000000 8.151400e+03 
2744150000 8.140025e+03 
2.746300e+09 8.133725e+03 
2748450000 8.146725e+03 
2750600000 8.169975e+03 
2752750000 8.157275e+03 
2754900000 8.165450e+03 
2757050000 8.188975e+03 
2759200000 8.208825e+03 
2.761350e+09 8.186125e+03 
2763500000 8.194750e+03 
2765650000 8.172200e+03 
2767800000 8.202800e+03 
2.769950e+09 8.155225e+03 
2772100000 8.171975e+03 
2774250000 8.153825e+03 
2.776400e+09 8.219900e+03 
2778550000 8169 
2780700000 8.187625e+03 
2782850000 8.169725e+03 
2785000000 8.186800e+03 
2787150000 8.148700e+03 
2789300000 8.157900e+03 
2791450000 8.180300e+03 
2793600000 8.155300e+03 
2795750000 8.180125e+03 
2797900000 8.194550e+03 
2.800050e+09 8.181075e+03 
2802200000 8.186750e+03 
2804350000 8.168050e+03 
2806500000 8.188100e+03 
2808650000 8.167300e+03 
2810800000 8.170100e+03 
2812950000 8.152450e+03 
2815100000 8.159975e+03 
2817250000 8.177150e+03 
2819400000 8.180125e+03 
2821550000 8.169625e+03 
2823700000 8.190975e+03 
2825850000 8166 
2828000000 8.171650e+03 
2.830150e+09 8.175025e+03 
2832300000 8.199950e+03 
2834450000 8.171450e+03 
2836600000 8.182950e+03 
2838750000 8.177725e+03 
2840900000 8.153950e+03 
2843050000 8.204100e+03 
2845200000 8.167375e+03 
2847350000 8.193075e+03 
2849500000 8.169350e+03 
2851650000 8.175625e+03 
2853800000 8.167700e+03 
2855950000 8.168850e+03 
2858100000 8.179875e+03 
2.860250e+09 8.166975e+03 
2862400000 8.188650e+03 
2864550000 8.186975e+03 
2866700000 8.170950e+03 
2868850000 8.151550e+03 
2871000000 8.151625e+03 
2873150000 8.156400e+03 
2875300000 8.177175e+03 
2877450000 8.181875e+03 
2879600000 8.181400e+03 
2881750000 8.198650e+03 
2883900000 8.181100e+03 
2886050000 8.190225e+03 
2888200000 8.181950e+03 
2.890350e+09 8.184525e+03 
2892500000 8.172125e+03 
2894650000 8.189825e+03 
2896800000 8.191500e+03 
2898950000 8.183100e+03 
2901100000 8.186700e+03 
2903250000 8.170700e+03 
2905400000 8.172375e+03 
2907550000 8.186775e+03 
2909700000 8.160175e+03 
2911850000 8176 
2914000000 8.177425e+03 
2916150000 8.190725e+03 
2918300000 8197 
2920450000 8.183725e+03 
2922600000 8.162150e+03 
2924750000 8.181800e+03 
2926900000 8.170075e+03 
2929050000 8.200050e+03 
2931200000 8.171525e+03 
2933350000 8.190375e+03 
2935500000 8.173250e+03 
2937650000 8.164300e+03 
2939800000 8.176875e+03 
2941950000 8.176475e+03 
2.944100e+09 8.180825e+03 
2946250000 8.166075e+03 
2948400000 8.186675e+03 
2950550000 8.168325e+03 
2952700000 8.160200e+03 
2954850000 8.180700e+03 
2957000000 8.149775e+03 
2959150000 8.162200e+03 
2961300000 8.200950e+03 
2963450000 8.177375e+03 
2965600000 8.183725e+03 
2967750000 8.147775e+03 
2969900000 8.193175e+03 
2972050000 8.174125e+03 
2974200000 8.179475e+03 
2976350000 8.167200e+03 
2978500000 8.191175e+03 
2980650000 8.183375e+03 
2982800000 8.172500e+03 
2984950000 8.166250e+03 
2987100000 8.156875e+03 
2989250000 8.180675e+03 
2991400000 8.162875e+03 
2993550000 8.200350e+03 
2995700000 8.210100e+03 
2997850000 8.202700e+03 
3000000000 8.168775e+03 

END
