IGOR
WAVES/D/O sweep,sig(1) 
BEGIN
2570000000 8.172425e+03 
2.572150e+09 8.157600e+03 
2574300000 8.171100e+03 
2576450000 8.152225e+03 
2578600000 8.151850e+03 
2.580750e+09 8.143525e+03 
2582900000 8.154625e+03 
2585050000 8.147600e+03 
2.587200e+09 8.149700e+03 
2589350000 8.146050e+03 
2591500000 8.134125e+03 
2593650000 8.142500e+03 
2.595800e+09 8.155025e+03 
2597950000 8.147300e+03 
2600100000 8.152900e+03 
2.602250e+09 8.154375e+03 
2604400000 8.167200e+03 
2606550000 8.160125e+03 
2608700000 8.162175e+03 
2.610850e+09 8.176875e+03 
2613000000 8.149100e+03 
2615150000 8.151500e+03 
2.617300e+09 8.138625e+03 
2619450000 8.144425e+03 
2621600000 8.137850e+03 
2623750000 8.131325e+03 
2.625900e+09 8.131250e+03 
2628050000 8.128575e+03 
2630200000 8.140925e+03 
2.632350e+09 8.101850e+03 
2634500000 8.117550e+03 
2636650000 8.094275e+03 
2638800000 8.166300e+03 
2.640950e+09 8.129425e+03 
2643100000 8.142650e+03 
2645250000 8.155125e+03 
2.647400e+09 8.149950e+03 
2649550000 8.189100e+03 
2651700000 8.168225e+03 
2653850000 8.142875e+03 
2.656000e+09 8.159350e+03 
2658150000 8.172925e+03 
2660300000 8.129450e+03 
2.662450e+09 8.113500e+03 
2664600000 8.098600e+03 
2666750000 8102 
2668900000 8.097725e+03 
2.671050e+09 8.076550e+03 
2673200000 8.101100e+03 
2675350000 8.094300e+03 
2677500000 8.108675e+03 
2679650000 8.094775e+03 
2681800000 8.170525e+03 
2683950000 8.154675e+03 
2.686100e+09 8.180925e+03 
2688250000 8.153700e+03 
2690400000 8.133175e+03 
2692550000 8.171825e+03 
2694700000 8.156850e+03 
2696850000 8.144075e+03 
2699000000 8.119325e+03 
2.701150e+09 8.120100e+03 
2703300000 8.122500e+03 
2705450000 8.097950e+03 
2707600000 8.088025e+03 
2.709750e+09 8.128025e+03 
2711900000 8.139200e+03 
2714050000 8.156275e+03 
2.716200e+09 8.162750e+03 
2718350000 8.164750e+03 
2720500000 8.186625e+03 
2722650000 8.162375e+03 
2724800000 8.156400e+03 
2726950000 8.199825e+03 
2729100000 8.205850e+03 
2.731250e+09 8.169350e+03 
2733400000 8.154500e+03 
2735550000 8.154825e+03 
2737700000 8.164200e+03 
2.739850e+09 8.140200e+03 
2742000000 8.131700e+03 
2744150000 8.162200e+03 
2.746300e+09 8.152400e+03 
2748450000 8.162750e+03 
2750600000 8.130725e+03 
2752750000 8.168925e+03 
2754900000 8.159450e+03 
2757050000 8.181825e+03 
2759200000 8.203350e+03 
2.761350e+09 8.181275e+03 
2763500000 8.186925e+03 
2765650000 8.168425e+03 
2767800000 8.165375e+03 
2.769950e+09 8.178425e+03 
2772100000 8.167275e+03 
2774250000 8.182500e+03 
2.776400e+09 8.179775e+03 
2778550000 8.168625e+03 
2780700000 8.152925e+03 
2782850000 8.161175e+03 
2785000000 8.166350e+03 
2787150000 8.160700e+03 
2789300000 8.165050e+03 
2791450000 8.158375e+03 
2793600000 8.152300e+03 
2795750000 8.162825e+03 
2797900000 8181 
2.800050e+09 8.173600e+03 
2802200000 8.171325e+03 
2804350000 8.169875e+03 
2806500000 8.160150e+03 
2808650000 8.169575e+03 
2810800000 8.195175e+03 
2812950000 8.156250e+03 
2815100000 8.146800e+03 
2817250000 8.155625e+03 
2819400000 8.158525e+03 
2821550000 8.159800e+03 
2823700000 8.174625e+03 
2825850000 8.158625e+03 
2828000000 8176 
2.830150e+09 8.173025e+03 
2832300000 8.194425e+03 
2834450000 8.193150e+03 
2836600000 8.169150e+03 
2838750000 8.166925e+03 
2840900000 8.164375e+03 
2843050000 8.180425e+03 
2845200000 8.172600e+03 
2847350000 8.167975e+03 
2849500000 8.191800e+03 
2851650000 8.180700e+03 
2853800000 8.162500e+03 
2855950000 8.169075e+03 
2858100000 8.171775e+03 
2.860250e+09 8.178100e+03 
2862400000 8.153950e+03 
2864550000 8.172275e+03 
2866700000 8.165725e+03 
2868850000 8.192400e+03 
2871000000 8.180325e+03 
2873150000 8.183175e+03 
2875300000 8.176225e+03 
2877450000 8.187700e+03 
2879600000 8.161175e+03 
2881750000 8.191275e+03 
2883900000 8.178025e+03 
2886050000 8.177625e+03 
2888200000 8.181850e+03 
2.890350e+09 8.177400e+03 
2892500000 8.172400e+03 
2894650000 8.170250e+03 
2896800000 8.179700e+03 
2898950000 8.188125e+03 
2901100000 8174 
2903250000 8.172775e+03 
2905400000 8.193750e+03 
2907550000 8.165825e+03 
2909700000 8.190250e+03 
2911850000 8.181725e+03 
2914000000 8181 
2916150000 8.188275e+03 
2918300000 8.173275e+03 
2920450000 8.171225e+03 
2922600000 8.185675e+03 
2924750000 8.158625e+03 
2926900000 8.188575e+03 
2929050000 8.171150e+03 
2931200000 8.177575e+03 
2933350000 8.184825e+03 
2935500000 8.187625e+03 
2937650000 8.209575e+03 
2939800000 8.168275e+03 
2941950000 8.173350e+03 
2.944100e+09 8.176500e+03 
2946250000 8.182200e+03 
2948400000 8.185200e+03 
2950550000 8.191425e+03 
2952700000 8.203925e+03 
2954850000 8.192975e+03 
2957000000 8.199725e+03 
2959150000 8.186200e+03 
2961300000 8.185700e+03 
2963450000 8.195925e+03 
2965600000 8.191250e+03 
2967750000 8.184225e+03 
2969900000 8.194650e+03 
2972050000 8.193800e+03 
2974200000 8.169525e+03 
2976350000 8.190900e+03 
2978500000 8.181250e+03 
2980650000 8.191150e+03 
2982800000 8.201825e+03 
2984950000 8.182450e+03 
2987100000 8.143800e+03 
2989250000 8.167525e+03 
2991400000 8.204725e+03 
2993550000 8.179800e+03 
2995700000 8.169800e+03 
2997850000 8.180250e+03 
3000000000 8.176575e+03 

END
