IGOR
WAVES/D/O sweep,sig(1) 
BEGIN
2570000000 8.284200e+03 
2.572150e+09 8.275550e+03 
2574300000 8.297725e+03 
2576450000 8.298225e+03 
2578600000 8.288025e+03 
2.580750e+09 8.304975e+03 
2582900000 8.282500e+03 
2585050000 8.296450e+03 
2.587200e+09 8.254950e+03 
2589350000 8.266475e+03 
2591500000 8.274075e+03 
2593650000 8.256900e+03 
2.595800e+09 8.275725e+03 
2597950000 8.291125e+03 
2600100000 8.294625e+03 
2.602250e+09 8.292225e+03 
2604400000 8.289125e+03 
2606550000 8.293100e+03 
2608700000 8.286975e+03 
2.610850e+09 8.251475e+03 
2613000000 8.309300e+03 
2615150000 8.284125e+03 
2.617300e+09 8.273775e+03 
2619450000 8.273600e+03 
2621600000 8.266400e+03 
2623750000 8.257925e+03 
2.625900e+09 8.253450e+03 
2628050000 8.253050e+03 
2630200000 8.238325e+03 
2.632350e+09 8.230925e+03 
2634500000 8.232250e+03 
2636650000 8.246350e+03 
2638800000 8.250475e+03 
2.640950e+09 8.249700e+03 
2643100000 8.274350e+03 
2645250000 8.268775e+03 
2.647400e+09 8.313700e+03 
2649550000 8.257600e+03 
2651700000 8.263375e+03 
2653850000 8.269300e+03 
2.656000e+09 8.274300e+03 
2658150000 8.282800e+03 
2660300000 8.258625e+03 
2.662450e+09 8.245175e+03 
2664600000 8.222400e+03 
2666750000 8.220600e+03 
2668900000 8.207100e+03 
2.671050e+09 8.204100e+03 
2673200000 8.221725e+03 
2675350000 8.234500e+03 
2677500000 8.248450e+03 
2679650000 8.262425e+03 
2681800000 8.247025e+03 
2683950000 8305 
2.686100e+09 8.273925e+03 
2688250000 8.282225e+03 
2690400000 8.297925e+03 
2692550000 8.270800e+03 
2694700000 8260 
2696850000 8.279125e+03 
2699000000 8.231150e+03 
2.701150e+09 8.220200e+03 
2703300000 8.209300e+03 
2705450000 8.225675e+03 
2707600000 8.223875e+03 
2.709750e+09 8.253325e+03 
2711900000 8.242025e+03 
2714050000 8.229100e+03 
2.716200e+09 8.273125e+03 
2718350000 8.285975e+03 
2720500000 8.302125e+03 
2722650000 8.260375e+03 
2724800000 8.285925e+03 
2726950000 8.266175e+03 
2729100000 8.297525e+03 
2.731250e+09 8.244125e+03 
2733400000 8.256925e+03 
2735550000 8.252750e+03 
2737700000 8.234925e+03 
2.739850e+09 8.240050e+03 
2742000000 8238 
2744150000 8265 
2.746300e+09 8.248075e+03 
2748450000 8.267075e+03 
2750600000 8.286175e+03 
2752750000 8.270850e+03 
2754900000 8.271175e+03 
2757050000 8.260625e+03 
2759200000 8.274300e+03 
2.761350e+09 8.275725e+03 
2763500000 8.283850e+03 
2765650000 8.249925e+03 
2767800000 8.272900e+03 
2.769950e+09 8.274550e+03 
2772100000 8.278775e+03 
2774250000 8.276200e+03 
2.776400e+09 8.267575e+03 
2778550000 8.262350e+03 
2780700000 8.281025e+03 
2782850000 8.297125e+03 
2785000000 8.262625e+03 
2787150000 8.290625e+03 
2789300000 8.288725e+03 
2791450000 8.282650e+03 
2793600000 8.285825e+03 
2795750000 8.292225e+03 
2797900000 8.294800e+03 
2.800050e+09 8.288750e+03 
2802200000 8.279025e+03 
2804350000 8.294800e+03 
2806500000 8276 
2808650000 8.274150e+03 
2810800000 8.258775e+03 
2812950000 8.261100e+03 
2815100000 8.296650e+03 
2817250000 8.269075e+03 
2819400000 8.264800e+03 
2821550000 8.296025e+03 
2823700000 8.285550e+03 
2825850000 8.291475e+03 
2828000000 8.280300e+03 
2.830150e+09 8.279050e+03 
2832300000 8.298975e+03 
2834450000 8.271850e+03 
2836600000 8.293125e+03 
2838750000 8.277850e+03 
2840900000 8.271425e+03 
2843050000 8.277850e+03 
2845200000 8.309825e+03 
2847350000 8.273600e+03 
2849500000 8.242475e+03 
2851650000 8.277025e+03 
2853800000 8.274850e+03 
2855950000 8.266275e+03 
2858100000 8.262475e+03 
2.860250e+09 8.270225e+03 
2862400000 8.280125e+03 
2864550000 8.259950e+03 
2866700000 8.260775e+03 
2868850000 8.265175e+03 
2871000000 8291 
2873150000 8.275675e+03 
2875300000 8.283675e+03 
2877450000 8.277925e+03 
2879600000 8.279875e+03 
2881750000 8.268325e+03 
2883900000 8.286250e+03 
2886050000 8.266875e+03 
2888200000 8.284475e+03 
2.890350e+09 8.264375e+03 
2892500000 8.255500e+03 
2894650000 8.287275e+03 
2896800000 8.275425e+03 
2898950000 8.293825e+03 
2901100000 8.283650e+03 
2903250000 8.285300e+03 
2905400000 8.279575e+03 
2907550000 8.274400e+03 
2909700000 8.291625e+03 
2911850000 8.274425e+03 
2914000000 8.283800e+03 
2916150000 8.273900e+03 
2918300000 8.260150e+03 
2920450000 8.285225e+03 
2922600000 8.284325e+03 
2924750000 8.268325e+03 
2926900000 8.291800e+03 
2929050000 8.283050e+03 
2931200000 8.296025e+03 
2933350000 8.276925e+03 
2935500000 8.261150e+03 
2937650000 8.279675e+03 
2939800000 8.287500e+03 
2941950000 8.273825e+03 
2.944100e+09 8.270950e+03 
2946250000 8.272225e+03 
2948400000 8.309250e+03 
2950550000 8.260200e+03 
2952700000 8.260625e+03 
2954850000 8.273150e+03 
2957000000 8.275500e+03 
2959150000 8.272625e+03 
2961300000 8.284775e+03 
2963450000 8.252075e+03 
2965600000 8.281925e+03 
2967750000 8.275500e+03 
2969900000 8.282900e+03 
2972050000 8.264300e+03 
2974200000 8.292875e+03 
2976350000 8.278625e+03 
2978500000 8.274675e+03 
2980650000 8.274525e+03 
2982800000 8.279550e+03 
2984950000 8.286100e+03 
2987100000 8.276175e+03 
2989250000 8.289700e+03 
2991400000 8.260625e+03 
2993550000 8.286450e+03 
2995700000 8.248800e+03 
2997850000 8.269250e+03 
3000000000 8.284250e+03 

END
