IGOR
WAVES/D/O sweep,sig(1) 
BEGIN
2570000000 8.294600e+03 
2.572150e+09 8.297225e+03 
2574300000 8.304750e+03 
2576450000 8.325150e+03 
2578600000 8.317175e+03 
2.580750e+09 8.327350e+03 
2582900000 8.314525e+03 
2585050000 8.303625e+03 
2.587200e+09 8.296450e+03 
2589350000 8.297100e+03 
2591500000 8.305625e+03 
2593650000 8.312175e+03 
2.595800e+09 8.298275e+03 
2597950000 8.309675e+03 
2600100000 8.294925e+03 
2.602250e+09 8.298425e+03 
2604400000 8.294900e+03 
2606550000 8.299550e+03 
2608700000 8.298600e+03 
2.610850e+09 8.309400e+03 
2613000000 8.310150e+03 
2615150000 8.292675e+03 
2.617300e+09 8.279550e+03 
2619450000 8.278375e+03 
2621600000 8.289600e+03 
2623750000 8.298375e+03 
2.625900e+09 8.272050e+03 
2628050000 8.284125e+03 
2630200000 8.270700e+03 
2.632350e+09 8.266100e+03 
2634500000 8.266075e+03 
2636650000 8.258450e+03 
2638800000 8.274875e+03 
2.640950e+09 8.299575e+03 
2643100000 8.307375e+03 
2645250000 8.285725e+03 
2.647400e+09 8.293300e+03 
2649550000 8.294850e+03 
2651700000 8.301550e+03 
2653850000 8.308850e+03 
2.656000e+09 8.289900e+03 
2658150000 8.293275e+03 
2660300000 8.275625e+03 
2.662450e+09 8.253975e+03 
2664600000 8.251150e+03 
2666750000 8.233025e+03 
2668900000 8.244375e+03 
2.671050e+09 8.204800e+03 
2673200000 8.250775e+03 
2675350000 8.219825e+03 
2677500000 8.229325e+03 
2679650000 8.275150e+03 
2681800000 8.280450e+03 
2683950000 8.303475e+03 
2.686100e+09 8.281825e+03 
2688250000 8.290975e+03 
2690400000 8.288850e+03 
2692550000 8.283850e+03 
2694700000 8.264650e+03 
2696850000 8.276350e+03 
2699000000 8.262975e+03 
2.701150e+09 8.221925e+03 
2703300000 8.224975e+03 
2705450000 8229 
2707600000 8.223275e+03 
2.709750e+09 8.240550e+03 
2711900000 8.237950e+03 
2714050000 8.256375e+03 
2.716200e+09 8.283325e+03 
2718350000 8.284175e+03 
2720500000 8.278525e+03 
2722650000 8.286100e+03 
2724800000 8.300875e+03 
2726950000 8.303875e+03 
2729100000 8.294475e+03 
2.731250e+09 8.273800e+03 
2733400000 8.300250e+03 
2735550000 8.293250e+03 
2737700000 8.280300e+03 
2.739850e+09 8.267525e+03 
2742000000 8.239675e+03 
2744150000 8.254175e+03 
2.746300e+09 8.251450e+03 
2748450000 8.301025e+03 
2750600000 8.258250e+03 
2752750000 8.291650e+03 
2754900000 8.300650e+03 
2757050000 8.311400e+03 
2759200000 8.286375e+03 
2.761350e+09 8.315725e+03 
2763500000 8.309350e+03 
2765650000 8306 
2767800000 8.312300e+03 
2.769950e+09 8.297150e+03 
2772100000 8.285575e+03 
2774250000 8.288775e+03 
2.776400e+09 8.298100e+03 
2778550000 8.306175e+03 
2780700000 8.280625e+03 
2782850000 8.303850e+03 
2785000000 8.286725e+03 
2787150000 8.312800e+03 
2789300000 8.290600e+03 
2791450000 8.297825e+03 
2793600000 8.291125e+03 
2795750000 8.296650e+03 
2797900000 8.303175e+03 
2.800050e+09 8.305275e+03 
2802200000 8.286050e+03 
2804350000 8.297275e+03 
2806500000 8.298600e+03 
2808650000 8.286100e+03 
2810800000 8.293500e+03 
2812950000 8.306275e+03 
2815100000 8301 
2817250000 8.288650e+03 
2819400000 8.305100e+03 
2821550000 8.287675e+03 
2823700000 8.300800e+03 
2825850000 8.286725e+03 
2828000000 8.291400e+03 
2.830150e+09 8.304900e+03 
2832300000 8.304050e+03 
2834450000 8.276600e+03 
2836600000 8.279975e+03 
2838750000 8.296950e+03 
2840900000 8.274400e+03 
2843050000 8.293850e+03 
2845200000 8.278525e+03 
2847350000 8.284850e+03 
2849500000 8.287150e+03 
2851650000 8.273325e+03 
2853800000 8.294500e+03 
2855950000 8.291550e+03 
2858100000 8.297975e+03 
2.860250e+09 8.308300e+03 
2862400000 8.273950e+03 
2864550000 8.283375e+03 
2866700000 8.285375e+03 
2868850000 8.275850e+03 
2871000000 8.297250e+03 
2873150000 8.297950e+03 
2875300000 8.290850e+03 
2877450000 8.284375e+03 
2879600000 8.281025e+03 
2881750000 8.292900e+03 
2883900000 8.304475e+03 
2886050000 8.300300e+03 
2888200000 8.296950e+03 
2.890350e+09 8.292500e+03 
2892500000 8.289600e+03 
2894650000 8.259150e+03 
2896800000 8.289575e+03 
2898950000 8.271225e+03 
2901100000 8.287825e+03 
2903250000 8.290925e+03 
2905400000 8.291575e+03 
2907550000 8.272550e+03 
2909700000 8.273200e+03 
2911850000 8.272575e+03 
2914000000 8.267050e+03 
2916150000 8.277775e+03 
2918300000 8.289675e+03 
2920450000 8.284900e+03 
2922600000 8.287225e+03 
2924750000 8.271975e+03 
2926900000 8.297950e+03 
2929050000 8.282600e+03 
2931200000 8.289450e+03 
2933350000 8.283800e+03 
2935500000 8.290575e+03 
2937650000 8.288100e+03 
2939800000 8.287825e+03 
2941950000 8.274600e+03 
2.944100e+09 8.281500e+03 
2946250000 8.294300e+03 
2948400000 8.291300e+03 
2950550000 8.273350e+03 
2952700000 8.292275e+03 
2954850000 8.275775e+03 
2957000000 8.278950e+03 
2959150000 8.286250e+03 
2961300000 8.299300e+03 
2963450000 8.294225e+03 
2965600000 8.280500e+03 
2967750000 8.298200e+03 
2969900000 8297 
2972050000 8.277350e+03 
2974200000 8.292050e+03 
2976350000 8.306525e+03 
2978500000 8.270175e+03 
2980650000 8.281400e+03 
2982800000 8.299950e+03 
2984950000 8.308050e+03 
2987100000 8.290375e+03 
2989250000 8.279775e+03 
2991400000 8.300025e+03 
2993550000 8.305925e+03 
2995700000 8.311600e+03 
2997850000 8.283900e+03 
3000000000 8.288075e+03 

END
