IGOR
WAVES/D/O sweep,sig(1) 
BEGIN
2570000000 8.170900e+03 
2.572150e+09 8.185075e+03 
2574300000 8.148175e+03 
2576450000 8.178125e+03 
2578600000 8.185975e+03 
2.580750e+09 8.173300e+03 
2582900000 8.152150e+03 
2585050000 8.165900e+03 
2.587200e+09 8.185675e+03 
2589350000 8.163775e+03 
2591500000 8.201750e+03 
2593650000 8.199575e+03 
2.595800e+09 8.180950e+03 
2597950000 8.207100e+03 
2600100000 8155 
2.602250e+09 8.210275e+03 
2604400000 8.153475e+03 
2606550000 8.170850e+03 
2608700000 8.172950e+03 
2.610850e+09 8.159500e+03 
2613000000 8.201075e+03 
2615150000 8168 
2.617300e+09 8.184300e+03 
2619450000 8.181900e+03 
2621600000 8.154725e+03 
2623750000 8.158200e+03 
2.625900e+09 8.158275e+03 
2628050000 8.136750e+03 
2630200000 8.142750e+03 
2.632350e+09 8.139525e+03 
2634500000 8.151275e+03 
2636650000 8.149925e+03 
2638800000 8.164325e+03 
2.640950e+09 8.167225e+03 
2643100000 8.169325e+03 
2645250000 8156 
2.647400e+09 8.172700e+03 
2649550000 8.175525e+03 
2651700000 8.165075e+03 
2653850000 8.177300e+03 
2.656000e+09 8.166425e+03 
2658150000 8.185700e+03 
2660300000 8.161900e+03 
2.662450e+09 8.143850e+03 
2664600000 8.147375e+03 
2666750000 8.134875e+03 
2668900000 8.106725e+03 
2.671050e+09 8.107125e+03 
2673200000 8.123350e+03 
2675350000 8.100200e+03 
2677500000 8.146400e+03 
2679650000 8.174275e+03 
2681800000 8.165850e+03 
2683950000 8.173275e+03 
2.686100e+09 8.181800e+03 
2688250000 8.159150e+03 
2690400000 8.167900e+03 
2692550000 8.214825e+03 
2694700000 8.158950e+03 
2696850000 8.155550e+03 
2699000000 8.144075e+03 
2.701150e+09 8.139900e+03 
2703300000 8.121375e+03 
2705450000 8.117925e+03 
2707600000 8.110875e+03 
2.709750e+09 8.135350e+03 
2711900000 8.129375e+03 
2714050000 8.145325e+03 
2.716200e+09 8.157850e+03 
2718350000 8.164425e+03 
2720500000 8.179250e+03 
2722650000 8.167475e+03 
2724800000 8.191350e+03 
2726950000 8.191150e+03 
2729100000 8.179175e+03 
2.731250e+09 8.169075e+03 
2733400000 8.184250e+03 
2735550000 8.179550e+03 
2737700000 8.156250e+03 
2.739850e+09 8.139900e+03 
2742000000 8.163400e+03 
2744150000 8.142850e+03 
2.746300e+09 8.145200e+03 
2748450000 8.167775e+03 
2750600000 8.127275e+03 
2752750000 8.156600e+03 
2754900000 8.171850e+03 
2757050000 8.199025e+03 
2759200000 8.171375e+03 
2.761350e+09 8.181125e+03 
2763500000 8.190475e+03 
2765650000 8.179875e+03 
2767800000 8.182625e+03 
2.769950e+09 8.208700e+03 
2772100000 8.197725e+03 
2774250000 8.166725e+03 
2.776400e+09 8.171925e+03 
2778550000 8.179475e+03 
2780700000 8.171100e+03 
2782850000 8.173900e+03 
2785000000 8.180650e+03 
2787150000 8.176900e+03 
2789300000 8.162925e+03 
2791450000 8.171650e+03 
2793600000 8.168700e+03 
2795750000 8.167150e+03 
2797900000 8.161575e+03 
2.800050e+09 8.170050e+03 
2802200000 8.178925e+03 
2804350000 8.176200e+03 
2806500000 8.166125e+03 
2808650000 8.182975e+03 
2810800000 8.186900e+03 
2812950000 8.169325e+03 
2815100000 8.161775e+03 
2817250000 8.165700e+03 
2819400000 8.180250e+03 
2821550000 8.191100e+03 
2823700000 8.189575e+03 
2825850000 8.193300e+03 
2828000000 8.204350e+03 
2.830150e+09 8.186525e+03 
2832300000 8.196500e+03 
2834450000 8.168825e+03 
2836600000 8.192950e+03 
2838750000 8.163875e+03 
2840900000 8.195275e+03 
2843050000 8.159350e+03 
2845200000 8.194425e+03 
2847350000 8.181625e+03 
2849500000 8.185025e+03 
2851650000 8.186550e+03 
2853800000 8167 
2855950000 8.178325e+03 
2858100000 8.170375e+03 
2.860250e+09 8.209425e+03 
2862400000 8.176425e+03 
2864550000 8.183325e+03 
2866700000 8.170075e+03 
2868850000 8.174625e+03 
2871000000 8.191025e+03 
2873150000 8.177175e+03 
2875300000 8.182650e+03 
2877450000 8.195350e+03 
2879600000 8.199200e+03 
2881750000 8.171825e+03 
2883900000 8.181350e+03 
2886050000 8.190075e+03 
2888200000 8.187700e+03 
2.890350e+09 8.192875e+03 
2892500000 8.183800e+03 
2894650000 8.200325e+03 
2896800000 8.196925e+03 
2898950000 8.206350e+03 
2901100000 8.201975e+03 
2903250000 8.205500e+03 
2905400000 8.208700e+03 
2907550000 8.194900e+03 
2909700000 8.204825e+03 
2911850000 8.172350e+03 
2914000000 8176 
2916150000 8.185225e+03 
2918300000 8.205900e+03 
2920450000 8.198475e+03 
2922600000 8.203725e+03 
2924750000 8.203400e+03 
2926900000 8.203725e+03 
2929050000 8.203025e+03 
2931200000 8.212800e+03 
2933350000 8.203400e+03 
2935500000 8196 
2937650000 8.184425e+03 
2939800000 8.176575e+03 
2941950000 8.172075e+03 
2.944100e+09 8.189250e+03 
2946250000 8.187150e+03 
2948400000 8.204100e+03 
2950550000 8.206675e+03 
2952700000 8.191650e+03 
2954850000 8.212200e+03 
2957000000 8.181500e+03 
2959150000 8.161550e+03 
2961300000 8.197075e+03 
2963450000 8.196800e+03 
2965600000 8.195550e+03 
2967750000 8.189425e+03 
2969900000 8.191075e+03 
2972050000 8.192450e+03 
2974200000 8.192775e+03 
2976350000 8.215125e+03 
2978500000 8.193850e+03 
2980650000 8.177550e+03 
2982800000 8.192575e+03 
2984950000 8.210275e+03 
2987100000 8.183850e+03 
2989250000 8.193925e+03 
2991400000 8.199450e+03 
2993550000 8.181550e+03 
2995700000 8.198075e+03 
2997850000 8.178225e+03 
3000000000 8.211425e+03 

END
