IGOR
WAVES/D/O sweep,sig(1) 
BEGIN
2570000000 8162 
2.572150e+09 8.149800e+03 
2574300000 8.138675e+03 
2576450000 8.147450e+03 
2578600000 8.150075e+03 
2.580750e+09 8.179700e+03 
2582900000 8.180650e+03 
2585050000 8.190650e+03 
2.587200e+09 8.184750e+03 
2589350000 8.163875e+03 
2591500000 8.158275e+03 
2593650000 8.159650e+03 
2.595800e+09 8.188925e+03 
2597950000 8.140025e+03 
2600100000 8.146675e+03 
2.602250e+09 8.150175e+03 
2604400000 8.159300e+03 
2606550000 8.172050e+03 
2608700000 8.161500e+03 
2.610850e+09 8.165075e+03 
2613000000 8.152525e+03 
2615150000 8.138850e+03 
2.617300e+09 8.141975e+03 
2619450000 8.160400e+03 
2621600000 8.155150e+03 
2623750000 8.144450e+03 
2.625900e+09 8.124900e+03 
2628050000 8.116675e+03 
2630200000 8.147075e+03 
2.632350e+09 8.142825e+03 
2634500000 8.120300e+03 
2636650000 8.124350e+03 
2638800000 8.130150e+03 
2.640950e+09 8.126625e+03 
2643100000 8.121350e+03 
2645250000 8.139650e+03 
2.647400e+09 8.165325e+03 
2649550000 8.161350e+03 
2651700000 8.142825e+03 
2653850000 8.153225e+03 
2.656000e+09 8.173250e+03 
2658150000 8.170175e+03 
2660300000 8.137050e+03 
2.662450e+09 8.150650e+03 
2664600000 8.126325e+03 
2666750000 8.130675e+03 
2668900000 8080 
2.671050e+09 8.116575e+03 
2673200000 8.098050e+03 
2675350000 8.104900e+03 
2677500000 8.121400e+03 
2679650000 8.114525e+03 
2681800000 8.165325e+03 
2683950000 8.187950e+03 
2.686100e+09 8.176325e+03 
2688250000 8.166875e+03 
2690400000 8.165075e+03 
2692550000 8.191775e+03 
2694700000 8.158300e+03 
2696850000 8.131825e+03 
2699000000 8.130600e+03 
2.701150e+09 8.104825e+03 
2703300000 8.091275e+03 
2705450000 8.098425e+03 
2707600000 8.087925e+03 
2.709750e+09 8.110900e+03 
2711900000 8.121150e+03 
2714050000 8.140200e+03 
2.716200e+09 8.121675e+03 
2718350000 8.166425e+03 
2720500000 8.149025e+03 
2722650000 8.189300e+03 
2724800000 8.188450e+03 
2726950000 8171 
2729100000 8.176225e+03 
2.731250e+09 8.154100e+03 
2733400000 8.148725e+03 
2735550000 8.147525e+03 
2737700000 8.154225e+03 
2.739850e+09 8.112575e+03 
2742000000 8.143125e+03 
2744150000 8.128875e+03 
2.746300e+09 8.151575e+03 
2748450000 8.148625e+03 
2750600000 8.167025e+03 
2752750000 8.145875e+03 
2754900000 8.197400e+03 
2757050000 8.177150e+03 
2759200000 8.169150e+03 
2.761350e+09 8.158025e+03 
2763500000 8.161625e+03 
2765650000 8.165500e+03 
2767800000 8.159075e+03 
2.769950e+09 8160 
2772100000 8.201425e+03 
2774250000 8.171525e+03 
2.776400e+09 8.180450e+03 
2778550000 8.148275e+03 
2780700000 8.173650e+03 
2782850000 8.146950e+03 
2785000000 8.168025e+03 
2787150000 8.194175e+03 
2789300000 8.166325e+03 
2791450000 8.137850e+03 
2793600000 8.172350e+03 
2795750000 8.155150e+03 
2797900000 8.155225e+03 
2.800050e+09 8.185750e+03 
2802200000 8.148775e+03 
2804350000 8.165850e+03 
2806500000 8.173150e+03 
2808650000 8.175875e+03 
2810800000 8.150825e+03 
2812950000 8.176275e+03 
2815100000 8.176500e+03 
2817250000 8.194500e+03 
2819400000 8.166675e+03 
2821550000 8149 
2823700000 8.162600e+03 
2825850000 8.168025e+03 
2828000000 8.165975e+03 
2.830150e+09 8.174150e+03 
2832300000 8.173500e+03 
2834450000 8.201225e+03 
2836600000 8.155600e+03 
2838750000 8.159925e+03 
2840900000 8.173450e+03 
2843050000 8.160400e+03 
2845200000 8.149975e+03 
2847350000 8.181550e+03 
2849500000 8.177625e+03 
2851650000 8.163275e+03 
2853800000 8.147400e+03 
2855950000 8.165175e+03 
2858100000 8.143750e+03 
2.860250e+09 8.156150e+03 
2862400000 8.175475e+03 
2864550000 8.144600e+03 
2866700000 8.167050e+03 
2868850000 8.159675e+03 
2871000000 8.187375e+03 
2873150000 8.146925e+03 
2875300000 8.163025e+03 
2877450000 8.170225e+03 
2879600000 8.168600e+03 
2881750000 8.150475e+03 
2883900000 8.178675e+03 
2886050000 8.167075e+03 
2888200000 8.170375e+03 
2.890350e+09 8.173075e+03 
2892500000 8.184200e+03 
2894650000 8.127975e+03 
2896800000 8.168400e+03 
2898950000 8.152650e+03 
2901100000 8.148700e+03 
2903250000 8.146875e+03 
2905400000 8.147400e+03 
2907550000 8.147375e+03 
2909700000 8.139500e+03 
2911850000 8.158350e+03 
2914000000 8.152200e+03 
2916150000 8.145775e+03 
2918300000 8.148525e+03 
2920450000 8.138275e+03 
2922600000 8.129200e+03 
2924750000 8.161225e+03 
2926900000 8.150725e+03 
2929050000 8.163200e+03 
2931200000 8.145700e+03 
2933350000 8.165550e+03 
2935500000 8.164125e+03 
2937650000 8.167750e+03 
2939800000 8.160925e+03 
2941950000 8.143875e+03 
2.944100e+09 8.152325e+03 
2946250000 8.165550e+03 
2948400000 8.159900e+03 
2950550000 8.174875e+03 
2952700000 8.147100e+03 
2954850000 8.148525e+03 
2957000000 8.183975e+03 
2959150000 8.154250e+03 
2961300000 8.139425e+03 
2963450000 8.136075e+03 
2965600000 8.195375e+03 
2967750000 8.180650e+03 
2969900000 8.154575e+03 
2972050000 8.161575e+03 
2974200000 8.144075e+03 
2976350000 8.158050e+03 
2978500000 8.162450e+03 
2980650000 8.144175e+03 
2982800000 8.171775e+03 
2984950000 8.169300e+03 
2987100000 8.164625e+03 
2989250000 8.157200e+03 
2991400000 8.139450e+03 
2993550000 8.165975e+03 
2995700000 8.153775e+03 
2997850000 8.163075e+03 
3000000000 8.168100e+03 

END
