IGOR
WAVES/D/O sweep,sig(1) 
BEGIN
2570000000 8.163075e+03 
2.572150e+09 8.191675e+03 
2574300000 8.183675e+03 
2576450000 8.167850e+03 
2578600000 8.191500e+03 
2.580750e+09 8.174700e+03 
2582900000 8186 
2585050000 8.177550e+03 
2.587200e+09 8.180725e+03 
2589350000 8.166800e+03 
2591500000 8.194300e+03 
2593650000 8.177300e+03 
2.595800e+09 8.202475e+03 
2597950000 8.180800e+03 
2600100000 8.164525e+03 
2.602250e+09 8.168800e+03 
2604400000 8.178450e+03 
2606550000 8.171525e+03 
2608700000 8.172500e+03 
2.610850e+09 8.170475e+03 
2613000000 8.180700e+03 
2615150000 8.165900e+03 
2.617300e+09 8.152800e+03 
2619450000 8.157675e+03 
2621600000 8.165750e+03 
2623750000 8.150650e+03 
2.625900e+09 8.155875e+03 
2628050000 8.130600e+03 
2630200000 8.137050e+03 
2.632350e+09 8.125250e+03 
2634500000 8.133425e+03 
2636650000 8.143725e+03 
2638800000 8.152075e+03 
2.640950e+09 8.152575e+03 
2643100000 8.171200e+03 
2645250000 8.179725e+03 
2.647400e+09 8.162400e+03 
2649550000 8.188125e+03 
2651700000 8.160300e+03 
2653850000 8.170900e+03 
2.656000e+09 8.168025e+03 
2658150000 8.186400e+03 
2660300000 8.160950e+03 
2.662450e+09 8.153575e+03 
2664600000 8.134325e+03 
2666750000 8.127925e+03 
2668900000 8.097050e+03 
2.671050e+09 8.097750e+03 
2673200000 8.116350e+03 
2675350000 8.124700e+03 
2677500000 8.140975e+03 
2679650000 8.140025e+03 
2681800000 8.182475e+03 
2683950000 8.160525e+03 
2.686100e+09 8.164575e+03 
2688250000 8.187875e+03 
2690400000 8.169100e+03 
2692550000 8.164925e+03 
2694700000 8.189550e+03 
2696850000 8.159850e+03 
2699000000 8.138225e+03 
2.701150e+09 8.112650e+03 
2703300000 8.103550e+03 
2705450000 8118 
2707600000 8.122500e+03 
2.709750e+09 8.125400e+03 
2711900000 8.117775e+03 
2714050000 8.151650e+03 
2.716200e+09 8.149550e+03 
2718350000 8.154950e+03 
2720500000 8.179075e+03 
2722650000 8.188225e+03 
2724800000 8.205325e+03 
2726950000 8.168800e+03 
2729100000 8.174450e+03 
2.731250e+09 8.182375e+03 
2733400000 8.160250e+03 
2735550000 8.172275e+03 
2737700000 8.151800e+03 
2.739850e+09 8160 
2742000000 8.154825e+03 
2744150000 8.141525e+03 
2.746300e+09 8.130100e+03 
2748450000 8.145950e+03 
2750600000 8.173025e+03 
2752750000 8.158500e+03 
2754900000 8.156375e+03 
2757050000 8.174600e+03 
2759200000 8.168800e+03 
2.761350e+09 8.179025e+03 
2763500000 8.149500e+03 
2765650000 8.166600e+03 
2767800000 8.189875e+03 
2.769950e+09 8.163275e+03 
2772100000 8.177550e+03 
2774250000 8.158725e+03 
2.776400e+09 8.178325e+03 
2778550000 8.181500e+03 
2780700000 8.163075e+03 
2782850000 8.184750e+03 
2785000000 8.177700e+03 
2787150000 8.151300e+03 
2789300000 8.154225e+03 
2791450000 8.152350e+03 
2793600000 8.160325e+03 
2795750000 8.151450e+03 
2797900000 8.181650e+03 
2.800050e+09 8.167400e+03 
2802200000 8.192875e+03 
2804350000 8.174150e+03 
2806500000 8.179100e+03 
2808650000 8.142900e+03 
2810800000 8.146400e+03 
2812950000 8.160850e+03 
2815100000 8.171100e+03 
2817250000 8.177375e+03 
2819400000 8.168100e+03 
2821550000 8.178625e+03 
2823700000 8.145750e+03 
2825850000 8.169750e+03 
2828000000 8.176825e+03 
2.830150e+09 8.162250e+03 
2832300000 8.152800e+03 
2834450000 8.142875e+03 
2836600000 8.169875e+03 
2838750000 8.152475e+03 
2840900000 8.155875e+03 
2843050000 8.140700e+03 
2845200000 8.145800e+03 
2847350000 8.171575e+03 
2849500000 8.159825e+03 
2851650000 8.181425e+03 
2853800000 8.159400e+03 
2855950000 8.156500e+03 
2858100000 8.160750e+03 
2.860250e+09 8.158725e+03 
2862400000 8.171175e+03 
2864550000 8.165600e+03 
2866700000 8.151025e+03 
2868850000 8.158175e+03 
2871000000 8.171400e+03 
2873150000 8.158225e+03 
2875300000 8.162925e+03 
2877450000 8.149300e+03 
2879600000 8.155025e+03 
2881750000 8.163150e+03 
2883900000 8.169300e+03 
2886050000 8181 
2888200000 8.147275e+03 
2.890350e+09 8.151100e+03 
2892500000 8.181875e+03 
2894650000 8.152175e+03 
2896800000 8.167125e+03 
2898950000 8.161325e+03 
2901100000 8.179150e+03 
2903250000 8.159300e+03 
2905400000 8.148175e+03 
2907550000 8.179875e+03 
2909700000 8.165900e+03 
2911850000 8.165200e+03 
2914000000 8.151925e+03 
2916150000 8.160525e+03 
2918300000 8.171150e+03 
2920450000 8.149775e+03 
2922600000 8.147700e+03 
2924750000 8.151950e+03 
2926900000 8.171975e+03 
2929050000 8.132850e+03 
2931200000 8.171575e+03 
2933350000 8.155500e+03 
2935500000 8.158725e+03 
2937650000 8.139900e+03 
2939800000 8.136825e+03 
2941950000 8.140525e+03 
2.944100e+09 8.176600e+03 
2946250000 8.139925e+03 
2948400000 8.156200e+03 
2950550000 8.154525e+03 
2952700000 8.160300e+03 
2954850000 8.186850e+03 
2957000000 8.162925e+03 
2959150000 8.149175e+03 
2961300000 8.146550e+03 
2963450000 8.157975e+03 
2965600000 8.158750e+03 
2967750000 8.137600e+03 
2969900000 8.160050e+03 
2972050000 8.139500e+03 
2974200000 8.146850e+03 
2976350000 8.162475e+03 
2978500000 8.162150e+03 
2980650000 8.166950e+03 
2982800000 8.150475e+03 
2984950000 8.161525e+03 
2987100000 8.155575e+03 
2989250000 8.137375e+03 
2991400000 8.142875e+03 
2993550000 8.132200e+03 
2995700000 8.139775e+03 
2997850000 8.155275e+03 
3000000000 8.143650e+03 

END
