IGOR
WAVES/D/O sweep,sig(1) 
BEGIN
2570000000 8.317325e+03 
2.572150e+09 8.310025e+03 
2574300000 8.321500e+03 
2576450000 8.320475e+03 
2578600000 8.328200e+03 
2.580750e+09 8.311950e+03 
2582900000 8.303500e+03 
2585050000 8.315100e+03 
2.587200e+09 8.295800e+03 
2589350000 8.312350e+03 
2591500000 8.321875e+03 
2593650000 8.319050e+03 
2.595800e+09 8.338475e+03 
2597950000 8.310475e+03 
2600100000 8.304975e+03 
2.602250e+09 8333 
2604400000 8.334950e+03 
2606550000 8.319325e+03 
2608700000 8.334900e+03 
2.610850e+09 8.320250e+03 
2613000000 8.320925e+03 
2615150000 8.317200e+03 
2.617300e+09 8.326700e+03 
2619450000 8.298700e+03 
2621600000 8.307975e+03 
2623750000 8.297275e+03 
2.625900e+09 8.293100e+03 
2628050000 8.288725e+03 
2630200000 8.290450e+03 
2.632350e+09 8.265300e+03 
2634500000 8.265425e+03 
2636650000 8.249950e+03 
2638800000 8.299125e+03 
2.640950e+09 8.311300e+03 
2643100000 8.317700e+03 
2645250000 8.305800e+03 
2.647400e+09 8.288750e+03 
2649550000 8309 
2651700000 8.300450e+03 
2653850000 8312 
2.656000e+09 8.320350e+03 
2658150000 8.291550e+03 
2660300000 8.315100e+03 
2.662450e+09 8.268725e+03 
2664600000 8.278050e+03 
2666750000 8.252175e+03 
2668900000 8.244350e+03 
2.671050e+09 8.254700e+03 
2673200000 8.261350e+03 
2675350000 8.241350e+03 
2677500000 8285 
2679650000 8.279750e+03 
2681800000 8.282475e+03 
2683950000 8.320925e+03 
2.686100e+09 8.322575e+03 
2688250000 8.304075e+03 
2690400000 8.307650e+03 
2692550000 8.312275e+03 
2694700000 8.314250e+03 
2696850000 8.275675e+03 
2699000000 8.261325e+03 
2.701150e+09 8.257175e+03 
2703300000 8.228125e+03 
2705450000 8.229550e+03 
2707600000 8.221525e+03 
2.709750e+09 8.248775e+03 
2711900000 8.249975e+03 
2714050000 8.290625e+03 
2.716200e+09 8.296350e+03 
2718350000 8.315450e+03 
2720500000 8.323700e+03 
2722650000 8.278250e+03 
2724800000 8.290525e+03 
2726950000 8.306975e+03 
2729100000 8.308800e+03 
2.731250e+09 8.313575e+03 
2733400000 8.292100e+03 
2735550000 8.312175e+03 
2737700000 8.275825e+03 
2.739850e+09 8.295450e+03 
2742000000 8.283700e+03 
2744150000 8.281900e+03 
2.746300e+09 8.300375e+03 
2748450000 8.304650e+03 
2750600000 8.293650e+03 
2752750000 8.311325e+03 
2754900000 8.319650e+03 
2757050000 8.292575e+03 
2759200000 8.341025e+03 
2.761350e+09 8.317100e+03 
2763500000 8.309050e+03 
2765650000 8.332975e+03 
2767800000 8.313125e+03 
2.769950e+09 8.328600e+03 
2772100000 8.344575e+03 
2774250000 8.342775e+03 
2.776400e+09 8.316850e+03 
2778550000 8.305175e+03 
2780700000 8.331100e+03 
2782850000 8.336750e+03 
2785000000 8.347275e+03 
2787150000 8.340700e+03 
2789300000 8.334650e+03 
2791450000 8.298825e+03 
2793600000 8.296125e+03 
2795750000 8.320550e+03 
2797900000 8.327375e+03 
2.800050e+09 8.331750e+03 
2802200000 8.328200e+03 
2804350000 8.308325e+03 
2806500000 8.329250e+03 
2808650000 8.306725e+03 
2810800000 8.321475e+03 
2812950000 8.311800e+03 
2815100000 8.306075e+03 
2817250000 8.304825e+03 
2819400000 8.331725e+03 
2821550000 8.338600e+03 
2823700000 8.293400e+03 
2825850000 8307 
2828000000 8.321200e+03 
2.830150e+09 8313 
2832300000 8.325300e+03 
2834450000 8.306525e+03 
2836600000 8.315050e+03 
2838750000 8.333175e+03 
2840900000 8.305175e+03 
2843050000 8.316125e+03 
2845200000 8.340875e+03 
2847350000 8.336350e+03 
2849500000 8.319425e+03 
2851650000 8.307875e+03 
2853800000 8.306525e+03 
2855950000 8.334050e+03 
2858100000 8.301475e+03 
2.860250e+09 8.312950e+03 
2862400000 8.333275e+03 
2864550000 8.331925e+03 
2866700000 8.313075e+03 
2868850000 8.336475e+03 
2871000000 8.347700e+03 
2873150000 8.332300e+03 
2875300000 8.299175e+03 
2877450000 8.324750e+03 
2879600000 8.325875e+03 
2881750000 8.327525e+03 
2883900000 8.315500e+03 
2886050000 8.333250e+03 
2888200000 8.332575e+03 
2.890350e+09 8.330525e+03 
2892500000 8.301700e+03 
2894650000 8.333700e+03 
2896800000 8.336550e+03 
2898950000 8.329400e+03 
2901100000 8.323850e+03 
2903250000 8.328350e+03 
2905400000 8.317325e+03 
2907550000 8.350950e+03 
2909700000 8.321625e+03 
2911850000 8.291075e+03 
2914000000 8.321500e+03 
2916150000 8.317675e+03 
2918300000 8.324700e+03 
2920450000 8.310900e+03 
2922600000 8.334300e+03 
2924750000 8.315775e+03 
2926900000 8.313775e+03 
2929050000 8.305525e+03 
2931200000 8.315125e+03 
2933350000 8.341050e+03 
2935500000 8.330600e+03 
2937650000 8.315325e+03 
2939800000 8.325775e+03 
2941950000 8.324325e+03 
2.944100e+09 8.347275e+03 
2946250000 8.339450e+03 
2948400000 8.324750e+03 
2950550000 8.306400e+03 
2952700000 8.323075e+03 
2954850000 8.329775e+03 
2957000000 8.308125e+03 
2959150000 8.328625e+03 
2961300000 8.313200e+03 
2963450000 8.315200e+03 
2965600000 8.335625e+03 
2967750000 8.325650e+03 
2969900000 8.339975e+03 
2972050000 8.346400e+03 
2974200000 8.330200e+03 
2976350000 8.311800e+03 
2978500000 8.312725e+03 
2980650000 8.305300e+03 
2982800000 8.313900e+03 
2984950000 8.318775e+03 
2987100000 8.331625e+03 
2989250000 8.299250e+03 
2991400000 8.334675e+03 
2993550000 8.333525e+03 
2995700000 8314 
2997850000 8.318375e+03 
3000000000 8.323375e+03 

END
