IGOR
WAVES/D/O sweep,sig(1) 
BEGIN
2570000000 8.195575e+03 
2.572150e+09 8.209300e+03 
2574300000 8.176050e+03 
2576450000 8.170150e+03 
2578600000 8.180975e+03 
2.580750e+09 8.185250e+03 
2582900000 8.206175e+03 
2585050000 8.205200e+03 
2.587200e+09 8.222875e+03 
2589350000 8.198250e+03 
2591500000 8.212950e+03 
2593650000 8.207925e+03 
2.595800e+09 8186 
2597950000 8.190125e+03 
2600100000 8.196450e+03 
2.602250e+09 8.202450e+03 
2604400000 8.207900e+03 
2606550000 8.226725e+03 
2608700000 8.199650e+03 
2.610850e+09 8.200775e+03 
2613000000 8.206450e+03 
2615150000 8.185975e+03 
2.617300e+09 8.191525e+03 
2619450000 8177 
2621600000 8.196025e+03 
2623750000 8.176625e+03 
2.625900e+09 8.183125e+03 
2628050000 8.145225e+03 
2630200000 8.189300e+03 
2.632350e+09 8.152175e+03 
2634500000 8.154875e+03 
2636650000 8.143950e+03 
2638800000 8.176800e+03 
2.640950e+09 8.153175e+03 
2643100000 8.182275e+03 
2645250000 8.180675e+03 
2.647400e+09 8.195775e+03 
2649550000 8.195850e+03 
2651700000 8.216250e+03 
2653850000 8.181475e+03 
2.656000e+09 8.213275e+03 
2658150000 8.195050e+03 
2660300000 8.168450e+03 
2.662450e+09 8.146025e+03 
2664600000 8.141700e+03 
2666750000 8.143250e+03 
2668900000 8.114325e+03 
2.671050e+09 8.127925e+03 
2673200000 8.137525e+03 
2675350000 8.143900e+03 
2677500000 8.148200e+03 
2679650000 8.171650e+03 
2681800000 8.193875e+03 
2683950000 8.181050e+03 
2.686100e+09 8.210025e+03 
2688250000 8.190875e+03 
2690400000 8.200500e+03 
2692550000 8.206275e+03 
2694700000 8.165150e+03 
2696850000 8.164750e+03 
2699000000 8.155800e+03 
2.701150e+09 8.143550e+03 
2703300000 8.146425e+03 
2705450000 8.142375e+03 
2707600000 8.133300e+03 
2.709750e+09 8154 
2711900000 8.174700e+03 
2714050000 8.166525e+03 
2.716200e+09 8.208400e+03 
2718350000 8.202700e+03 
2720500000 8.221325e+03 
2722650000 8.183525e+03 
2724800000 8.198050e+03 
2726950000 8193 
2729100000 8.197075e+03 
2.731250e+09 8.180150e+03 
2733400000 8.211150e+03 
2735550000 8.197775e+03 
2737700000 8.192425e+03 
2.739850e+09 8.195250e+03 
2742000000 8.177700e+03 
2744150000 8.146575e+03 
2.746300e+09 8.161850e+03 
2748450000 8.159575e+03 
2750600000 8.182575e+03 
2752750000 8.216550e+03 
2754900000 8.190125e+03 
2757050000 8.204875e+03 
2759200000 8.216650e+03 
2.761350e+09 8.207500e+03 
2763500000 8.213750e+03 
2765650000 8.214950e+03 
2767800000 8.199675e+03 
2.769950e+09 8.234250e+03 
2772100000 8.210575e+03 
2774250000 8.225950e+03 
2.776400e+09 8.228250e+03 
2778550000 8215 
2780700000 8.205600e+03 
2782850000 8.210325e+03 
2785000000 8.204975e+03 
2787150000 8.215750e+03 
2789300000 8.204300e+03 
2791450000 8.213950e+03 
2793600000 8.205975e+03 
2795750000 8.204025e+03 
2797900000 8.213950e+03 
2.800050e+09 8.226575e+03 
2802200000 8.208150e+03 
2804350000 8.216475e+03 
2806500000 8.224375e+03 
2808650000 8.221600e+03 
2810800000 8.185050e+03 
2812950000 8.204750e+03 
2815100000 8211 
2817250000 8.182425e+03 
2819400000 8.182375e+03 
2821550000 8.193075e+03 
2823700000 8197 
2825850000 8.205600e+03 
2828000000 8.203550e+03 
2.830150e+09 8226 
2832300000 8.215775e+03 
2834450000 8.208825e+03 
2836600000 8.220775e+03 
2838750000 8.202525e+03 
2840900000 8.216300e+03 
2843050000 8.212500e+03 
2845200000 8.207800e+03 
2847350000 8.190125e+03 
2849500000 8.213475e+03 
2851650000 8.213400e+03 
2853800000 8.214550e+03 
2855950000 8.182050e+03 
2858100000 8.202425e+03 
2.860250e+09 8.206275e+03 
2862400000 8.215225e+03 
2864550000 8.174625e+03 
2866700000 8.188775e+03 
2868850000 8.208825e+03 
2871000000 8.201125e+03 
2873150000 8.199475e+03 
2875300000 8.197750e+03 
2877450000 8.214625e+03 
2879600000 8.223075e+03 
2881750000 8.218575e+03 
2883900000 8.213975e+03 
2886050000 8.208075e+03 
2888200000 8.237075e+03 
2.890350e+09 8.208100e+03 
2892500000 8.199500e+03 
2894650000 8.183500e+03 
2896800000 8.197925e+03 
2898950000 8.218875e+03 
2901100000 8.240475e+03 
2903250000 8.227125e+03 
2905400000 8.200850e+03 
2907550000 8.209450e+03 
2909700000 8.212125e+03 
2911850000 8.225475e+03 
2914000000 8.201150e+03 
2916150000 8.211850e+03 
2918300000 8.197400e+03 
2920450000 8.212825e+03 
2922600000 8.201775e+03 
2924750000 8.197375e+03 
2926900000 8.205350e+03 
2929050000 8.216675e+03 
2931200000 8.203225e+03 
2933350000 8.211750e+03 
2935500000 8.196900e+03 
2937650000 8.205275e+03 
2939800000 8.207325e+03 
2941950000 8.178475e+03 
2.944100e+09 8.223500e+03 
2946250000 8.225525e+03 
2948400000 8209 
2950550000 8.219550e+03 
2952700000 8208 
2954850000 8.228775e+03 
2957000000 8.201900e+03 
2959150000 8.196775e+03 
2961300000 8.212975e+03 
2963450000 8216 
2965600000 8.218875e+03 
2967750000 8.193550e+03 
2969900000 8.191750e+03 
2972050000 8.205450e+03 
2974200000 8.194350e+03 
2976350000 8.229725e+03 
2978500000 8.219900e+03 
2980650000 8.235275e+03 
2982800000 8.198850e+03 
2984950000 8.199600e+03 
2987100000 8.194450e+03 
2989250000 8.211575e+03 
2991400000 8.231500e+03 
2993550000 8.229675e+03 
2995700000 8.213400e+03 
2997850000 8.220225e+03 
3000000000 8.247700e+03 

END
