IGOR
WAVES/D/O sweep,sig(1) 
BEGIN
2570000000 8.215875e+03 
2.572150e+09 8.264875e+03 
2574300000 8.260025e+03 
2576450000 8.218100e+03 
2578600000 8.201950e+03 
2.580750e+09 8.225225e+03 
2582900000 8.251500e+03 
2585050000 8.228825e+03 
2.587200e+09 8.229100e+03 
2589350000 8.236050e+03 
2591500000 8.257200e+03 
2593650000 8.216775e+03 
2.595800e+09 8.205625e+03 
2597950000 8.236325e+03 
2600100000 8.252600e+03 
2.602250e+09 8.220025e+03 
2604400000 8.216025e+03 
2606550000 8.235475e+03 
2608700000 8.261575e+03 
2.610850e+09 8.243025e+03 
2613000000 8.239325e+03 
2615150000 8.244675e+03 
2.617300e+09 8.231600e+03 
2619450000 8.253025e+03 
2621600000 8.214725e+03 
2623750000 8.229625e+03 
2.625900e+09 8.215275e+03 
2628050000 8.200550e+03 
2630200000 8.204300e+03 
2.632350e+09 8.219100e+03 
2634500000 8.225150e+03 
2636650000 8.205100e+03 
2638800000 8.209450e+03 
2.640950e+09 8.219425e+03 
2643100000 8.228200e+03 
2645250000 8.262750e+03 
2.647400e+09 8.226625e+03 
2649550000 8.251100e+03 
2651700000 8.240800e+03 
2653850000 8.243450e+03 
2.656000e+09 8.218425e+03 
2658150000 8.254425e+03 
2660300000 8.244325e+03 
2.662450e+09 8.232575e+03 
2664600000 8.202100e+03 
2666750000 8.190325e+03 
2668900000 8.183800e+03 
2.671050e+09 8.196875e+03 
2673200000 8.196275e+03 
2675350000 8.170425e+03 
2677500000 8.205400e+03 
2679650000 8.245475e+03 
2681800000 8.236325e+03 
2683950000 8.240400e+03 
2.686100e+09 8.228150e+03 
2688250000 8.245050e+03 
2690400000 8.247950e+03 
2692550000 8.246225e+03 
2694700000 8227 
2696850000 8.240800e+03 
2699000000 8.201025e+03 
2.701150e+09 8.197750e+03 
2703300000 8.186475e+03 
2705450000 8.213975e+03 
2707600000 8.187025e+03 
2.709750e+09 8.181850e+03 
2711900000 8.216350e+03 
2714050000 8.230825e+03 
2.716200e+09 8.228975e+03 
2718350000 8.221475e+03 
2720500000 8.265125e+03 
2722650000 8.246625e+03 
2724800000 8.279475e+03 
2726950000 8.256700e+03 
2729100000 8.231225e+03 
2.731250e+09 8.280450e+03 
2733400000 8.256725e+03 
2735550000 8.187400e+03 
2737700000 8.206850e+03 
2.739850e+09 8.226550e+03 
2742000000 8.233625e+03 
2744150000 8.198975e+03 
2.746300e+09 8247 
2748450000 8.230925e+03 
2750600000 8.247350e+03 
2752750000 8.230425e+03 
2754900000 8.246875e+03 
2757050000 8.287825e+03 
2759200000 8.289300e+03 
2.761350e+09 8.254600e+03 
2763500000 8.251700e+03 
2765650000 8.249850e+03 
2767800000 8.269375e+03 
2.769950e+09 8.257100e+03 
2772100000 8.219900e+03 
2774250000 8.245750e+03 
2.776400e+09 8.262125e+03 
2778550000 8.261575e+03 
2780700000 8.264075e+03 
2782850000 8.271300e+03 
2785000000 8.274825e+03 
2787150000 8.255700e+03 
2789300000 8.240600e+03 
2791450000 8.256050e+03 
2793600000 8.273300e+03 
2795750000 8.265175e+03 
2797900000 8.230125e+03 
2.800050e+09 8.259925e+03 
2802200000 8.284300e+03 
2804350000 8.256650e+03 
2806500000 8.220300e+03 
2808650000 8.239250e+03 
2810800000 8.250600e+03 
2812950000 8.255775e+03 
2815100000 8.227950e+03 
2817250000 8.252625e+03 
2819400000 8.282325e+03 
2821550000 8.271150e+03 
2823700000 8.253900e+03 
2825850000 8.256650e+03 
2828000000 8274 
2.830150e+09 8.249575e+03 
2832300000 8.259400e+03 
2834450000 8.238325e+03 
2836600000 8.253400e+03 
2838750000 8.289150e+03 
2840900000 8.250100e+03 
2843050000 8.236950e+03 
2845200000 8.251350e+03 
2847350000 8.272625e+03 
2849500000 8.264750e+03 
2851650000 8.243025e+03 
2853800000 8.252725e+03 
2855950000 8.268325e+03 
2858100000 8.251300e+03 
2.860250e+09 8.250625e+03 
2862400000 8.265300e+03 
2864550000 8.293925e+03 
2866700000 8.261250e+03 
2868850000 8.258700e+03 
2871000000 8.250225e+03 
2873150000 8.269850e+03 
2875300000 8.238550e+03 
2877450000 8.247750e+03 
2879600000 8.258450e+03 
2881750000 8.281975e+03 
2883900000 8.247175e+03 
2886050000 8.258875e+03 
2888200000 8.284975e+03 
2.890350e+09 8.292825e+03 
2892500000 8.286225e+03 
2894650000 8.251275e+03 
2896800000 8.243750e+03 
2898950000 8.275625e+03 
2901100000 8.267625e+03 
2903250000 8.273725e+03 
2905400000 8.275375e+03 
2907550000 8.256500e+03 
2909700000 8.244475e+03 
2911850000 8.232875e+03 
2914000000 8.229825e+03 
2916150000 8.253525e+03 
2918300000 8.264725e+03 
2920450000 8259 
2922600000 8.235900e+03 
2924750000 8.253150e+03 
2926900000 8.241600e+03 
2929050000 8.226725e+03 
2931200000 8.248050e+03 
2933350000 8.259725e+03 
2935500000 8.255575e+03 
2937650000 8.243100e+03 
2939800000 8.223125e+03 
2941950000 8.249675e+03 
2.944100e+09 8.261875e+03 
2946250000 8.240175e+03 
2948400000 8.235350e+03 
2950550000 8.257050e+03 
2952700000 8.279375e+03 
2954850000 8.243500e+03 
2957000000 8235 
2959150000 8.239825e+03 
2961300000 8.228550e+03 
2963450000 8.257075e+03 
2965600000 8.247850e+03 
2967750000 8.241325e+03 
2969900000 8.244850e+03 
2972050000 8.222550e+03 
2974200000 8.232925e+03 
2976350000 8.212325e+03 
2978500000 8.213200e+03 
2980650000 8.250600e+03 
2982800000 8.226175e+03 
2984950000 8.228975e+03 
2987100000 8.235475e+03 
2989250000 8.246350e+03 
2991400000 8.226100e+03 
2993550000 8200 
2995700000 8.255650e+03 
2997850000 8.226550e+03 
3000000000 8.216775e+03 

END
