IGOR
WAVES/D/O sweep,sig(1) 
BEGIN
2570000000 8.233900e+03 
2.572150e+09 8.224100e+03 
2574300000 8.213650e+03 
2576450000 8.233825e+03 
2578600000 8.226200e+03 
2.580750e+09 8.216800e+03 
2582900000 8.218825e+03 
2585050000 8.236050e+03 
2.587200e+09 8.213200e+03 
2589350000 8.211075e+03 
2591500000 8.222800e+03 
2593650000 8.229925e+03 
2.595800e+09 8.236225e+03 
2597950000 8.223800e+03 
2600100000 8.227725e+03 
2.602250e+09 8.243825e+03 
2604400000 8.244525e+03 
2606550000 8.218875e+03 
2608700000 8.204475e+03 
2.610850e+09 8.240125e+03 
2613000000 8.223950e+03 
2615150000 8.210050e+03 
2.617300e+09 8.232850e+03 
2619450000 8.224700e+03 
2621600000 8.240350e+03 
2623750000 8.206275e+03 
2.625900e+09 8.187825e+03 
2628050000 8.167250e+03 
2630200000 8.183550e+03 
2.632350e+09 8.175225e+03 
2634500000 8.170500e+03 
2636650000 8.164825e+03 
2638800000 8.208075e+03 
2.640950e+09 8223 
2643100000 8.227250e+03 
2645250000 8.224400e+03 
2.647400e+09 8.228250e+03 
2649550000 8.249300e+03 
2651700000 8.244475e+03 
2653850000 8.210200e+03 
2.656000e+09 8.237450e+03 
2658150000 8.233700e+03 
2660300000 8.196675e+03 
2.662450e+09 8.181875e+03 
2664600000 8.172625e+03 
2666750000 8.173925e+03 
2668900000 8.145775e+03 
2.671050e+09 8.173650e+03 
2673200000 8.139250e+03 
2675350000 8.153350e+03 
2677500000 8.187975e+03 
2679650000 8.193225e+03 
2681800000 8.214850e+03 
2683950000 8.240475e+03 
2.686100e+09 8.245775e+03 
2688250000 8.220550e+03 
2690400000 8.225450e+03 
2692550000 8.259250e+03 
2694700000 8.218450e+03 
2696850000 8.207375e+03 
2699000000 8.186375e+03 
2.701150e+09 8.184700e+03 
2703300000 8.174500e+03 
2705450000 8.145950e+03 
2707600000 8.156750e+03 
2.709750e+09 8.193675e+03 
2711900000 8.193750e+03 
2714050000 8.204050e+03 
2.716200e+09 8.229025e+03 
2718350000 8.226700e+03 
2720500000 8.230875e+03 
2722650000 8.208125e+03 
2724800000 8.232325e+03 
2726950000 8.232700e+03 
2729100000 8.255050e+03 
2.731250e+09 8.217200e+03 
2733400000 8.222075e+03 
2735550000 8.201750e+03 
2737700000 8.232425e+03 
2.739850e+09 8.200925e+03 
2742000000 8.196550e+03 
2744150000 8.206500e+03 
2.746300e+09 8.200625e+03 
2748450000 8.204425e+03 
2750600000 8.196600e+03 
2752750000 8.211175e+03 
2754900000 8.228225e+03 
2757050000 8.208675e+03 
2759200000 8.264075e+03 
2.761350e+09 8.231300e+03 
2763500000 8.230350e+03 
2765650000 8.264225e+03 
2767800000 8.219675e+03 
2.769950e+09 8.244075e+03 
2772100000 8.231300e+03 
2774250000 8.228625e+03 
2.776400e+09 8.229400e+03 
2778550000 8.214925e+03 
2780700000 8.228650e+03 
2782850000 8.231450e+03 
2785000000 8.234500e+03 
2787150000 8.236575e+03 
2789300000 8.236250e+03 
2791450000 8.233475e+03 
2793600000 8.215925e+03 
2795750000 8.245500e+03 
2797900000 8.247200e+03 
2.800050e+09 8.259775e+03 
2802200000 8.231425e+03 
2804350000 8.253800e+03 
2806500000 8.248300e+03 
2808650000 8.235675e+03 
2810800000 8.243775e+03 
2812950000 8.224425e+03 
2815100000 8.275575e+03 
2817250000 8.219500e+03 
2819400000 8.226175e+03 
2821550000 8.244550e+03 
2823700000 8.244425e+03 
2825850000 8234 
2828000000 8.222500e+03 
2.830150e+09 8.250075e+03 
2832300000 8.241700e+03 
2834450000 8.255425e+03 
2836600000 8.227825e+03 
2838750000 8.212800e+03 
2840900000 8.244150e+03 
2843050000 8.236100e+03 
2845200000 8.217725e+03 
2847350000 8.212275e+03 
2849500000 8.248775e+03 
2851650000 8.259525e+03 
2853800000 8.235375e+03 
2855950000 8.224075e+03 
2858100000 8.227275e+03 
2.860250e+09 8.229425e+03 
2862400000 8.232025e+03 
2864550000 8.227200e+03 
2866700000 8.236875e+03 
2868850000 8.238200e+03 
2871000000 8.230950e+03 
2873150000 8.239100e+03 
2875300000 8.251175e+03 
2877450000 8.237125e+03 
2879600000 8.238625e+03 
2881750000 8.231425e+03 
2883900000 8.227450e+03 
2886050000 8.261900e+03 
2888200000 8.265850e+03 
2.890350e+09 8.211425e+03 
2892500000 8.221900e+03 
2894650000 8.231075e+03 
2896800000 8.242350e+03 
2898950000 8.205700e+03 
2901100000 8.234500e+03 
2903250000 8.232275e+03 
2905400000 8.225750e+03 
2907550000 8.217950e+03 
2909700000 8.203025e+03 
2911850000 8.240350e+03 
2914000000 8.262875e+03 
2916150000 8.228750e+03 
2918300000 8.226350e+03 
2920450000 8.239625e+03 
2922600000 8.245775e+03 
2924750000 8.235300e+03 
2926900000 8.204075e+03 
2929050000 8.234350e+03 
2931200000 8.206525e+03 
2933350000 8230 
2935500000 8.239450e+03 
2937650000 8.247150e+03 
2939800000 8.258375e+03 
2941950000 8.262450e+03 
2.944100e+09 8.255825e+03 
2946250000 8.258325e+03 
2948400000 8.254200e+03 
2950550000 8.232675e+03 
2952700000 8.244775e+03 
2954850000 8.229100e+03 
2957000000 8.272175e+03 
2959150000 8.245525e+03 
2961300000 8.243075e+03 
2963450000 8.227900e+03 
2965600000 8254 
2967750000 8.241675e+03 
2969900000 8.224200e+03 
2972050000 8.239575e+03 
2974200000 8.258975e+03 
2976350000 8.230925e+03 
2978500000 8.214775e+03 
2980650000 8.233250e+03 
2982800000 8.258150e+03 
2984950000 8.246850e+03 
2987100000 8.261050e+03 
2989250000 8.226050e+03 
2991400000 8.257900e+03 
2993550000 8.233075e+03 
2995700000 8.224900e+03 
2997850000 8.220475e+03 
3000000000 8.256850e+03 

END
