IGOR
WAVES/D/O sweep,sig(1) 
BEGIN
2570000000 8.292275e+03 
2.572150e+09 8.299050e+03 
2574300000 8.303075e+03 
2576450000 8.281100e+03 
2578600000 8.295900e+03 
2.580750e+09 8.292925e+03 
2582900000 8.310225e+03 
2585050000 8.291200e+03 
2.587200e+09 8.291775e+03 
2589350000 8.285225e+03 
2591500000 8.275500e+03 
2593650000 8.286275e+03 
2.595800e+09 8.288050e+03 
2597950000 8.304100e+03 
2600100000 8.281075e+03 
2.602250e+09 8.298975e+03 
2604400000 8.285525e+03 
2606550000 8.289025e+03 
2608700000 8.298825e+03 
2.610850e+09 8.319625e+03 
2613000000 8.287725e+03 
2615150000 8.293250e+03 
2.617300e+09 8.288100e+03 
2619450000 8.293375e+03 
2621600000 8.277875e+03 
2623750000 8.261625e+03 
2.625900e+09 8.287925e+03 
2628050000 8.267325e+03 
2630200000 8.249275e+03 
2.632350e+09 8.235750e+03 
2634500000 8.254350e+03 
2636650000 8.246950e+03 
2638800000 8.269475e+03 
2.640950e+09 8.281425e+03 
2643100000 8.285325e+03 
2645250000 8.296850e+03 
2.647400e+09 8.285775e+03 
2649550000 8.301950e+03 
2651700000 8.296800e+03 
2653850000 8296 
2.656000e+09 8.303875e+03 
2658150000 8.296750e+03 
2660300000 8267 
2.662450e+09 8.254300e+03 
2664600000 8.262200e+03 
2666750000 8.237800e+03 
2668900000 8.218600e+03 
2.671050e+09 8.222950e+03 
2673200000 8.241550e+03 
2675350000 8.241900e+03 
2677500000 8.266275e+03 
2679650000 8.249575e+03 
2681800000 8.287225e+03 
2683950000 8.268525e+03 
2.686100e+09 8.310825e+03 
2688250000 8.304025e+03 
2690400000 8.306075e+03 
2692550000 8.285100e+03 
2694700000 8.281300e+03 
2696850000 8.273425e+03 
2699000000 8.247550e+03 
2.701150e+09 8.242025e+03 
2703300000 8.215900e+03 
2705450000 8.233900e+03 
2707600000 8.223725e+03 
2.709750e+09 8.247175e+03 
2711900000 8.254075e+03 
2714050000 8.296300e+03 
2.716200e+09 8.276550e+03 
2718350000 8.273450e+03 
2720500000 8.297225e+03 
2722650000 8.310275e+03 
2724800000 8.293775e+03 
2726950000 8.289200e+03 
2729100000 8.313075e+03 
2.731250e+09 8.263300e+03 
2733400000 8.271175e+03 
2735550000 8.260500e+03 
2737700000 8.264400e+03 
2.739850e+09 8.263675e+03 
2742000000 8.274875e+03 
2744150000 8.264750e+03 
2.746300e+09 8.265300e+03 
2748450000 8.258550e+03 
2750600000 8.277050e+03 
2752750000 8.277475e+03 
2754900000 8.292450e+03 
2757050000 8.285525e+03 
2759200000 8.278675e+03 
2.761350e+09 8.302500e+03 
2763500000 8.284900e+03 
2765650000 8.304475e+03 
2767800000 8.314050e+03 
2.769950e+09 8.306525e+03 
2772100000 8.283375e+03 
2774250000 8.301325e+03 
2.776400e+09 8.285375e+03 
2778550000 8.287225e+03 
2780700000 8.270725e+03 
2782850000 8.284875e+03 
2785000000 8.277800e+03 
2787150000 8.290225e+03 
2789300000 8.278150e+03 
2791450000 8.292300e+03 
2793600000 8.275950e+03 
2795750000 8.266975e+03 
2797900000 8.277800e+03 
2.800050e+09 8.297950e+03 
2802200000 8.302725e+03 
2804350000 8.286575e+03 
2806500000 8.283850e+03 
2808650000 8266 
2810800000 8.310500e+03 
2812950000 8.272700e+03 
2815100000 8.298275e+03 
2817250000 8.255700e+03 
2819400000 8.273700e+03 
2821550000 8.282825e+03 
2823700000 8.269025e+03 
2825850000 8.281450e+03 
2828000000 8.292800e+03 
2.830150e+09 8.288450e+03 
2832300000 8.295200e+03 
2834450000 8.267125e+03 
2836600000 8.269175e+03 
2838750000 8.280325e+03 
2840900000 8.264400e+03 
2843050000 8.282500e+03 
2845200000 8.265100e+03 
2847350000 8.294325e+03 
2849500000 8.299800e+03 
2851650000 8.276075e+03 
2853800000 8.269250e+03 
2855950000 8.284800e+03 
2858100000 8.310575e+03 
2.860250e+09 8.270750e+03 
2862400000 8.286350e+03 
2864550000 8.300925e+03 
2866700000 8.279100e+03 
2868850000 8.282325e+03 
2871000000 8.298075e+03 
2873150000 8.277550e+03 
2875300000 8.282250e+03 
2877450000 8.294625e+03 
2879600000 8.283200e+03 
2881750000 8.282725e+03 
2883900000 8.285350e+03 
2886050000 8286 
2888200000 8.289250e+03 
2.890350e+09 8.282975e+03 
2892500000 8.281500e+03 
2894650000 8.290425e+03 
2896800000 8.284175e+03 
2898950000 8.289750e+03 
2901100000 8.278875e+03 
2903250000 8.303775e+03 
2905400000 8.284575e+03 
2907550000 8.295200e+03 
2909700000 8.286100e+03 
2911850000 8.265400e+03 
2914000000 8.288350e+03 
2916150000 8.268950e+03 
2918300000 8.295850e+03 
2920450000 8.283775e+03 
2922600000 8.297575e+03 
2924750000 8.304750e+03 
2926900000 8.292275e+03 
2929050000 8.278525e+03 
2931200000 8.309225e+03 
2933350000 8.318900e+03 
2935500000 8.300550e+03 
2937650000 8.276425e+03 
2939800000 8.292125e+03 
2941950000 8.302375e+03 
2.944100e+09 8.281850e+03 
2946250000 8.284300e+03 
2948400000 8.281650e+03 
2950550000 8.286625e+03 
2952700000 8.286425e+03 
2954850000 8.273325e+03 
2957000000 8.288925e+03 
2959150000 8.294725e+03 
2961300000 8.267925e+03 
2963450000 8.276500e+03 
2965600000 8.302550e+03 
2967750000 8.290650e+03 
2969900000 8.279575e+03 
2972050000 8279 
2974200000 8.264925e+03 
2976350000 8.268850e+03 
2978500000 8.305325e+03 
2980650000 8.288675e+03 
2982800000 8.297775e+03 
2984950000 8.297775e+03 
2987100000 8.287925e+03 
2989250000 8273 
2991400000 8.294150e+03 
2993550000 8.299050e+03 
2995700000 8.324450e+03 
2997850000 8.280175e+03 
3000000000 8.289050e+03 

END
