IGOR
WAVES/D/O sweep,sig(1) 
BEGIN
2570000000 8.180250e+03 
2.572150e+09 8.175600e+03 
2574300000 8.212800e+03 
2576450000 8.181650e+03 
2578600000 8.194300e+03 
2.580750e+09 8.176625e+03 
2582900000 8.181575e+03 
2585050000 8.187475e+03 
2.587200e+09 8.170050e+03 
2589350000 8.178225e+03 
2591500000 8.189500e+03 
2593650000 8.180750e+03 
2.595800e+09 8.188975e+03 
2597950000 8.190050e+03 
2600100000 8.186400e+03 
2.602250e+09 8.171725e+03 
2604400000 8.198250e+03 
2606550000 8.200375e+03 
2608700000 8.198475e+03 
2.610850e+09 8.182700e+03 
2613000000 8.178275e+03 
2615150000 8.170200e+03 
2.617300e+09 8.178300e+03 
2619450000 8.180275e+03 
2621600000 8.175725e+03 
2623750000 8.160500e+03 
2.625900e+09 8.150175e+03 
2628050000 8.143725e+03 
2630200000 8.135925e+03 
2.632350e+09 8.149400e+03 
2634500000 8.150525e+03 
2636650000 8151 
2638800000 8.159675e+03 
2.640950e+09 8.168925e+03 
2643100000 8.174300e+03 
2645250000 8.182800e+03 
2.647400e+09 8.170650e+03 
2649550000 8.193675e+03 
2651700000 8.183450e+03 
2653850000 8.198600e+03 
2.656000e+09 8.169100e+03 
2658150000 8.192600e+03 
2660300000 8.123875e+03 
2.662450e+09 8.160350e+03 
2664600000 8.157700e+03 
2666750000 8.147500e+03 
2668900000 8.118300e+03 
2.671050e+09 8.116850e+03 
2673200000 8.119775e+03 
2675350000 8.131200e+03 
2677500000 8.144375e+03 
2679650000 8.156675e+03 
2681800000 8.164925e+03 
2683950000 8.175125e+03 
2.686100e+09 8.196800e+03 
2688250000 8.181525e+03 
2690400000 8.181775e+03 
2692550000 8.179825e+03 
2694700000 8.200825e+03 
2696850000 8.182175e+03 
2699000000 8.129900e+03 
2.701150e+09 8.142075e+03 
2703300000 8.136675e+03 
2705450000 8132 
2707600000 8.142575e+03 
2.709750e+09 8.119125e+03 
2711900000 8.137175e+03 
2714050000 8.184750e+03 
2.716200e+09 8.168400e+03 
2718350000 8.170875e+03 
2720500000 8.193650e+03 
2722650000 8.199950e+03 
2724800000 8.187600e+03 
2726950000 8.173175e+03 
2729100000 8.194125e+03 
2.731250e+09 8.186650e+03 
2733400000 8.206500e+03 
2735550000 8.166925e+03 
2737700000 8.166350e+03 
2.739850e+09 8.195200e+03 
2742000000 8.178150e+03 
2744150000 8.152975e+03 
2.746300e+09 8.161275e+03 
2748450000 8.174350e+03 
2750600000 8.175775e+03 
2752750000 8.173825e+03 
2754900000 8.197025e+03 
2757050000 8.188325e+03 
2759200000 8.189675e+03 
2.761350e+09 8.188025e+03 
2763500000 8.179850e+03 
2765650000 8.207325e+03 
2767800000 8.195325e+03 
2.769950e+09 8.210850e+03 
2772100000 8.177025e+03 
2774250000 8.179175e+03 
2.776400e+09 8.185825e+03 
2778550000 8.196400e+03 
2780700000 8.187700e+03 
2782850000 8.171425e+03 
2785000000 8.189975e+03 
2787150000 8.209725e+03 
2789300000 8.171575e+03 
2791450000 8.194850e+03 
2793600000 8.185150e+03 
2795750000 8.193875e+03 
2797900000 8.180825e+03 
2.800050e+09 8.173625e+03 
2802200000 8.182025e+03 
2804350000 8.202975e+03 
2806500000 8.187825e+03 
2808650000 8.189575e+03 
2810800000 8.211325e+03 
2812950000 8196 
2815100000 8.178475e+03 
2817250000 8.174750e+03 
2819400000 8.196325e+03 
2821550000 8.191825e+03 
2823700000 8.185700e+03 
2825850000 8.210550e+03 
2828000000 8.169475e+03 
2.830150e+09 8.214225e+03 
2832300000 8.186800e+03 
2834450000 8.172925e+03 
2836600000 8.216125e+03 
2838750000 8190 
2840900000 8.199325e+03 
2843050000 8.185225e+03 
2845200000 8.194075e+03 
2847350000 8.218700e+03 
2849500000 8.205550e+03 
2851650000 8.186675e+03 
2853800000 8.193725e+03 
2855950000 8.192975e+03 
2858100000 8.214575e+03 
2.860250e+09 8.205675e+03 
2862400000 8.203200e+03 
2864550000 8.213625e+03 
2866700000 8.212700e+03 
2868850000 8.178725e+03 
2871000000 8.209175e+03 
2873150000 8.182850e+03 
2875300000 8.208800e+03 
2877450000 8.175675e+03 
2879600000 8.213825e+03 
2881750000 8.205650e+03 
2883900000 8.236400e+03 
2886050000 8.206875e+03 
2888200000 8.223225e+03 
2.890350e+09 8.175600e+03 
2892500000 8.191875e+03 
2894650000 8.163550e+03 
2896800000 8.194125e+03 
2898950000 8.192525e+03 
2901100000 8.194475e+03 
2903250000 8.193175e+03 
2905400000 8.184825e+03 
2907550000 8.205025e+03 
2909700000 8.209775e+03 
2911850000 8.189400e+03 
2914000000 8.204400e+03 
2916150000 8.196875e+03 
2918300000 8.190400e+03 
2920450000 8.212325e+03 
2922600000 8.209325e+03 
2924750000 8.211225e+03 
2926900000 8.203725e+03 
2929050000 8.195400e+03 
2931200000 8.196925e+03 
2933350000 8.192125e+03 
2935500000 8.199875e+03 
2937650000 8201 
2939800000 8.191775e+03 
2941950000 8.201250e+03 
2.944100e+09 8.188175e+03 
2946250000 8.202400e+03 
2948400000 8.195350e+03 
2950550000 8.214300e+03 
2952700000 8.196725e+03 
2954850000 8.195425e+03 
2957000000 8.182025e+03 
2959150000 8.184125e+03 
2961300000 8.208825e+03 
2963450000 8.187725e+03 
2965600000 8.186625e+03 
2967750000 8.198200e+03 
2969900000 8.185900e+03 
2972050000 8.175525e+03 
2974200000 8.203700e+03 
2976350000 8.183900e+03 
2978500000 8.188375e+03 
2980650000 8.190825e+03 
2982800000 8.189625e+03 
2984950000 8.211025e+03 
2987100000 8.205150e+03 
2989250000 8208 
2991400000 8.203025e+03 
2993550000 8.170450e+03 
2995700000 8.203875e+03 
2997850000 8.205850e+03 
3000000000 8.197625e+03 

END
