IGOR
WAVES/D/O sweep,sig(1) 
BEGIN
2570000000 8.336400e+03 
2.572150e+09 8.328325e+03 
2574300000 8.334100e+03 
2576450000 8.325075e+03 
2578600000 8.324925e+03 
2.580750e+09 8.336275e+03 
2582900000 8.335475e+03 
2585050000 8.345250e+03 
2.587200e+09 8.317300e+03 
2589350000 8.292275e+03 
2591500000 8.322175e+03 
2593650000 8.321850e+03 
2.595800e+09 8.341950e+03 
2597950000 8.325375e+03 
2600100000 8.340850e+03 
2.602250e+09 8.309150e+03 
2604400000 8.307525e+03 
2606550000 8.313600e+03 
2608700000 8.350425e+03 
2.610850e+09 8.312400e+03 
2613000000 8.314900e+03 
2615150000 8.301225e+03 
2.617300e+09 8.307875e+03 
2619450000 8.311575e+03 
2621600000 8.290600e+03 
2623750000 8.310675e+03 
2.625900e+09 8.280975e+03 
2628050000 8.293875e+03 
2630200000 8.262050e+03 
2.632350e+09 8.278850e+03 
2634500000 8.266500e+03 
2636650000 8.263575e+03 
2638800000 8.267125e+03 
2.640950e+09 8.303100e+03 
2643100000 8.325750e+03 
2645250000 8.334725e+03 
2.647400e+09 8.309150e+03 
2649550000 8.302550e+03 
2651700000 8.307375e+03 
2653850000 8.335775e+03 
2.656000e+09 8.331325e+03 
2658150000 8.287125e+03 
2660300000 8.311850e+03 
2.662450e+09 8.307825e+03 
2664600000 8.245600e+03 
2666750000 8241 
2668900000 8.252200e+03 
2.671050e+09 8.239850e+03 
2673200000 8.252150e+03 
2675350000 8.230350e+03 
2677500000 8.255775e+03 
2679650000 8.295400e+03 
2681800000 8.272250e+03 
2683950000 8.293275e+03 
2.686100e+09 8.335625e+03 
2688250000 8.322050e+03 
2690400000 8.310675e+03 
2692550000 8.305150e+03 
2694700000 8.295975e+03 
2696850000 8.289500e+03 
2699000000 8.262425e+03 
2.701150e+09 8.244100e+03 
2703300000 8.221225e+03 
2705450000 8.253550e+03 
2707600000 8.252625e+03 
2.709750e+09 8.238800e+03 
2711900000 8.258950e+03 
2714050000 8.312025e+03 
2.716200e+09 8.304975e+03 
2718350000 8.308325e+03 
2720500000 8.301150e+03 
2722650000 8.318275e+03 
2724800000 8.310675e+03 
2726950000 8.318975e+03 
2729100000 8.315025e+03 
2.731250e+09 8.316525e+03 
2733400000 8.287100e+03 
2735550000 8.315200e+03 
2737700000 8.277100e+03 
2.739850e+09 8.300825e+03 
2742000000 8.296650e+03 
2744150000 8.264225e+03 
2.746300e+09 8.290175e+03 
2748450000 8.277100e+03 
2750600000 8327 
2752750000 8.334150e+03 
2754900000 8.312050e+03 
2757050000 8.340275e+03 
2759200000 8.348575e+03 
2.761350e+09 8.311025e+03 
2763500000 8.323950e+03 
2765650000 8.334775e+03 
2767800000 8.299325e+03 
2.769950e+09 8.348675e+03 
2772100000 8.318200e+03 
2774250000 8.295975e+03 
2.776400e+09 8.323275e+03 
2778550000 8.323175e+03 
2780700000 8.315900e+03 
2782850000 8.317300e+03 
2785000000 8.345775e+03 
2787150000 8.347050e+03 
2789300000 8.290150e+03 
2791450000 8.287500e+03 
2793600000 8.341175e+03 
2795750000 8.342500e+03 
2797900000 8.330200e+03 
2.800050e+09 8.301475e+03 
2802200000 8.309075e+03 
2804350000 8.310100e+03 
2806500000 8.318350e+03 
2808650000 8.323025e+03 
2810800000 8.336975e+03 
2812950000 8.343250e+03 
2815100000 8.320850e+03 
2817250000 8.333775e+03 
2819400000 8.348150e+03 
2821550000 8.350475e+03 
2823700000 8.342375e+03 
2825850000 8.325200e+03 
2828000000 8.305750e+03 
2.830150e+09 8.328375e+03 
2832300000 8.321625e+03 
2834450000 8.353550e+03 
2836600000 8.331525e+03 
2838750000 8.309400e+03 
2840900000 8.337950e+03 
2843050000 8.328275e+03 
2845200000 8.332500e+03 
2847350000 8.338350e+03 
2849500000 8.330125e+03 
2851650000 8.339700e+03 
2853800000 8.334975e+03 
2855950000 8.321300e+03 
2858100000 8.324375e+03 
2.860250e+09 8.319675e+03 
2862400000 8.310150e+03 
2864550000 8.339150e+03 
2866700000 8.307325e+03 
2868850000 8.304500e+03 
2871000000 8.314700e+03 
2873150000 8.318900e+03 
2875300000 8.298100e+03 
2877450000 8.316125e+03 
2879600000 8.315175e+03 
2881750000 8.349475e+03 
2883900000 8.327250e+03 
2886050000 8.318350e+03 
2888200000 8.330325e+03 
2.890350e+09 8.337725e+03 
2892500000 8.332850e+03 
2894650000 8.335450e+03 
2896800000 8.302200e+03 
2898950000 8.317100e+03 
2901100000 8.321150e+03 
2903250000 8.317725e+03 
2905400000 8.302625e+03 
2907550000 8.323175e+03 
2909700000 8.331225e+03 
2911850000 8.312650e+03 
2914000000 8.288100e+03 
2916150000 8.313350e+03 
2918300000 8.307425e+03 
2920450000 8.335025e+03 
2922600000 8.321550e+03 
2924750000 8.302950e+03 
2926900000 8.320950e+03 
2929050000 8.314250e+03 
2931200000 8.291675e+03 
2933350000 8.296800e+03 
2935500000 8.304050e+03 
2937650000 8.307800e+03 
2939800000 8.336900e+03 
2941950000 8.287950e+03 
2.944100e+09 8.325025e+03 
2946250000 8.324025e+03 
2948400000 8.323500e+03 
2950550000 8.306425e+03 
2952700000 8.296075e+03 
2954850000 8.303075e+03 
2957000000 8.294700e+03 
2959150000 8.298275e+03 
2961300000 8.290075e+03 
2963450000 8.309400e+03 
2965600000 8301 
2967750000 8.302350e+03 
2969900000 8.279400e+03 
2972050000 8.296275e+03 
2974200000 8.304050e+03 
2976350000 8.292375e+03 
2978500000 8.323775e+03 
2980650000 8.293325e+03 
2982800000 8.300550e+03 
2984950000 8.317625e+03 
2987100000 8.278825e+03 
2989250000 8.314475e+03 
2991400000 8.302125e+03 
2993550000 8.318525e+03 
2995700000 8.324175e+03 
2997850000 8.306375e+03 
3000000000 8.336500e+03 

END
