IGOR
WAVES/D/O sweep,sig(1) 
BEGIN
2570000000 8.424725e+03 
2.572150e+09 8.427550e+03 
2574300000 8.432125e+03 
2576450000 8.430625e+03 
2578600000 8.445300e+03 
2.580750e+09 8.400575e+03 
2582900000 8.398275e+03 
2585050000 8.417125e+03 
2.587200e+09 8.422725e+03 
2589350000 8.425125e+03 
2591500000 8.410675e+03 
2593650000 8.406225e+03 
2.595800e+09 8.424025e+03 
2597950000 8.393800e+03 
2600100000 8.394200e+03 
2.602250e+09 8.427500e+03 
2604400000 8.431700e+03 
2606550000 8.411200e+03 
2608700000 8.421050e+03 
2.610850e+09 8.424725e+03 
2613000000 8.421900e+03 
2615150000 8426 
2.617300e+09 8.404450e+03 
2619450000 8.385375e+03 
2621600000 8.409875e+03 
2623750000 8.399350e+03 
2.625900e+09 8.406300e+03 
2628050000 8.378075e+03 
2630200000 8.372600e+03 
2.632350e+09 8.362850e+03 
2634500000 8.358200e+03 
2636650000 8.381900e+03 
2638800000 8.385025e+03 
2.640950e+09 8.391375e+03 
2643100000 8.431025e+03 
2645250000 8.397600e+03 
2.647400e+09 8.403625e+03 
2649550000 8.425750e+03 
2651700000 8.425300e+03 
2653850000 8.415825e+03 
2.656000e+09 8.403525e+03 
2658150000 8.419550e+03 
2660300000 8.378175e+03 
2.662450e+09 8.383550e+03 
2664600000 8.405825e+03 
2666750000 8.358025e+03 
2668900000 8.345025e+03 
2.671050e+09 8.340950e+03 
2673200000 8.339500e+03 
2675350000 8.352600e+03 
2677500000 8.386475e+03 
2679650000 8.403075e+03 
2681800000 8.416175e+03 
2683950000 8.419250e+03 
2.686100e+09 8.410300e+03 
2688250000 8.423275e+03 
2690400000 8.434250e+03 
2692550000 8.430600e+03 
2694700000 8396 
2696850000 8.399925e+03 
2699000000 8376 
2.701150e+09 8.369875e+03 
2703300000 8.363375e+03 
2705450000 8.369950e+03 
2707600000 8.359325e+03 
2.709750e+09 8.389600e+03 
2711900000 8.357925e+03 
2714050000 8.378525e+03 
2.716200e+09 8.388450e+03 
2718350000 8.411050e+03 
2720500000 8.429975e+03 
2722650000 8.417800e+03 
2724800000 8.415250e+03 
2726950000 8.405600e+03 
2729100000 8401 
2.731250e+09 8.400100e+03 
2733400000 8.395300e+03 
2735550000 8.397275e+03 
2737700000 8.373275e+03 
2.739850e+09 8.393350e+03 
2742000000 8.379400e+03 
2744150000 8.384025e+03 
2.746300e+09 8.382200e+03 
2748450000 8.401150e+03 
2750600000 8.390475e+03 
2752750000 8.405700e+03 
2754900000 8.396175e+03 
2757050000 8.383575e+03 
2759200000 8.414775e+03 
2.761350e+09 8.429750e+03 
2763500000 8.402875e+03 
2765650000 8.419925e+03 
2767800000 8.422175e+03 
2.769950e+09 8.442925e+03 
2772100000 8.433075e+03 
2774250000 8.397400e+03 
2.776400e+09 8.409925e+03 
2778550000 8.436925e+03 
2780700000 8.414450e+03 
2782850000 8.398975e+03 
2785000000 8.409250e+03 
2787150000 8.426825e+03 
2789300000 8.436625e+03 
2791450000 8.440050e+03 
2793600000 8.418975e+03 
2795750000 8.411925e+03 
2797900000 8.416100e+03 
2.800050e+09 8.407275e+03 
2802200000 8.412750e+03 
2804350000 8.413050e+03 
2806500000 8.405825e+03 
2808650000 8.417725e+03 
2810800000 8.409025e+03 
2812950000 8.434275e+03 
2815100000 8.409825e+03 
2817250000 8.412925e+03 
2819400000 8.416125e+03 
2821550000 8.440350e+03 
2823700000 8.418950e+03 
2825850000 8.415575e+03 
2828000000 8.392125e+03 
2.830150e+09 8.407625e+03 
2832300000 8.423150e+03 
2834450000 8.416425e+03 
2836600000 8.437700e+03 
2838750000 8.431675e+03 
2840900000 8.392950e+03 
2843050000 8.396475e+03 
2845200000 8.401300e+03 
2847350000 8.399775e+03 
2849500000 8.408650e+03 
2851650000 8.416175e+03 
2853800000 8.404800e+03 
2855950000 8.401125e+03 
2858100000 8.411025e+03 
2.860250e+09 8.448500e+03 
2862400000 8.405075e+03 
2864550000 8.396475e+03 
2866700000 8.410150e+03 
2868850000 8.409350e+03 
2871000000 8.423625e+03 
2873150000 8.384950e+03 
2875300000 8.419050e+03 
2877450000 8.405150e+03 
2879600000 8.418950e+03 
2881750000 8.421275e+03 
2883900000 8.410525e+03 
2886050000 8.415225e+03 
2888200000 8.417475e+03 
2.890350e+09 8.407275e+03 
2892500000 8.412475e+03 
2894650000 8.424150e+03 
2896800000 8.424800e+03 
2898950000 8.410150e+03 
2901100000 8.394475e+03 
2903250000 8.435775e+03 
2905400000 8.444275e+03 
2907550000 8.422875e+03 
2909700000 8.431050e+03 
2911850000 8.454950e+03 
2914000000 8.436500e+03 
2916150000 8.416675e+03 
2918300000 8.409925e+03 
2920450000 8.410250e+03 
2922600000 8.401275e+03 
2924750000 8.415900e+03 
2926900000 8.378350e+03 
2929050000 8.383025e+03 
2931200000 8.414225e+03 
2933350000 8379 
2935500000 8.400875e+03 
2937650000 8.432375e+03 
2939800000 8.425500e+03 
2941950000 8.417850e+03 
2.944100e+09 8.432800e+03 
2946250000 8.428475e+03 
2948400000 8.427200e+03 
2950550000 8.413125e+03 
2952700000 8.413700e+03 
2954850000 8.423200e+03 
2957000000 8.435800e+03 
2959150000 8.412075e+03 
2961300000 8.396675e+03 
2963450000 8.414950e+03 
2965600000 8.415975e+03 
2967750000 8.407525e+03 
2969900000 8.431100e+03 
2972050000 8.416425e+03 
2974200000 8.430750e+03 
2976350000 8.416150e+03 
2978500000 8.425050e+03 
2980650000 8.418800e+03 
2982800000 8.417650e+03 
2984950000 8.432225e+03 
2987100000 8.416525e+03 
2989250000 8.419900e+03 
2991400000 8.408875e+03 
2993550000 8.414175e+03 
2995700000 8.415100e+03 
2997850000 8.417750e+03 
3000000000 8.384750e+03 

END
