IGOR
WAVES/D/O sweep,sig(1) 
BEGIN
2570000000 8.333825e+03 
2.572150e+09 8.328425e+03 
2574300000 8.347125e+03 
2576450000 8.334075e+03 
2578600000 8.342675e+03 
2.580750e+09 8.323475e+03 
2582900000 8.318200e+03 
2585050000 8.316500e+03 
2.587200e+09 8.314075e+03 
2589350000 8.304275e+03 
2591500000 8.296200e+03 
2593650000 8.282525e+03 
2.595800e+09 8.304700e+03 
2597950000 8324 
2600100000 8.314975e+03 
2.602250e+09 8.321950e+03 
2604400000 8.326025e+03 
2606550000 8.292175e+03 
2608700000 8.308175e+03 
2.610850e+09 8.302250e+03 
2613000000 8.303500e+03 
2615150000 8305 
2.617300e+09 8.293125e+03 
2619450000 8.279425e+03 
2621600000 8.322600e+03 
2623750000 8.281050e+03 
2.625900e+09 8.280750e+03 
2628050000 8.275475e+03 
2630200000 8.284100e+03 
2.632350e+09 8.252775e+03 
2634500000 8.224900e+03 
2636650000 8.266675e+03 
2638800000 8.266800e+03 
2.640950e+09 8.256650e+03 
2643100000 8.286125e+03 
2645250000 8.286350e+03 
2.647400e+09 8.317300e+03 
2649550000 8.296350e+03 
2651700000 8.317675e+03 
2653850000 8.294625e+03 
2.656000e+09 8.327825e+03 
2658150000 8.300025e+03 
2660300000 8.297775e+03 
2.662450e+09 8.265675e+03 
2664600000 8.268500e+03 
2666750000 8.257475e+03 
2668900000 8.224525e+03 
2.671050e+09 8.231725e+03 
2673200000 8.250925e+03 
2675350000 8240 
2677500000 8.255600e+03 
2679650000 8.260750e+03 
2681800000 8.299125e+03 
2683950000 8.310475e+03 
2.686100e+09 8.284725e+03 
2688250000 8300 
2690400000 8.286625e+03 
2692550000 8.306950e+03 
2694700000 8.300200e+03 
2696850000 8.261525e+03 
2699000000 8.256300e+03 
2.701150e+09 8.250950e+03 
2703300000 8.239600e+03 
2705450000 8.251200e+03 
2707600000 8.249525e+03 
2.709750e+09 8.240850e+03 
2711900000 8.271950e+03 
2714050000 8.261925e+03 
2.716200e+09 8.270200e+03 
2718350000 8.283400e+03 
2720500000 8.329325e+03 
2722650000 8.310250e+03 
2724800000 8.300475e+03 
2726950000 8.315050e+03 
2729100000 8.291650e+03 
2.731250e+09 8.309725e+03 
2733400000 8.268100e+03 
2735550000 8.288700e+03 
2737700000 8.273550e+03 
2.739850e+09 8.286950e+03 
2742000000 8.265325e+03 
2744150000 8277 
2.746300e+09 8.300025e+03 
2748450000 8.299350e+03 
2750600000 8.282125e+03 
2752750000 8.293475e+03 
2754900000 8.314525e+03 
2757050000 8.320550e+03 
2759200000 8297 
2.761350e+09 8.269725e+03 
2763500000 8.297475e+03 
2765650000 8.302225e+03 
2767800000 8.314450e+03 
2.769950e+09 8.300300e+03 
2772100000 8.290125e+03 
2774250000 8.300450e+03 
2.776400e+09 8.297775e+03 
2778550000 8.309375e+03 
2780700000 8.308975e+03 
2782850000 8.290375e+03 
2785000000 8.297850e+03 
2787150000 8.302225e+03 
2789300000 8.311800e+03 
2791450000 8.310375e+03 
2793600000 8.306550e+03 
2795750000 8.300875e+03 
2797900000 8.314600e+03 
2.800050e+09 8.323025e+03 
2802200000 8.312775e+03 
2804350000 8.289400e+03 
2806500000 8.325350e+03 
2808650000 8.287825e+03 
2810800000 8.287725e+03 
2812950000 8.308400e+03 
2815100000 8.318450e+03 
2817250000 8.329825e+03 
2819400000 8.321425e+03 
2821550000 8.303675e+03 
2823700000 8.320625e+03 
2825850000 8.311200e+03 
2828000000 8.286525e+03 
2.830150e+09 8.286150e+03 
2832300000 8.285500e+03 
2834450000 8.294325e+03 
2836600000 8.299175e+03 
2838750000 8.314125e+03 
2840900000 8.297825e+03 
2843050000 8.301250e+03 
2845200000 8.307050e+03 
2847350000 8.300625e+03 
2849500000 8.288550e+03 
2851650000 8.305350e+03 
2853800000 8.322725e+03 
2855950000 8.290800e+03 
2858100000 8.305025e+03 
2.860250e+09 8.301650e+03 
2862400000 8.296925e+03 
2864550000 8.298325e+03 
2866700000 8.308025e+03 
2868850000 8.308075e+03 
2871000000 8.292075e+03 
2873150000 8.301800e+03 
2875300000 8.310325e+03 
2877450000 8.303225e+03 
2879600000 8.289600e+03 
2881750000 8.279325e+03 
2883900000 8.283025e+03 
2886050000 8.294950e+03 
2888200000 8.307725e+03 
2.890350e+09 8.307675e+03 
2892500000 8.310500e+03 
2894650000 8.296100e+03 
2896800000 8.307600e+03 
2898950000 8.288275e+03 
2901100000 8.303225e+03 
2903250000 8.307050e+03 
2905400000 8.320700e+03 
2907550000 8.291950e+03 
2909700000 8.288550e+03 
2911850000 8.300375e+03 
2914000000 8.293525e+03 
2916150000 8.302825e+03 
2918300000 8.305400e+03 
2920450000 8.319925e+03 
2922600000 8.317175e+03 
2924750000 8.306500e+03 
2926900000 8.305100e+03 
2929050000 8.293475e+03 
2931200000 8.308325e+03 
2933350000 8.288200e+03 
2935500000 8.300875e+03 
2937650000 8.296125e+03 
2939800000 8.313825e+03 
2941950000 8.290775e+03 
2.944100e+09 8.290950e+03 
2946250000 8.299175e+03 
2948400000 8.295850e+03 
2950550000 8.306875e+03 
2952700000 8.285525e+03 
2954850000 8.300500e+03 
2957000000 8320 
2959150000 8.296775e+03 
2961300000 8.297425e+03 
2963450000 8.284150e+03 
2965600000 8.290450e+03 
2967750000 8.281400e+03 
2969900000 8.289275e+03 
2972050000 8.285575e+03 
2974200000 8.299075e+03 
2976350000 8.280325e+03 
2978500000 8.309725e+03 
2980650000 8.303800e+03 
2982800000 8.312800e+03 
2984950000 8.298475e+03 
2987100000 8.274900e+03 
2989250000 8.297350e+03 
2991400000 8.274475e+03 
2993550000 8.292150e+03 
2995700000 8.276975e+03 
2997850000 8.275975e+03 
3000000000 8.287875e+03 

END
