IGOR
WAVES/D/O sweep,sig(1) 
BEGIN
2570000000 8.252950e+03 
2.572150e+09 8.270150e+03 
2574300000 8.275975e+03 
2576450000 8.262900e+03 
2578600000 8.279875e+03 
2.580750e+09 8.254575e+03 
2582900000 8.241875e+03 
2585050000 8.260525e+03 
2.587200e+09 8.253625e+03 
2589350000 8.259650e+03 
2591500000 8.250625e+03 
2593650000 8.247475e+03 
2.595800e+09 8.265850e+03 
2597950000 8.247175e+03 
2600100000 8.269200e+03 
2.602250e+09 8.254450e+03 
2604400000 8271 
2606550000 8.273075e+03 
2608700000 8.252500e+03 
2.610850e+09 8.280175e+03 
2613000000 8.249775e+03 
2615150000 8.271600e+03 
2.617300e+09 8.253025e+03 
2619450000 8.274925e+03 
2621600000 8.244675e+03 
2623750000 8.243950e+03 
2.625900e+09 8.216375e+03 
2628050000 8.224800e+03 
2630200000 8.215125e+03 
2.632350e+09 8.220025e+03 
2634500000 8.227450e+03 
2636650000 8.241175e+03 
2638800000 8.237500e+03 
2.640950e+09 8.257250e+03 
2643100000 8.260875e+03 
2645250000 8.234325e+03 
2.647400e+09 8.244175e+03 
2649550000 8.273425e+03 
2651700000 8.271875e+03 
2653850000 8.274275e+03 
2.656000e+09 8.261375e+03 
2658150000 8.249850e+03 
2660300000 8.254950e+03 
2.662450e+09 8.247800e+03 
2664600000 8.217100e+03 
2666750000 8.194350e+03 
2668900000 8.193150e+03 
2.671050e+09 8.219175e+03 
2673200000 8.201225e+03 
2675350000 8.227775e+03 
2677500000 8.227375e+03 
2679650000 8.225525e+03 
2681800000 8.250025e+03 
2683950000 8.274925e+03 
2.686100e+09 8.258250e+03 
2688250000 8.267125e+03 
2690400000 8.281225e+03 
2692550000 8.270300e+03 
2694700000 8.246475e+03 
2696850000 8.236175e+03 
2699000000 8.235950e+03 
2.701150e+09 8.222225e+03 
2703300000 8.203500e+03 
2705450000 8.211850e+03 
2707600000 8.204600e+03 
2.709750e+09 8.232350e+03 
2711900000 8.221600e+03 
2714050000 8.226750e+03 
2.716200e+09 8.257450e+03 
2718350000 8.281850e+03 
2720500000 8.271100e+03 
2722650000 8.252700e+03 
2724800000 8.263525e+03 
2726950000 8.268550e+03 
2729100000 8.298875e+03 
2.731250e+09 8.295350e+03 
2733400000 8.269775e+03 
2735550000 8.284500e+03 
2737700000 8.240525e+03 
2.739850e+09 8.253700e+03 
2742000000 8.242425e+03 
2744150000 8.240775e+03 
2.746300e+09 8.256725e+03 
2748450000 8.236775e+03 
2750600000 8.255525e+03 
2752750000 8.257150e+03 
2754900000 8.270075e+03 
2757050000 8.279325e+03 
2759200000 8.259250e+03 
2.761350e+09 8.259625e+03 
2763500000 8.272975e+03 
2765650000 8.267500e+03 
2767800000 8254 
2.769950e+09 8.276800e+03 
2772100000 8.288400e+03 
2774250000 8.257800e+03 
2.776400e+09 8.276125e+03 
2778550000 8.266750e+03 
2780700000 8.279975e+03 
2782850000 8.272125e+03 
2785000000 8.284975e+03 
2787150000 8.264750e+03 
2789300000 8.267075e+03 
2791450000 8.271325e+03 
2793600000 8.272250e+03 
2795750000 8.273875e+03 
2797900000 8.262575e+03 
2.800050e+09 8.295250e+03 
2802200000 8.252375e+03 
2804350000 8.258475e+03 
2806500000 8264 
2808650000 8.281675e+03 
2810800000 8.285125e+03 
2812950000 8.277775e+03 
2815100000 8.280325e+03 
2817250000 8.271950e+03 
2819400000 8.281550e+03 
2821550000 8.259450e+03 
2823700000 8.280050e+03 
2825850000 8.279950e+03 
2828000000 8.264625e+03 
2.830150e+09 8.272275e+03 
2832300000 8.275200e+03 
2834450000 8.289775e+03 
2836600000 8.274475e+03 
2838750000 8.277200e+03 
2840900000 8.295575e+03 
2843050000 8.247500e+03 
2845200000 8.267925e+03 
2847350000 8.277900e+03 
2849500000 8.272350e+03 
2851650000 8.281500e+03 
2853800000 8.296800e+03 
2855950000 8.273625e+03 
2858100000 8.257900e+03 
2.860250e+09 8.282075e+03 
2862400000 8.288900e+03 
2864550000 8.264125e+03 
2866700000 8.279975e+03 
2868850000 8.264375e+03 
2871000000 8.284700e+03 
2873150000 8.279750e+03 
2875300000 8.237400e+03 
2877450000 8.279100e+03 
2879600000 8.288525e+03 
2881750000 8.288725e+03 
2883900000 8.277150e+03 
2886050000 8.278550e+03 
2888200000 8.298600e+03 
2.890350e+09 8.276500e+03 
2892500000 8.265600e+03 
2894650000 8.250375e+03 
2896800000 8.275200e+03 
2898950000 8.266875e+03 
2901100000 8.287550e+03 
2903250000 8.265625e+03 
2905400000 8.291675e+03 
2907550000 8.271500e+03 
2909700000 8.283125e+03 
2911850000 8.256425e+03 
2914000000 8.281350e+03 
2916150000 8.274700e+03 
2918300000 8.278925e+03 
2920450000 8.252175e+03 
2922600000 8.292200e+03 
2924750000 8.272475e+03 
2926900000 8.293025e+03 
2929050000 8.267625e+03 
2931200000 8.277800e+03 
2933350000 8.264850e+03 
2935500000 8.275900e+03 
2937650000 8.276150e+03 
2939800000 8.262875e+03 
2941950000 8.273475e+03 
2.944100e+09 8.282750e+03 
2946250000 8.261700e+03 
2948400000 8.284550e+03 
2950550000 8.259250e+03 
2952700000 8.283150e+03 
2954850000 8.264525e+03 
2957000000 8.258300e+03 
2959150000 8.256325e+03 
2961300000 8.254300e+03 
2963450000 8.242300e+03 
2965600000 8.272075e+03 
2967750000 8.293700e+03 
2969900000 8.253350e+03 
2972050000 8.260650e+03 
2974200000 8.278100e+03 
2976350000 8.268200e+03 
2978500000 8.279350e+03 
2980650000 8.260675e+03 
2982800000 8.309575e+03 
2984950000 8.270400e+03 
2987100000 8.283425e+03 
2989250000 8.271650e+03 
2991400000 8.274050e+03 
2993550000 8.264475e+03 
2995700000 8.262225e+03 
2997850000 8.268675e+03 
3000000000 8.249975e+03 

END
