IGOR
WAVES/D/O sweep,sig(1) 
BEGIN
2570000000 8.268225e+03 
2.572150e+09 8.236125e+03 
2574300000 8.246575e+03 
2576450000 8.232925e+03 
2578600000 8.236275e+03 
2.580750e+09 8.226275e+03 
2582900000 8.233275e+03 
2585050000 8.222050e+03 
2.587200e+09 8.238050e+03 
2589350000 8.226775e+03 
2591500000 8.229450e+03 
2593650000 8.226925e+03 
2.595800e+09 8.231400e+03 
2597950000 8.232775e+03 
2600100000 8.233900e+03 
2.602250e+09 8.258600e+03 
2604400000 8.242150e+03 
2606550000 8.239275e+03 
2608700000 8.224900e+03 
2.610850e+09 8.238850e+03 
2613000000 8.215475e+03 
2615150000 8.227325e+03 
2.617300e+09 8.223475e+03 
2619450000 8.229425e+03 
2621600000 8.220975e+03 
2623750000 8.217175e+03 
2.625900e+09 8.187025e+03 
2628050000 8.215675e+03 
2630200000 8.186275e+03 
2.632350e+09 8.173625e+03 
2634500000 8.182750e+03 
2636650000 8.206725e+03 
2638800000 8.226850e+03 
2.640950e+09 8.231975e+03 
2643100000 8.211175e+03 
2645250000 8.220875e+03 
2.647400e+09 8.227450e+03 
2649550000 8.204400e+03 
2651700000 8.237250e+03 
2653850000 8.219150e+03 
2.656000e+09 8.237875e+03 
2658150000 8.233100e+03 
2660300000 8.211250e+03 
2.662450e+09 8.208475e+03 
2664600000 8.196725e+03 
2666750000 8.141775e+03 
2668900000 8.162025e+03 
2.671050e+09 8.169250e+03 
2673200000 8.156300e+03 
2675350000 8.188975e+03 
2677500000 8.216950e+03 
2679650000 8.217775e+03 
2681800000 8.224775e+03 
2683950000 8.236800e+03 
2.686100e+09 8.243175e+03 
2688250000 8.242750e+03 
2690400000 8.226800e+03 
2692550000 8.232400e+03 
2694700000 8.207050e+03 
2696850000 8.221650e+03 
2699000000 8.191100e+03 
2.701150e+09 8.184775e+03 
2703300000 8.174875e+03 
2705450000 8.170075e+03 
2707600000 8.161825e+03 
2.709750e+09 8.178350e+03 
2711900000 8.201650e+03 
2714050000 8.203325e+03 
2.716200e+09 8.219625e+03 
2718350000 8.220950e+03 
2720500000 8.225925e+03 
2722650000 8.227650e+03 
2724800000 8.238500e+03 
2726950000 8.251825e+03 
2729100000 8.238825e+03 
2.731250e+09 8.244100e+03 
2733400000 8.215775e+03 
2735550000 8.206725e+03 
2737700000 8.203100e+03 
2.739850e+09 8.205175e+03 
2742000000 8.209425e+03 
2744150000 8.228525e+03 
2.746300e+09 8.219975e+03 
2748450000 8.231600e+03 
2750600000 8.230450e+03 
2752750000 8.228225e+03 
2754900000 8.230800e+03 
2757050000 8.211600e+03 
2759200000 8.232025e+03 
2.761350e+09 8.234900e+03 
2763500000 8.241600e+03 
2765650000 8.236600e+03 
2767800000 8.198500e+03 
2.769950e+09 8.225825e+03 
2772100000 8.243900e+03 
2774250000 8.238300e+03 
2.776400e+09 8.229900e+03 
2778550000 8.229650e+03 
2780700000 8.247400e+03 
2782850000 8.232050e+03 
2785000000 8.223350e+03 
2787150000 8.239400e+03 
2789300000 8.227325e+03 
2791450000 8.238725e+03 
2793600000 8.238500e+03 
2795750000 8.224325e+03 
2797900000 8.248325e+03 
2.800050e+09 8.249475e+03 
2802200000 8.224900e+03 
2804350000 8.234750e+03 
2806500000 8.227350e+03 
2808650000 8.241825e+03 
2810800000 8.231200e+03 
2812950000 8.249700e+03 
2815100000 8.234700e+03 
2817250000 8.235175e+03 
2819400000 8.239575e+03 
2821550000 8.260125e+03 
2823700000 8.255700e+03 
2825850000 8.229125e+03 
2828000000 8.242300e+03 
2.830150e+09 8.240075e+03 
2832300000 8.241500e+03 
2834450000 8.241950e+03 
2836600000 8.237875e+03 
2838750000 8.225800e+03 
2840900000 8.237725e+03 
2843050000 8.236150e+03 
2845200000 8.242350e+03 
2847350000 8.241175e+03 
2849500000 8.243675e+03 
2851650000 8.253375e+03 
2853800000 8259 
2855950000 8.244750e+03 
2858100000 8229 
2.860250e+09 8.231525e+03 
2862400000 8.227875e+03 
2864550000 8.230725e+03 
2866700000 8.249725e+03 
2868850000 8.251925e+03 
2871000000 8.240600e+03 
2873150000 8.229175e+03 
2875300000 8.240475e+03 
2877450000 8.244425e+03 
2879600000 8.244500e+03 
2881750000 8224 
2883900000 8.220200e+03 
2886050000 8.237400e+03 
2888200000 8.253875e+03 
2.890350e+09 8.271850e+03 
2892500000 8.242150e+03 
2894650000 8.240200e+03 
2896800000 8.261100e+03 
2898950000 8.251475e+03 
2901100000 8.261375e+03 
2903250000 8.252925e+03 
2905400000 8.250775e+03 
2907550000 8.242450e+03 
2909700000 8.242450e+03 
2911850000 8.254750e+03 
2914000000 8.245400e+03 
2916150000 8.258675e+03 
2918300000 8.252300e+03 
2920450000 8.219900e+03 
2922600000 8.248550e+03 
2924750000 8.262475e+03 
2926900000 8.246350e+03 
2929050000 8.244575e+03 
2931200000 8.241925e+03 
2933350000 8.221250e+03 
2935500000 8.250850e+03 
2937650000 8.241200e+03 
2939800000 8.256950e+03 
2941950000 8.255275e+03 
2.944100e+09 8.235950e+03 
2946250000 8.247075e+03 
2948400000 8.248125e+03 
2950550000 8.238975e+03 
2952700000 8.241250e+03 
2954850000 8.255125e+03 
2957000000 8.235975e+03 
2959150000 8.219550e+03 
2961300000 8.271050e+03 
2963450000 8.246750e+03 
2965600000 8.216500e+03 
2967750000 8.244350e+03 
2969900000 8.227750e+03 
2972050000 8.235450e+03 
2974200000 8.252225e+03 
2976350000 8.247525e+03 
2978500000 8.243300e+03 
2980650000 8236 
2982800000 8.249375e+03 
2984950000 8.235150e+03 
2987100000 8.251475e+03 
2989250000 8.233300e+03 
2991400000 8.252650e+03 
2993550000 8.236825e+03 
2995700000 8.239250e+03 
2997850000 8.240225e+03 
3000000000 8.256250e+03 

END
