IGOR
WAVES/D/O sweep,sig(1) 
BEGIN
2570000000 8.251975e+03 
2.572150e+09 8.237975e+03 
2574300000 8.245800e+03 
2576450000 8.256525e+03 
2578600000 8.255275e+03 
2.580750e+09 8.266750e+03 
2582900000 8.270850e+03 
2585050000 8.273925e+03 
2.587200e+09 8.254500e+03 
2589350000 8.265200e+03 
2591500000 8285 
2593650000 8.272100e+03 
2.595800e+09 8.250425e+03 
2597950000 8.233625e+03 
2600100000 8.260200e+03 
2.602250e+09 8.270550e+03 
2604400000 8.234325e+03 
2606550000 8256 
2608700000 8.272050e+03 
2.610850e+09 8.258850e+03 
2613000000 8.257025e+03 
2615150000 8.277425e+03 
2.617300e+09 8.259650e+03 
2619450000 8257 
2621600000 8.238975e+03 
2623750000 8.241200e+03 
2.625900e+09 8.250250e+03 
2628050000 8.229850e+03 
2630200000 8.201775e+03 
2.632350e+09 8.249625e+03 
2634500000 8.220400e+03 
2636650000 8.237150e+03 
2638800000 8.229450e+03 
2.640950e+09 8.244650e+03 
2643100000 8.272200e+03 
2645250000 8.277450e+03 
2.647400e+09 8.272225e+03 
2649550000 8.255700e+03 
2651700000 8.284575e+03 
2653850000 8.280600e+03 
2.656000e+09 8.273225e+03 
2658150000 8.253500e+03 
2660300000 8.255450e+03 
2.662450e+09 8.225700e+03 
2664600000 8.219475e+03 
2666750000 8.202150e+03 
2668900000 8.180150e+03 
2.671050e+09 8.184675e+03 
2673200000 8.217350e+03 
2675350000 8.210225e+03 
2677500000 8.215475e+03 
2679650000 8.239150e+03 
2681800000 8.248100e+03 
2683950000 8.252575e+03 
2.686100e+09 8.256950e+03 
2688250000 8.269350e+03 
2690400000 8277 
2692550000 8.257675e+03 
2694700000 8.249475e+03 
2696850000 8.238900e+03 
2699000000 8234 
2.701150e+09 8.212275e+03 
2703300000 8.191375e+03 
2705450000 8.200225e+03 
2707600000 8.199650e+03 
2.709750e+09 8.214625e+03 
2711900000 8.237075e+03 
2714050000 8.231500e+03 
2.716200e+09 8.268300e+03 
2718350000 8.256800e+03 
2720500000 8.253850e+03 
2722650000 8.267750e+03 
2724800000 8.280625e+03 
2726950000 8.254525e+03 
2729100000 8.278475e+03 
2.731250e+09 8.274600e+03 
2733400000 8.255625e+03 
2735550000 8.239375e+03 
2737700000 8.263125e+03 
2.739850e+09 8.235725e+03 
2742000000 8.241025e+03 
2744150000 8.239375e+03 
2.746300e+09 8.244550e+03 
2748450000 8.243225e+03 
2750600000 8.260500e+03 
2752750000 8.272925e+03 
2754900000 8.262750e+03 
2757050000 8.239100e+03 
2759200000 8.245625e+03 
2.761350e+09 8.268225e+03 
2763500000 8.271900e+03 
2765650000 8.245275e+03 
2767800000 8.263650e+03 
2.769950e+09 8.278550e+03 
2772100000 8.259125e+03 
2774250000 8.266525e+03 
2.776400e+09 8.296350e+03 
2778550000 8.298975e+03 
2780700000 8.271900e+03 
2782850000 8.266225e+03 
2785000000 8.270775e+03 
2787150000 8.249400e+03 
2789300000 8.255650e+03 
2791450000 8.278400e+03 
2793600000 8.291875e+03 
2795750000 8.290650e+03 
2797900000 8.269600e+03 
2.800050e+09 8.265125e+03 
2802200000 8.286650e+03 
2804350000 8.284025e+03 
2806500000 8.281675e+03 
2808650000 8.280475e+03 
2810800000 8.286525e+03 
2812950000 8.267300e+03 
2815100000 8.279900e+03 
2817250000 8.263800e+03 
2819400000 8.274425e+03 
2821550000 8.273425e+03 
2823700000 8.274450e+03 
2825850000 8.265025e+03 
2828000000 8.270075e+03 
2.830150e+09 8.262625e+03 
2832300000 8.265575e+03 
2834450000 8.279125e+03 
2836600000 8.267275e+03 
2838750000 8.274125e+03 
2840900000 8.248025e+03 
2843050000 8.270875e+03 
2845200000 8.292675e+03 
2847350000 8271 
2849500000 8.267075e+03 
2851650000 8.271250e+03 
2853800000 8.284250e+03 
2855950000 8.267275e+03 
2858100000 8.270275e+03 
2.860250e+09 8.260200e+03 
2862400000 8.290550e+03 
2864550000 8.273575e+03 
2866700000 8.254575e+03 
2868850000 8.268900e+03 
2871000000 8.261600e+03 
2873150000 8.253850e+03 
2875300000 8.259875e+03 
2877450000 8.266500e+03 
2879600000 8.262575e+03 
2881750000 8.276625e+03 
2883900000 8.257600e+03 
2886050000 8.252125e+03 
2888200000 8.276825e+03 
2.890350e+09 8.274625e+03 
2892500000 8.275200e+03 
2894650000 8.259550e+03 
2896800000 8.273800e+03 
2898950000 8.283825e+03 
2901100000 8.266875e+03 
2903250000 8.273400e+03 
2905400000 8.272500e+03 
2907550000 8.260450e+03 
2909700000 8.270925e+03 
2911850000 8.259650e+03 
2914000000 8.305800e+03 
2916150000 8.270075e+03 
2918300000 8.280550e+03 
2920450000 8.276600e+03 
2922600000 8.283125e+03 
2924750000 8.265700e+03 
2926900000 8.280575e+03 
2929050000 8.267750e+03 
2931200000 8.303225e+03 
2933350000 8.248350e+03 
2935500000 8.254400e+03 
2937650000 8.259850e+03 
2939800000 8.253750e+03 
2941950000 8.261900e+03 
2.944100e+09 8.266575e+03 
2946250000 8.292925e+03 
2948400000 8.263525e+03 
2950550000 8.266375e+03 
2952700000 8.259525e+03 
2954850000 8.268125e+03 
2957000000 8.266700e+03 
2959150000 8.268225e+03 
2961300000 8.279150e+03 
2963450000 8.258975e+03 
2965600000 8.284875e+03 
2967750000 8.256550e+03 
2969900000 8.277775e+03 
2972050000 8268 
2974200000 8.230650e+03 
2976350000 8.260925e+03 
2978500000 8.266075e+03 
2980650000 8.267400e+03 
2982800000 8267 
2984950000 8.265025e+03 
2987100000 8.256250e+03 
2989250000 8.275975e+03 
2991400000 8.258375e+03 
2993550000 8.267850e+03 
2995700000 8.265650e+03 
2997850000 8.250450e+03 
3000000000 8.233175e+03 

END
