IGOR
WAVES/D/O sweep,sig(1) 
BEGIN
2570000000 8.192925e+03 
2.572150e+09 8.211975e+03 
2574300000 8.204800e+03 
2576450000 8.187800e+03 
2578600000 8.221225e+03 
2.580750e+09 8.202075e+03 
2582900000 8.220750e+03 
2585050000 8.186275e+03 
2.587200e+09 8.199875e+03 
2589350000 8.193300e+03 
2591500000 8.205525e+03 
2593650000 8.197050e+03 
2.595800e+09 8.204950e+03 
2597950000 8.195050e+03 
2600100000 8.213450e+03 
2.602250e+09 8.205275e+03 
2604400000 8.213175e+03 
2606550000 8.226575e+03 
2608700000 8.227325e+03 
2.610850e+09 8.221725e+03 
2613000000 8.215400e+03 
2615150000 8.211650e+03 
2.617300e+09 8.230900e+03 
2619450000 8.206450e+03 
2621600000 8.204350e+03 
2623750000 8.186725e+03 
2.625900e+09 8.167400e+03 
2628050000 8.181850e+03 
2630200000 8.173125e+03 
2.632350e+09 8.182625e+03 
2634500000 8.166025e+03 
2636650000 8.185800e+03 
2638800000 8.194675e+03 
2.640950e+09 8.196025e+03 
2643100000 8.203425e+03 
2645250000 8.208375e+03 
2.647400e+09 8.206900e+03 
2649550000 8.217675e+03 
2651700000 8.213900e+03 
2653850000 8.220250e+03 
2.656000e+09 8.210075e+03 
2658150000 8.199600e+03 
2660300000 8.194800e+03 
2.662450e+09 8.187375e+03 
2664600000 8.143075e+03 
2666750000 8.145250e+03 
2668900000 8.150950e+03 
2.671050e+09 8.137775e+03 
2673200000 8.150850e+03 
2675350000 8.158125e+03 
2677500000 8.194725e+03 
2679650000 8.235675e+03 
2681800000 8.190725e+03 
2683950000 8.205375e+03 
2.686100e+09 8.224225e+03 
2688250000 8.239550e+03 
2690400000 8.231900e+03 
2692550000 8.187075e+03 
2694700000 8.220700e+03 
2696850000 8.206125e+03 
2699000000 8.164700e+03 
2.701150e+09 8.130600e+03 
2703300000 8.158525e+03 
2705450000 8.157775e+03 
2707600000 8.150700e+03 
2.709750e+09 8.147400e+03 
2711900000 8.177925e+03 
2714050000 8.195750e+03 
2.716200e+09 8.204575e+03 
2718350000 8.202325e+03 
2720500000 8.216825e+03 
2722650000 8.242975e+03 
2724800000 8.244350e+03 
2726950000 8.226975e+03 
2729100000 8.206650e+03 
2.731250e+09 8.220450e+03 
2733400000 8.204175e+03 
2735550000 8.204100e+03 
2737700000 8.192700e+03 
2.739850e+09 8.204200e+03 
2742000000 8.207125e+03 
2744150000 8.202425e+03 
2.746300e+09 8.188700e+03 
2748450000 8.219775e+03 
2750600000 8.202325e+03 
2752750000 8.214525e+03 
2754900000 8.220575e+03 
2757050000 8.236900e+03 
2759200000 8.227800e+03 
2.761350e+09 8.229375e+03 
2763500000 8.219775e+03 
2765650000 8.244675e+03 
2767800000 8.228950e+03 
2.769950e+09 8.220550e+03 
2772100000 8.215975e+03 
2774250000 8.233775e+03 
2.776400e+09 8.224950e+03 
2778550000 8.202725e+03 
2780700000 8.205725e+03 
2782850000 8.216075e+03 
2785000000 8.219875e+03 
2787150000 8.222925e+03 
2789300000 8.227075e+03 
2791450000 8.221025e+03 
2793600000 8.227625e+03 
2795750000 8.203025e+03 
2797900000 8.221450e+03 
2.800050e+09 8.230750e+03 
2802200000 8.219800e+03 
2804350000 8.221925e+03 
2806500000 8.236250e+03 
2808650000 8.223650e+03 
2810800000 8.225875e+03 
2812950000 8.231125e+03 
2815100000 8.239775e+03 
2817250000 8.222100e+03 
2819400000 8.223100e+03 
2821550000 8.209250e+03 
2823700000 8.232650e+03 
2825850000 8.226775e+03 
2828000000 8.237575e+03 
2.830150e+09 8.238250e+03 
2832300000 8.231950e+03 
2834450000 8.229325e+03 
2836600000 8.244175e+03 
2838750000 8.236025e+03 
2840900000 8.245825e+03 
2843050000 8.218550e+03 
2845200000 8.213925e+03 
2847350000 8.209950e+03 
2849500000 8.224975e+03 
2851650000 8217 
2853800000 8.220525e+03 
2855950000 8.235200e+03 
2858100000 8.207400e+03 
2.860250e+09 8.220525e+03 
2862400000 8.223050e+03 
2864550000 8.224250e+03 
2866700000 8.214075e+03 
2868850000 8.204275e+03 
2871000000 8.218575e+03 
2873150000 8.226625e+03 
2875300000 8.212525e+03 
2877450000 8.219375e+03 
2879600000 8.218975e+03 
2881750000 8.243925e+03 
2883900000 8.200325e+03 
2886050000 8.214600e+03 
2888200000 8.226250e+03 
2.890350e+09 8.212825e+03 
2892500000 8.236025e+03 
2894650000 8.217725e+03 
2896800000 8.203250e+03 
2898950000 8.221950e+03 
2901100000 8.202625e+03 
2903250000 8.227525e+03 
2905400000 8.222700e+03 
2907550000 8.223300e+03 
2909700000 8.239550e+03 
2911850000 8.232925e+03 
2914000000 8.224800e+03 
2916150000 8.226925e+03 
2918300000 8.204800e+03 
2920450000 8.233475e+03 
2922600000 8.206975e+03 
2924750000 8.207450e+03 
2926900000 8.224750e+03 
2929050000 8.224550e+03 
2931200000 8.201850e+03 
2933350000 8.206925e+03 
2935500000 8.226575e+03 
2937650000 8.203700e+03 
2939800000 8.222875e+03 
2941950000 8.208425e+03 
2.944100e+09 8.215125e+03 
2946250000 8.231900e+03 
2948400000 8.209500e+03 
2950550000 8.199325e+03 
2952700000 8.211225e+03 
2954850000 8.238175e+03 
2957000000 8.231725e+03 
2959150000 8.213825e+03 
2961300000 8.241750e+03 
2963450000 8.232800e+03 
2965600000 8.217600e+03 
2967750000 8.223800e+03 
2969900000 8.218575e+03 
2972050000 8.222750e+03 
2974200000 8208 
2976350000 8.203500e+03 
2978500000 8.234375e+03 
2980650000 8.223100e+03 
2982800000 8.214775e+03 
2984950000 8.200300e+03 
2987100000 8.229800e+03 
2989250000 8.203275e+03 
2991400000 8.183075e+03 
2993550000 8.193725e+03 
2995700000 8.207525e+03 
2997850000 8.214575e+03 
3000000000 8.209075e+03 

END
