IGOR
WAVES/D/O sweep,sig(1) 
BEGIN
2570000000 8.233500e+03 
2.572150e+09 8.229075e+03 
2574300000 8.242200e+03 
2576450000 8.253025e+03 
2578600000 8.224975e+03 
2.580750e+09 8.249500e+03 
2582900000 8.203975e+03 
2585050000 8.217600e+03 
2.587200e+09 8.210325e+03 
2589350000 8.225700e+03 
2591500000 8.227300e+03 
2593650000 8.233250e+03 
2.595800e+09 8.246800e+03 
2597950000 8.222025e+03 
2600100000 8.228325e+03 
2.602250e+09 8.231675e+03 
2604400000 8.198600e+03 
2606550000 8.213850e+03 
2608700000 8.224950e+03 
2.610850e+09 8.224425e+03 
2613000000 8.203575e+03 
2615150000 8.237425e+03 
2.617300e+09 8.194475e+03 
2619450000 8.211725e+03 
2621600000 8.193875e+03 
2623750000 8.181675e+03 
2.625900e+09 8.180400e+03 
2628050000 8.188475e+03 
2630200000 8.181975e+03 
2.632350e+09 8.182625e+03 
2634500000 8.222850e+03 
2636650000 8.212775e+03 
2638800000 8.183750e+03 
2.640950e+09 8.225775e+03 
2643100000 8.225875e+03 
2645250000 8.216875e+03 
2.647400e+09 8.235350e+03 
2649550000 8.259225e+03 
2651700000 8.208550e+03 
2653850000 8.222650e+03 
2.656000e+09 8.217825e+03 
2658150000 8.227300e+03 
2660300000 8.202875e+03 
2.662450e+09 8.197950e+03 
2664600000 8.168725e+03 
2666750000 8.169525e+03 
2668900000 8.153850e+03 
2.671050e+09 8.166650e+03 
2673200000 8.185500e+03 
2675350000 8.208175e+03 
2677500000 8.222975e+03 
2679650000 8.200700e+03 
2681800000 8.234325e+03 
2683950000 8.209500e+03 
2.686100e+09 8.235600e+03 
2688250000 8.240100e+03 
2690400000 8.237800e+03 
2692550000 8.231050e+03 
2694700000 8.229300e+03 
2696850000 8.213650e+03 
2699000000 8.223775e+03 
2.701150e+09 8.205925e+03 
2703300000 8.178600e+03 
2705450000 8.173725e+03 
2707600000 8.190225e+03 
2.709750e+09 8.183925e+03 
2711900000 8.186225e+03 
2714050000 8.221950e+03 
2.716200e+09 8.239825e+03 
2718350000 8.223550e+03 
2720500000 8.256350e+03 
2722650000 8.235325e+03 
2724800000 8.222800e+03 
2726950000 8.243850e+03 
2729100000 8.264575e+03 
2.731250e+09 8.240425e+03 
2733400000 8.243925e+03 
2735550000 8.208975e+03 
2737700000 8.202800e+03 
2.739850e+09 8.205150e+03 
2742000000 8.184500e+03 
2744150000 8.216925e+03 
2.746300e+09 8.193750e+03 
2748450000 8.239550e+03 
2750600000 8.235275e+03 
2752750000 8.239300e+03 
2754900000 8.235750e+03 
2757050000 8.207050e+03 
2759200000 8.226650e+03 
2.761350e+09 8.231675e+03 
2763500000 8.249700e+03 
2765650000 8.232150e+03 
2767800000 8.228675e+03 
2.769950e+09 8.256750e+03 
2772100000 8.259425e+03 
2774250000 8.250250e+03 
2.776400e+09 8.248250e+03 
2778550000 8.252900e+03 
2780700000 8.237925e+03 
2782850000 8.253875e+03 
2785000000 8.230075e+03 
2787150000 8.227925e+03 
2789300000 8.242900e+03 
2791450000 8.227875e+03 
2793600000 8.253100e+03 
2795750000 8.229500e+03 
2797900000 8.243600e+03 
2.800050e+09 8.239225e+03 
2802200000 8.252650e+03 
2804350000 8.247550e+03 
2806500000 8.242400e+03 
2808650000 8.238825e+03 
2810800000 8.218600e+03 
2812950000 8.248375e+03 
2815100000 8.222350e+03 
2817250000 8.254100e+03 
2819400000 8.269775e+03 
2821550000 8.228050e+03 
2823700000 8.228925e+03 
2825850000 8.246900e+03 
2828000000 8.249950e+03 
2.830150e+09 8.276650e+03 
2832300000 8.254925e+03 
2834450000 8.250475e+03 
2836600000 8.246500e+03 
2838750000 8.256500e+03 
2840900000 8.270600e+03 
2843050000 8.254150e+03 
2845200000 8.262125e+03 
2847350000 8.254150e+03 
2849500000 8.243650e+03 
2851650000 8.246475e+03 
2853800000 8.260475e+03 
2855950000 8.239075e+03 
2858100000 8.250825e+03 
2.860250e+09 8.247600e+03 
2862400000 8.250900e+03 
2864550000 8.237625e+03 
2866700000 8.246875e+03 
2868850000 8.234975e+03 
2871000000 8.254225e+03 
2873150000 8.247025e+03 
2875300000 8.234600e+03 
2877450000 8.240300e+03 
2879600000 8.277375e+03 
2881750000 8.255450e+03 
2883900000 8.225975e+03 
2886050000 8.233775e+03 
2888200000 8.230300e+03 
2.890350e+09 8.249175e+03 
2892500000 8.220200e+03 
2894650000 8.261825e+03 
2896800000 8.251200e+03 
2898950000 8.222175e+03 
2901100000 8.236375e+03 
2903250000 8.244550e+03 
2905400000 8.237875e+03 
2907550000 8.261625e+03 
2909700000 8.262850e+03 
2911850000 8.225675e+03 
2914000000 8.230375e+03 
2916150000 8.248250e+03 
2918300000 8.228500e+03 
2920450000 8.231900e+03 
2922600000 8.234950e+03 
2924750000 8.263825e+03 
2926900000 8.235925e+03 
2929050000 8.249250e+03 
2931200000 8.234775e+03 
2933350000 8.258925e+03 
2935500000 8.245025e+03 
2937650000 8.252475e+03 
2939800000 8.219275e+03 
2941950000 8.230400e+03 
2.944100e+09 8.243525e+03 
2946250000 8.237800e+03 
2948400000 8.218350e+03 
2950550000 8.262475e+03 
2952700000 8.254975e+03 
2954850000 8.243700e+03 
2957000000 8.224050e+03 
2959150000 8.231400e+03 
2961300000 8.241625e+03 
2963450000 8.253075e+03 
2965600000 8.240650e+03 
2967750000 8.237175e+03 
2969900000 8.227825e+03 
2972050000 8281 
2974200000 8.253650e+03 
2976350000 8.242875e+03 
2978500000 8.248950e+03 
2980650000 8.265650e+03 
2982800000 8.248100e+03 
2984950000 8.248425e+03 
2987100000 8.280525e+03 
2989250000 8.254550e+03 
2991400000 8.239625e+03 
2993550000 8.252750e+03 
2995700000 8.235425e+03 
2997850000 8.250275e+03 
3000000000 8.267850e+03 

END
