IGOR
WAVES/D/O sweep,sig(1) 
BEGIN
2570000000 8.312975e+03 
2.572150e+09 8.317875e+03 
2574300000 8.293625e+03 
2576450000 8.353550e+03 
2578600000 8.331625e+03 
2.580750e+09 8.320400e+03 
2582900000 8.305075e+03 
2585050000 8.330875e+03 
2.587200e+09 8.324250e+03 
2589350000 8.332350e+03 
2591500000 8.303125e+03 
2593650000 8.346325e+03 
2.595800e+09 8.317075e+03 
2597950000 8.332975e+03 
2600100000 8.332300e+03 
2.602250e+09 8.315625e+03 
2604400000 8.316450e+03 
2606550000 8.318575e+03 
2608700000 8.311325e+03 
2.610850e+09 8.307400e+03 
2613000000 8.312650e+03 
2615150000 8.319450e+03 
2.617300e+09 8.307425e+03 
2619450000 8.334225e+03 
2621600000 8.279450e+03 
2623750000 8.303500e+03 
2.625900e+09 8.300225e+03 
2628050000 8.284500e+03 
2630200000 8.296850e+03 
2.632350e+09 8.285450e+03 
2634500000 8.298500e+03 
2636650000 8.286075e+03 
2638800000 8.298125e+03 
2.640950e+09 8.307375e+03 
2643100000 8.320400e+03 
2645250000 8.312125e+03 
2.647400e+09 8.316875e+03 
2649550000 8.334400e+03 
2651700000 8.315825e+03 
2653850000 8321 
2.656000e+09 8.341075e+03 
2658150000 8.316925e+03 
2660300000 8.282050e+03 
2.662450e+09 8.271975e+03 
2664600000 8.263125e+03 
2666750000 8.260925e+03 
2668900000 8.255425e+03 
2.671050e+09 8.257575e+03 
2673200000 8.283850e+03 
2675350000 8.255675e+03 
2677500000 8275 
2679650000 8.292750e+03 
2681800000 8.329950e+03 
2683950000 8321 
2.686100e+09 8.322200e+03 
2688250000 8.324425e+03 
2690400000 8.308225e+03 
2692550000 8.314875e+03 
2694700000 8.301200e+03 
2696850000 8.295875e+03 
2699000000 8.272350e+03 
2.701150e+09 8.255450e+03 
2703300000 8.257900e+03 
2705450000 8.256825e+03 
2707600000 8.261125e+03 
2.709750e+09 8.279750e+03 
2711900000 8.289200e+03 
2714050000 8.275200e+03 
2.716200e+09 8.329250e+03 
2718350000 8305 
2720500000 8.327350e+03 
2722650000 8.349275e+03 
2724800000 8.343375e+03 
2726950000 8.350525e+03 
2729100000 8.349775e+03 
2.731250e+09 8.335375e+03 
2733400000 8.315075e+03 
2735550000 8.338150e+03 
2737700000 8.316125e+03 
2.739850e+09 8.304625e+03 
2742000000 8.282250e+03 
2744150000 8.301675e+03 
2.746300e+09 8.309475e+03 
2748450000 8.307700e+03 
2750600000 8.333175e+03 
2752750000 8.337700e+03 
2754900000 8.330825e+03 
2757050000 8.327225e+03 
2759200000 8.325275e+03 
2.761350e+09 8.339700e+03 
2763500000 8.326600e+03 
2765650000 8.326750e+03 
2767800000 8.310250e+03 
2.769950e+09 8.348575e+03 
2772100000 8.312975e+03 
2774250000 8.360600e+03 
2.776400e+09 8.320875e+03 
2778550000 8.334550e+03 
2780700000 8.324625e+03 
2782850000 8.339300e+03 
2785000000 8.327900e+03 
2787150000 8.313175e+03 
2789300000 8.330350e+03 
2791450000 8.319075e+03 
2793600000 8.318600e+03 
2795750000 8.325800e+03 
2797900000 8.322225e+03 
2.800050e+09 8.323300e+03 
2802200000 8.352900e+03 
2804350000 8.335575e+03 
2806500000 8.328500e+03 
2808650000 8.331375e+03 
2810800000 8.333200e+03 
2812950000 8.350775e+03 
2815100000 8.332725e+03 
2817250000 8.338275e+03 
2819400000 8.338775e+03 
2821550000 8.347800e+03 
2823700000 8.359300e+03 
2825850000 8.327600e+03 
2828000000 8.334125e+03 
2.830150e+09 8.334700e+03 
2832300000 8.339850e+03 
2834450000 8.333350e+03 
2836600000 8.352275e+03 
2838750000 8.327925e+03 
2840900000 8.332425e+03 
2843050000 8.342800e+03 
2845200000 8.331675e+03 
2847350000 8.334025e+03 
2849500000 8.322475e+03 
2851650000 8.313750e+03 
2853800000 8.341200e+03 
2855950000 8.339200e+03 
2858100000 8.346800e+03 
2.860250e+09 8.338750e+03 
2862400000 8.343175e+03 
2864550000 8.336875e+03 
2866700000 8.332650e+03 
2868850000 8.338350e+03 
2871000000 8.321175e+03 
2873150000 8.349425e+03 
2875300000 8.335700e+03 
2877450000 8.327475e+03 
2879600000 8.332725e+03 
2881750000 8.336975e+03 
2883900000 8.331475e+03 
2886050000 8.341125e+03 
2888200000 8.322400e+03 
2.890350e+09 8.333125e+03 
2892500000 8.325200e+03 
2894650000 8.331425e+03 
2896800000 8.336200e+03 
2898950000 8.355500e+03 
2901100000 8.360250e+03 
2903250000 8.355425e+03 
2905400000 8.351400e+03 
2907550000 8.352700e+03 
2909700000 8.342575e+03 
2911850000 8.332700e+03 
2914000000 8.352675e+03 
2916150000 8.343325e+03 
2918300000 8354 
2920450000 8.341425e+03 
2922600000 8.334850e+03 
2924750000 8.348150e+03 
2926900000 8.356250e+03 
2929050000 8.358500e+03 
2931200000 8.343500e+03 
2933350000 8.345075e+03 
2935500000 8.325650e+03 
2937650000 8.330525e+03 
2939800000 8.337800e+03 
2941950000 8.379100e+03 
2.944100e+09 8.360475e+03 
2946250000 8.354425e+03 
2948400000 8.350650e+03 
2950550000 8.350625e+03 
2952700000 8.346375e+03 
2954850000 8.362400e+03 
2957000000 8.363650e+03 
2959150000 8.357075e+03 
2961300000 8.348375e+03 
2963450000 8.348750e+03 
2965600000 8.343475e+03 
2967750000 8.364550e+03 
2969900000 8.339125e+03 
2972050000 8.333100e+03 
2974200000 8.359050e+03 
2976350000 8.360725e+03 
2978500000 8.347625e+03 
2980650000 8.344550e+03 
2982800000 8.366375e+03 
2984950000 8.347025e+03 
2987100000 8.336150e+03 
2989250000 8.342325e+03 
2991400000 8.327825e+03 
2993550000 8.351725e+03 
2995700000 8.339650e+03 
2997850000 8.358125e+03 
3000000000 8.358525e+03 

END
