IGOR
WAVES/D/O sweep,sig(1) 
BEGIN
2570000000 8.329075e+03 
2.572150e+09 8.345325e+03 
2574300000 8.329200e+03 
2576450000 8.317825e+03 
2578600000 8.319875e+03 
2.580750e+09 8.334625e+03 
2582900000 8.343625e+03 
2585050000 8.307025e+03 
2.587200e+09 8.306475e+03 
2589350000 8.330275e+03 
2591500000 8.295375e+03 
2593650000 8.322375e+03 
2.595800e+09 8.298700e+03 
2597950000 8.315225e+03 
2600100000 8.321125e+03 
2.602250e+09 8.313025e+03 
2604400000 8.294775e+03 
2606550000 8.330650e+03 
2608700000 8.322800e+03 
2.610850e+09 8318 
2613000000 8.304625e+03 
2615150000 8.309650e+03 
2.617300e+09 8.316275e+03 
2619450000 8.321100e+03 
2621600000 8.295775e+03 
2623750000 8.265425e+03 
2.625900e+09 8.290300e+03 
2628050000 8.262175e+03 
2630200000 8.283675e+03 
2.632350e+09 8.274525e+03 
2634500000 8.259725e+03 
2636650000 8.274225e+03 
2638800000 8.263150e+03 
2.640950e+09 8.289350e+03 
2643100000 8.320975e+03 
2645250000 8.308350e+03 
2.647400e+09 8.318850e+03 
2649550000 8.321150e+03 
2651700000 8.312900e+03 
2653850000 8.326850e+03 
2.656000e+09 8.323650e+03 
2658150000 8.290150e+03 
2660300000 8.297050e+03 
2.662450e+09 8.282375e+03 
2664600000 8.257350e+03 
2666750000 8.234750e+03 
2668900000 8.253475e+03 
2.671050e+09 8.256425e+03 
2673200000 8.232925e+03 
2675350000 8.241125e+03 
2677500000 8.243750e+03 
2679650000 8.293225e+03 
2681800000 8.304325e+03 
2683950000 8.297375e+03 
2.686100e+09 8.325100e+03 
2688250000 8.302100e+03 
2690400000 8.300825e+03 
2692550000 8.322475e+03 
2694700000 8.294250e+03 
2696850000 8.280475e+03 
2699000000 8.254875e+03 
2.701150e+09 8.253975e+03 
2703300000 8.232050e+03 
2705450000 8.245350e+03 
2707600000 8.245700e+03 
2.709750e+09 8.239425e+03 
2711900000 8.250225e+03 
2714050000 8.283075e+03 
2.716200e+09 8.303350e+03 
2718350000 8.307250e+03 
2720500000 8.304175e+03 
2722650000 8.295325e+03 
2724800000 8.320875e+03 
2726950000 8.314025e+03 
2729100000 8.308625e+03 
2.731250e+09 8.303100e+03 
2733400000 8.307850e+03 
2735550000 8.280125e+03 
2737700000 8.288375e+03 
2.739850e+09 8.301250e+03 
2742000000 8.277575e+03 
2744150000 8.286400e+03 
2.746300e+09 8.288925e+03 
2748450000 8.285175e+03 
2750600000 8.303650e+03 
2752750000 8.304325e+03 
2754900000 8.292550e+03 
2757050000 8.328050e+03 
2759200000 8.308875e+03 
2.761350e+09 8.296850e+03 
2763500000 8.305125e+03 
2765650000 8.311900e+03 
2767800000 8.317250e+03 
2.769950e+09 8291 
2772100000 8.287200e+03 
2774250000 8.326925e+03 
2.776400e+09 8.301375e+03 
2778550000 8.300425e+03 
2780700000 8.303175e+03 
2782850000 8.321175e+03 
2785000000 8.315450e+03 
2787150000 8.303225e+03 
2789300000 8.321500e+03 
2791450000 8.283575e+03 
2793600000 8.289050e+03 
2795750000 8.308275e+03 
2797900000 8.285275e+03 
2.800050e+09 8.288050e+03 
2802200000 8.331350e+03 
2804350000 8.320425e+03 
2806500000 8.294675e+03 
2808650000 8.293500e+03 
2810800000 8.328325e+03 
2812950000 8.309175e+03 
2815100000 8.289600e+03 
2817250000 8.302925e+03 
2819400000 8.316725e+03 
2821550000 8.311050e+03 
2823700000 8.287425e+03 
2825850000 8.280775e+03 
2828000000 8.324625e+03 
2.830150e+09 8.299925e+03 
2832300000 8.301200e+03 
2834450000 8.285550e+03 
2836600000 8.288900e+03 
2838750000 8.313275e+03 
2840900000 8.310050e+03 
2843050000 8.309450e+03 
2845200000 8.319075e+03 
2847350000 8.324600e+03 
2849500000 8286 
2851650000 8.306675e+03 
2853800000 8.307450e+03 
2855950000 8.320925e+03 
2858100000 8.308425e+03 
2.860250e+09 8.309275e+03 
2862400000 8.302500e+03 
2864550000 8.310025e+03 
2866700000 8.315800e+03 
2868850000 8.294750e+03 
2871000000 8.293875e+03 
2873150000 8.317175e+03 
2875300000 8.285825e+03 
2877450000 8.307175e+03 
2879600000 8.306675e+03 
2881750000 8.298050e+03 
2883900000 8.309550e+03 
2886050000 8.284725e+03 
2888200000 8.309025e+03 
2.890350e+09 8.321075e+03 
2892500000 8.304925e+03 
2894650000 8.282600e+03 
2896800000 8.288700e+03 
2898950000 8.334125e+03 
2901100000 8.316575e+03 
2903250000 8.302125e+03 
2905400000 8.284850e+03 
2907550000 8.308700e+03 
2909700000 8.313825e+03 
2911850000 8.282975e+03 
2914000000 8.329700e+03 
2916150000 8.315175e+03 
2918300000 8.327275e+03 
2920450000 8.309700e+03 
2922600000 8.278375e+03 
2924750000 8.309775e+03 
2926900000 8.302325e+03 
2929050000 8.290775e+03 
2931200000 8.270925e+03 
2933350000 8.273650e+03 
2935500000 8.312575e+03 
2937650000 8.310550e+03 
2939800000 8.301175e+03 
2941950000 8.308275e+03 
2.944100e+09 8.292975e+03 
2946250000 8.291300e+03 
2948400000 8.290050e+03 
2950550000 8.277925e+03 
2952700000 8.303350e+03 
2954850000 8.283800e+03 
2957000000 8.299175e+03 
2959150000 8.299250e+03 
2961300000 8.294625e+03 
2963450000 8.307650e+03 
2965600000 8.299325e+03 
2967750000 8.281550e+03 
2969900000 8.313525e+03 
2972050000 8.299550e+03 
2974200000 8.291925e+03 
2976350000 8.297550e+03 
2978500000 8.297675e+03 
2980650000 8.311900e+03 
2982800000 8.292725e+03 
2984950000 8.298875e+03 
2987100000 8.319675e+03 
2989250000 8.318700e+03 
2991400000 8.287225e+03 
2993550000 8.302225e+03 
2995700000 8.298700e+03 
2997850000 8.304050e+03 
3000000000 8.300625e+03 

END
