IGOR
WAVES/D/O sweep,sig(1) 
BEGIN
2570000000 8.276475e+03 
2.572150e+09 8.277025e+03 
2574300000 8.256850e+03 
2576450000 8.285300e+03 
2578600000 8.276200e+03 
2.580750e+09 8.266125e+03 
2582900000 8.250725e+03 
2585050000 8.285925e+03 
2.587200e+09 8.273550e+03 
2589350000 8.281725e+03 
2591500000 8.255400e+03 
2593650000 8.281075e+03 
2.595800e+09 8.269050e+03 
2597950000 8.266175e+03 
2600100000 8.271250e+03 
2.602250e+09 8.277275e+03 
2604400000 8.241325e+03 
2606550000 8.279575e+03 
2608700000 8.249325e+03 
2.610850e+09 8.264325e+03 
2613000000 8.275525e+03 
2615150000 8.266625e+03 
2.617300e+09 8.263925e+03 
2619450000 8.240475e+03 
2621600000 8.254475e+03 
2623750000 8.256750e+03 
2.625900e+09 8.244175e+03 
2628050000 8.243650e+03 
2630200000 8.244200e+03 
2.632350e+09 8.225700e+03 
2634500000 8.223675e+03 
2636650000 8.232675e+03 
2638800000 8.235200e+03 
2.640950e+09 8.246675e+03 
2643100000 8285 
2645250000 8.288525e+03 
2.647400e+09 8.268275e+03 
2649550000 8.283925e+03 
2651700000 8.273775e+03 
2653850000 8.290350e+03 
2.656000e+09 8.280875e+03 
2658150000 8.276200e+03 
2660300000 8.251100e+03 
2.662450e+09 8.219600e+03 
2664600000 8.209350e+03 
2666750000 8.218525e+03 
2668900000 8.205450e+03 
2.671050e+09 8.196725e+03 
2673200000 8.206500e+03 
2675350000 8.228200e+03 
2677500000 8.223750e+03 
2679650000 8.252500e+03 
2681800000 8.267150e+03 
2683950000 8.270675e+03 
2.686100e+09 8289 
2688250000 8.282425e+03 
2690400000 8.260475e+03 
2692550000 8261 
2694700000 8.273125e+03 
2696850000 8.248350e+03 
2699000000 8.229725e+03 
2.701150e+09 8.228800e+03 
2703300000 8.229850e+03 
2705450000 8.203750e+03 
2707600000 8.215925e+03 
2.709750e+09 8.212300e+03 
2711900000 8.240400e+03 
2714050000 8.242825e+03 
2.716200e+09 8266 
2718350000 8.247375e+03 
2720500000 8273 
2722650000 8.271250e+03 
2724800000 8.276775e+03 
2726950000 8.277400e+03 
2729100000 8.268650e+03 
2.731250e+09 8.264525e+03 
2733400000 8.262725e+03 
2735550000 8.267200e+03 
2737700000 8.260600e+03 
2.739850e+09 8.243475e+03 
2742000000 8.225175e+03 
2744150000 8.271100e+03 
2.746300e+09 8.256700e+03 
2748450000 8.246550e+03 
2750600000 8.260250e+03 
2752750000 8.261175e+03 
2754900000 8.284875e+03 
2757050000 8.284050e+03 
2759200000 8.269300e+03 
2.761350e+09 8.274925e+03 
2763500000 8.273325e+03 
2765650000 8.299625e+03 
2767800000 8.258825e+03 
2.769950e+09 8.298825e+03 
2772100000 8.272050e+03 
2774250000 8.252950e+03 
2.776400e+09 8.281725e+03 
2778550000 8.292375e+03 
2780700000 8.291950e+03 
2782850000 8.306600e+03 
2785000000 8.292875e+03 
2787150000 8.256250e+03 
2789300000 8.290850e+03 
2791450000 8.300775e+03 
2793600000 8.282750e+03 
2795750000 8.287650e+03 
2797900000 8.276550e+03 
2.800050e+09 8.293125e+03 
2802200000 8.302200e+03 
2804350000 8.285500e+03 
2806500000 8.291200e+03 
2808650000 8.287025e+03 
2810800000 8.263675e+03 
2812950000 8.267925e+03 
2815100000 8.295575e+03 
2817250000 8.278825e+03 
2819400000 8.272525e+03 
2821550000 8.258425e+03 
2823700000 8.277725e+03 
2825850000 8.279700e+03 
2828000000 8.286575e+03 
2.830150e+09 8.284925e+03 
2832300000 8.290625e+03 
2834450000 8.278975e+03 
2836600000 8.258225e+03 
2838750000 8.288450e+03 
2840900000 8.309150e+03 
2843050000 8.277325e+03 
2845200000 8.289850e+03 
2847350000 8.299050e+03 
2849500000 8.311675e+03 
2851650000 8.280325e+03 
2853800000 8.290475e+03 
2855950000 8.292825e+03 
2858100000 8.288900e+03 
2.860250e+09 8.316250e+03 
2862400000 8.291450e+03 
2864550000 8.280400e+03 
2866700000 8.296900e+03 
2868850000 8.291750e+03 
2871000000 8.302675e+03 
2873150000 8.283150e+03 
2875300000 8.307125e+03 
2877450000 8.306700e+03 
2879600000 8.301950e+03 
2881750000 8.285250e+03 
2883900000 8.278575e+03 
2886050000 8.284575e+03 
2888200000 8.291425e+03 
2.890350e+09 8.262400e+03 
2892500000 8.283575e+03 
2894650000 8.290300e+03 
2896800000 8.295800e+03 
2898950000 8.281750e+03 
2901100000 8.293700e+03 
2903250000 8.314725e+03 
2905400000 8.267925e+03 
2907550000 8.306250e+03 
2909700000 8.298400e+03 
2911850000 8.292775e+03 
2914000000 8.303725e+03 
2916150000 8.295175e+03 
2918300000 8.315550e+03 
2920450000 8.299925e+03 
2922600000 8.306850e+03 
2924750000 8.305850e+03 
2926900000 8.293775e+03 
2929050000 8.298375e+03 
2931200000 8.301275e+03 
2933350000 8.283200e+03 
2935500000 8.312150e+03 
2937650000 8.301450e+03 
2939800000 8.319300e+03 
2941950000 8.284350e+03 
2.944100e+09 8.285575e+03 
2946250000 8.291650e+03 
2948400000 8.316075e+03 
2950550000 8.280625e+03 
2952700000 8.302075e+03 
2954850000 8.288975e+03 
2957000000 8.298700e+03 
2959150000 8.292025e+03 
2961300000 8.291150e+03 
2963450000 8.281725e+03 
2965600000 8.311425e+03 
2967750000 8.293350e+03 
2969900000 8.291700e+03 
2972050000 8.286800e+03 
2974200000 8.302750e+03 
2976350000 8.271850e+03 
2978500000 8.258175e+03 
2980650000 8.294400e+03 
2982800000 8.303450e+03 
2984950000 8.295950e+03 
2987100000 8.293525e+03 
2989250000 8.299425e+03 
2991400000 8.298175e+03 
2993550000 8.295225e+03 
2995700000 8.305300e+03 
2997850000 8.290975e+03 
3000000000 8.327225e+03 

END
