IGOR
WAVES/D/O sweep,sig(1) 
BEGIN
2570000000 8.176450e+03 
2.572150e+09 8.198675e+03 
2574300000 8206 
2576450000 8.206625e+03 
2578600000 8.196725e+03 
2.580750e+09 8.220650e+03 
2582900000 8.197325e+03 
2585050000 8.176325e+03 
2.587200e+09 8.190175e+03 
2589350000 8.203500e+03 
2591500000 8.195700e+03 
2593650000 8.233950e+03 
2.595800e+09 8.212675e+03 
2597950000 8.192100e+03 
2600100000 8.179775e+03 
2.602250e+09 8.193400e+03 
2604400000 8.216425e+03 
2606550000 8.198425e+03 
2608700000 8.223225e+03 
2.610850e+09 8.205150e+03 
2613000000 8.186050e+03 
2615150000 8.194075e+03 
2.617300e+09 8.198700e+03 
2619450000 8.193125e+03 
2621600000 8.194975e+03 
2623750000 8.182075e+03 
2.625900e+09 8.173700e+03 
2628050000 8.169600e+03 
2630200000 8.149875e+03 
2.632350e+09 8.172525e+03 
2634500000 8.157650e+03 
2636650000 8.177300e+03 
2638800000 8.139075e+03 
2.640950e+09 8.176350e+03 
2643100000 8.192475e+03 
2645250000 8.216925e+03 
2.647400e+09 8.214200e+03 
2649550000 8.202300e+03 
2651700000 8.213925e+03 
2653850000 8.207150e+03 
2.656000e+09 8.186125e+03 
2658150000 8.183450e+03 
2660300000 8.162900e+03 
2.662450e+09 8.145600e+03 
2664600000 8.152475e+03 
2666750000 8.147350e+03 
2668900000 8.139250e+03 
2.671050e+09 8.134525e+03 
2673200000 8.132425e+03 
2675350000 8.114450e+03 
2677500000 8.152875e+03 
2679650000 8.181375e+03 
2681800000 8.168350e+03 
2683950000 8.200175e+03 
2.686100e+09 8.193075e+03 
2688250000 8.195450e+03 
2690400000 8.199900e+03 
2692550000 8.187950e+03 
2694700000 8.189850e+03 
2696850000 8.177100e+03 
2699000000 8.180400e+03 
2.701150e+09 8.118800e+03 
2703300000 8.104700e+03 
2705450000 8.132525e+03 
2707600000 8.113325e+03 
2.709750e+09 8.130700e+03 
2711900000 8.141925e+03 
2714050000 8.170050e+03 
2.716200e+09 8.171850e+03 
2718350000 8.198350e+03 
2720500000 8.171375e+03 
2722650000 8.173275e+03 
2724800000 8.177575e+03 
2726950000 8.183525e+03 
2729100000 8.197525e+03 
2.731250e+09 8.179250e+03 
2733400000 8.179700e+03 
2735550000 8.174325e+03 
2737700000 8.177150e+03 
2.739850e+09 8.144600e+03 
2742000000 8.143775e+03 
2744150000 8.153325e+03 
2.746300e+09 8.169625e+03 
2748450000 8.163650e+03 
2750600000 8.167275e+03 
2752750000 8.179850e+03 
2754900000 8.189475e+03 
2757050000 8.161875e+03 
2759200000 8.204425e+03 
2.761350e+09 8.204700e+03 
2763500000 8.193050e+03 
2765650000 8.191875e+03 
2767800000 8.211625e+03 
2.769950e+09 8.189275e+03 
2772100000 8.198350e+03 
2774250000 8.211050e+03 
2.776400e+09 8.187450e+03 
2778550000 8.208775e+03 
2780700000 8.188750e+03 
2782850000 8.204250e+03 
2785000000 8.206525e+03 
2787150000 8.188275e+03 
2789300000 8.164425e+03 
2791450000 8.187900e+03 
2793600000 8.193900e+03 
2795750000 8.214400e+03 
2797900000 8.180800e+03 
2.800050e+09 8.197300e+03 
2802200000 8.201800e+03 
2804350000 8.182525e+03 
2806500000 8.209150e+03 
2808650000 8.174550e+03 
2810800000 8.194300e+03 
2812950000 8.173925e+03 
2815100000 8.206250e+03 
2817250000 8.200200e+03 
2819400000 8.209950e+03 
2821550000 8.209850e+03 
2823700000 8.205500e+03 
2825850000 8.200600e+03 
2828000000 8.215550e+03 
2.830150e+09 8.196225e+03 
2832300000 8.211850e+03 
2834450000 8.234075e+03 
2836600000 8.193925e+03 
2838750000 8.198450e+03 
2840900000 8.217525e+03 
2843050000 8.186350e+03 
2845200000 8.187850e+03 
2847350000 8.199125e+03 
2849500000 8.193025e+03 
2851650000 8.198575e+03 
2853800000 8.213550e+03 
2855950000 8.194025e+03 
2858100000 8.203925e+03 
2.860250e+09 8.186825e+03 
2862400000 8.195100e+03 
2864550000 8.171225e+03 
2866700000 8.209150e+03 
2868850000 8.205200e+03 
2871000000 8.212275e+03 
2873150000 8.199025e+03 
2875300000 8.187525e+03 
2877450000 8.194325e+03 
2879600000 8.189425e+03 
2881750000 8.206250e+03 
2883900000 8.191800e+03 
2886050000 8.187800e+03 
2888200000 8.203675e+03 
2.890350e+09 8185 
2892500000 8.190025e+03 
2894650000 8.184775e+03 
2896800000 8.186650e+03 
2898950000 8.199650e+03 
2901100000 8.197350e+03 
2903250000 8.187300e+03 
2905400000 8.180350e+03 
2907550000 8.163575e+03 
2909700000 8.202025e+03 
2911850000 8.188575e+03 
2914000000 8.182275e+03 
2916150000 8.194175e+03 
2918300000 8.147775e+03 
2920450000 8.172250e+03 
2922600000 8.190875e+03 
2924750000 8.181775e+03 
2926900000 8.199275e+03 
2929050000 8.202475e+03 
2931200000 8.154350e+03 
2933350000 8.175825e+03 
2935500000 8.185200e+03 
2937650000 8.187700e+03 
2939800000 8.166275e+03 
2941950000 8.199275e+03 
2.944100e+09 8.186300e+03 
2946250000 8.160525e+03 
2948400000 8.156875e+03 
2950550000 8.168750e+03 
2952700000 8.167175e+03 
2954850000 8.177675e+03 
2957000000 8.223600e+03 
2959150000 8.202700e+03 
2961300000 8.180450e+03 
2963450000 8.193425e+03 
2965600000 8.181400e+03 
2967750000 8.180625e+03 
2969900000 8.188925e+03 
2972050000 8.176700e+03 
2974200000 8.187075e+03 
2976350000 8.190925e+03 
2978500000 8.181775e+03 
2980650000 8.175400e+03 
2982800000 8187 
2984950000 8.183200e+03 
2987100000 8.189275e+03 
2989250000 8.173950e+03 
2991400000 8.161900e+03 
2993550000 8.185950e+03 
2995700000 8.171950e+03 
2997850000 8.180950e+03 
3000000000 8.180100e+03 

END
