IGOR
WAVES/D/O sweep,sig(1) 
BEGIN
2570000000 8.356350e+03 
2.572150e+09 8.345275e+03 
2574300000 8.357900e+03 
2576450000 8.360150e+03 
2578600000 8.335525e+03 
2.580750e+09 8.353875e+03 
2582900000 8.350875e+03 
2585050000 8.352500e+03 
2.587200e+09 8.345950e+03 
2589350000 8.341425e+03 
2591500000 8.331275e+03 
2593650000 8.348025e+03 
2.595800e+09 8.350425e+03 
2597950000 8.365975e+03 
2600100000 8.366775e+03 
2.602250e+09 8.356150e+03 
2604400000 8.345325e+03 
2606550000 8.362375e+03 
2608700000 8.347650e+03 
2.610850e+09 8.352700e+03 
2613000000 8.359800e+03 
2615150000 8.346950e+03 
2.617300e+09 8.329350e+03 
2619450000 8.348050e+03 
2621600000 8.343225e+03 
2623750000 8.332875e+03 
2.625900e+09 8.320175e+03 
2628050000 8.308975e+03 
2630200000 8.305225e+03 
2.632350e+09 8.306650e+03 
2634500000 8.327950e+03 
2636650000 8.296025e+03 
2638800000 8.336175e+03 
2.640950e+09 8.342925e+03 
2643100000 8.332075e+03 
2645250000 8.342425e+03 
2.647400e+09 8.359275e+03 
2649550000 8.365425e+03 
2651700000 8.359450e+03 
2653850000 8.329575e+03 
2.656000e+09 8.342175e+03 
2658150000 8.355275e+03 
2660300000 8.329025e+03 
2.662450e+09 8.307175e+03 
2664600000 8.289300e+03 
2666750000 8.298750e+03 
2668900000 8.304175e+03 
2.671050e+09 8.295250e+03 
2673200000 8.296100e+03 
2675350000 8.297550e+03 
2677500000 8.300575e+03 
2679650000 8.329975e+03 
2681800000 8.335875e+03 
2683950000 8.360775e+03 
2.686100e+09 8.363600e+03 
2688250000 8.330500e+03 
2690400000 8.332500e+03 
2692550000 8.351500e+03 
2694700000 8.336925e+03 
2696850000 8.294300e+03 
2699000000 8.294500e+03 
2.701150e+09 8.287525e+03 
2703300000 8.293775e+03 
2705450000 8.274750e+03 
2707600000 8.246475e+03 
2.709750e+09 8.297075e+03 
2711900000 8.310575e+03 
2714050000 8.337050e+03 
2.716200e+09 8.317800e+03 
2718350000 8.348200e+03 
2720500000 8.334400e+03 
2722650000 8.319425e+03 
2724800000 8.349500e+03 
2726950000 8.317150e+03 
2729100000 8.370125e+03 
2.731250e+09 8.348675e+03 
2733400000 8.326600e+03 
2735550000 8.348325e+03 
2737700000 8.324775e+03 
2.739850e+09 8.329300e+03 
2742000000 8.315300e+03 
2744150000 8.326250e+03 
2.746300e+09 8.309075e+03 
2748450000 8.313800e+03 
2750600000 8.319600e+03 
2752750000 8.363275e+03 
2754900000 8.350925e+03 
2757050000 8.356500e+03 
2759200000 8.349225e+03 
2.761350e+09 8.360650e+03 
2763500000 8.358075e+03 
2765650000 8.362025e+03 
2767800000 8.338475e+03 
2.769950e+09 8.328550e+03 
2772100000 8.367850e+03 
2774250000 8.363825e+03 
2.776400e+09 8.321050e+03 
2778550000 8.331325e+03 
2780700000 8.320400e+03 
2782850000 8.325450e+03 
2785000000 8.339700e+03 
2787150000 8.335500e+03 
2789300000 8.324050e+03 
2791450000 8.350300e+03 
2793600000 8.340800e+03 
2795750000 8.329100e+03 
2797900000 8.336475e+03 
2.800050e+09 8.339675e+03 
2802200000 8.328975e+03 
2804350000 8.339750e+03 
2806500000 8.365550e+03 
2808650000 8.350400e+03 
2810800000 8.329900e+03 
2812950000 8352 
2815100000 8.350050e+03 
2817250000 8.351875e+03 
2819400000 8.345050e+03 
2821550000 8.333225e+03 
2823700000 8.331250e+03 
2825850000 8.347950e+03 
2828000000 8.327025e+03 
2.830150e+09 8.342525e+03 
2832300000 8.325050e+03 
2834450000 8.352625e+03 
2836600000 8.320950e+03 
2838750000 8.320175e+03 
2840900000 8.354050e+03 
2843050000 8.354925e+03 
2845200000 8.318475e+03 
2847350000 8.342550e+03 
2849500000 8.336675e+03 
2851650000 8.362625e+03 
2853800000 8.331050e+03 
2855950000 8.356625e+03 
2858100000 8.338125e+03 
2.860250e+09 8.338600e+03 
2862400000 8.356825e+03 
2864550000 8.345175e+03 
2866700000 8.339975e+03 
2868850000 8.336125e+03 
2871000000 8.344050e+03 
2873150000 8.325950e+03 
2875300000 8.329425e+03 
2877450000 8.336675e+03 
2879600000 8.346775e+03 
2881750000 8.332200e+03 
2883900000 8.353425e+03 
2886050000 8.331225e+03 
2888200000 8.335875e+03 
2.890350e+09 8.337600e+03 
2892500000 8.374350e+03 
2894650000 8.339850e+03 
2896800000 8.369275e+03 
2898950000 8.340175e+03 
2901100000 8.333325e+03 
2903250000 8.339875e+03 
2905400000 8.345350e+03 
2907550000 8.333650e+03 
2909700000 8.347075e+03 
2911850000 8.340075e+03 
2914000000 8.324200e+03 
2916150000 8.328875e+03 
2918300000 8.319750e+03 
2920450000 8.336450e+03 
2922600000 8.358200e+03 
2924750000 8.342025e+03 
2926900000 8.344450e+03 
2929050000 8.350500e+03 
2931200000 8.350375e+03 
2933350000 8.327925e+03 
2935500000 8.316950e+03 
2937650000 8.365250e+03 
2939800000 8.345925e+03 
2941950000 8.342925e+03 
2.944100e+09 8.344200e+03 
2946250000 8.349375e+03 
2948400000 8.333200e+03 
2950550000 8.348375e+03 
2952700000 8.333300e+03 
2954850000 8.359600e+03 
2957000000 8.363675e+03 
2959150000 8.361325e+03 
2961300000 8.361450e+03 
2963450000 8.362075e+03 
2965600000 8.358975e+03 
2967750000 8.348550e+03 
2969900000 8.337250e+03 
2972050000 8.324325e+03 
2974200000 8330 
2976350000 8.336925e+03 
2978500000 8.359075e+03 
2980650000 8.338050e+03 
2982800000 8.370300e+03 
2984950000 8.344275e+03 
2987100000 8.315425e+03 
2989250000 8.349675e+03 
2991400000 8.391725e+03 
2993550000 8329 
2995700000 8.326075e+03 
2997850000 8.331700e+03 
3000000000 8.329250e+03 

END
