IGOR
WAVES/D/O sweep,sig(1) 
BEGIN
2570000000 8.295975e+03 
2.572150e+09 8.286400e+03 
2574300000 8.277825e+03 
2576450000 8.260025e+03 
2578600000 8.299550e+03 
2.580750e+09 8.300750e+03 
2582900000 8.292025e+03 
2585050000 8.268250e+03 
2.587200e+09 8.286625e+03 
2589350000 8.279125e+03 
2591500000 8.267350e+03 
2593650000 8.308175e+03 
2.595800e+09 8.298825e+03 
2597950000 8.298975e+03 
2600100000 8.268925e+03 
2.602250e+09 8.277225e+03 
2604400000 8.283875e+03 
2606550000 8.288475e+03 
2608700000 8270 
2.610850e+09 8.274100e+03 
2613000000 8.279125e+03 
2615150000 8.281975e+03 
2.617300e+09 8.256650e+03 
2619450000 8.269675e+03 
2621600000 8.259700e+03 
2623750000 8.271275e+03 
2.625900e+09 8.235450e+03 
2628050000 8.256575e+03 
2630200000 8.251375e+03 
2.632350e+09 8.250750e+03 
2634500000 8.229700e+03 
2636650000 8.254100e+03 
2638800000 8.264175e+03 
2.640950e+09 8.279275e+03 
2643100000 8.283425e+03 
2645250000 8.284500e+03 
2.647400e+09 8.291425e+03 
2649550000 8.276075e+03 
2651700000 8.284225e+03 
2653850000 8.263475e+03 
2.656000e+09 8.291850e+03 
2658150000 8.274025e+03 
2660300000 8.247825e+03 
2.662450e+09 8.227125e+03 
2664600000 8.235625e+03 
2666750000 8.216175e+03 
2668900000 8210 
2.671050e+09 8.177900e+03 
2673200000 8.185950e+03 
2675350000 8.216750e+03 
2677500000 8.231575e+03 
2679650000 8.244625e+03 
2681800000 8.225125e+03 
2683950000 8.264425e+03 
2.686100e+09 8.253925e+03 
2688250000 8.258600e+03 
2690400000 8.298875e+03 
2692550000 8.259650e+03 
2694700000 8.277800e+03 
2696850000 8.233850e+03 
2699000000 8.243150e+03 
2.701150e+09 8.223450e+03 
2703300000 8.211700e+03 
2705450000 8.182950e+03 
2707600000 8.233750e+03 
2.709750e+09 8.193825e+03 
2711900000 8.234100e+03 
2714050000 8.228175e+03 
2.716200e+09 8.251125e+03 
2718350000 8.282275e+03 
2720500000 8.267400e+03 
2722650000 8.270850e+03 
2724800000 8.281600e+03 
2726950000 8.265350e+03 
2729100000 8.267800e+03 
2.731250e+09 8.263225e+03 
2733400000 8.236675e+03 
2735550000 8.256625e+03 
2737700000 8.288850e+03 
2.739850e+09 8.252325e+03 
2742000000 8.222450e+03 
2744150000 8.241900e+03 
2.746300e+09 8.258750e+03 
2748450000 8.276875e+03 
2750600000 8.256450e+03 
2752750000 8.282175e+03 
2754900000 8.253500e+03 
2757050000 8.289350e+03 
2759200000 8.283075e+03 
2.761350e+09 8.271525e+03 
2763500000 8.259725e+03 
2765650000 8.253300e+03 
2767800000 8.259675e+03 
2.769950e+09 8.286300e+03 
2772100000 8.289675e+03 
2774250000 8.282100e+03 
2.776400e+09 8.268750e+03 
2778550000 8.286400e+03 
2780700000 8.273200e+03 
2782850000 8.273325e+03 
2785000000 8.267450e+03 
2787150000 8.262075e+03 
2789300000 8.274875e+03 
2791450000 8.273175e+03 
2793600000 8.278300e+03 
2795750000 8.285700e+03 
2797900000 8.246350e+03 
2.800050e+09 8.274025e+03 
2802200000 8.257600e+03 
2804350000 8.267300e+03 
2806500000 8280 
2808650000 8.255475e+03 
2810800000 8.301400e+03 
2812950000 8.275825e+03 
2815100000 8.283275e+03 
2817250000 8.275100e+03 
2819400000 8.262375e+03 
2821550000 8.265025e+03 
2823700000 8.276750e+03 
2825850000 8.270350e+03 
2828000000 8.286200e+03 
2.830150e+09 8.271275e+03 
2832300000 8.287725e+03 
2834450000 8.251675e+03 
2836600000 8.281775e+03 
2838750000 8.252100e+03 
2840900000 8.294275e+03 
2843050000 8.274475e+03 
2845200000 8.268175e+03 
2847350000 8.268925e+03 
2849500000 8.268950e+03 
2851650000 8.250925e+03 
2853800000 8.244750e+03 
2855950000 8.262675e+03 
2858100000 8.254600e+03 
2.860250e+09 8.255975e+03 
2862400000 8.272925e+03 
2864550000 8.269125e+03 
2866700000 8.298250e+03 
2868850000 8.284950e+03 
2871000000 8.293025e+03 
2873150000 8280 
2875300000 8.270175e+03 
2877450000 8.248775e+03 
2879600000 8.258775e+03 
2881750000 8.286400e+03 
2883900000 8.268750e+03 
2886050000 8.280125e+03 
2888200000 8.291600e+03 
2.890350e+09 8.278500e+03 
2892500000 8.258950e+03 
2894650000 8.279300e+03 
2896800000 8.278850e+03 
2898950000 8.284600e+03 
2901100000 8283 
2903250000 8.279375e+03 
2905400000 8.283375e+03 
2907550000 8.269575e+03 
2909700000 8.268675e+03 
2911850000 8.255025e+03 
2914000000 8.259900e+03 
2916150000 8.257925e+03 
2918300000 8.260100e+03 
2920450000 8.282025e+03 
2922600000 8.280700e+03 
2924750000 8.269200e+03 
2926900000 8.272575e+03 
2929050000 8.278850e+03 
2931200000 8.266850e+03 
2933350000 8.271050e+03 
2935500000 8.239400e+03 
2937650000 8.260650e+03 
2939800000 8267 
2941950000 8.266475e+03 
2.944100e+09 8.270500e+03 
2946250000 8.282200e+03 
2948400000 8.270150e+03 
2950550000 8.271300e+03 
2952700000 8.271025e+03 
2954850000 8284 
2957000000 8.270925e+03 
2959150000 8.290900e+03 
2961300000 8.237300e+03 
2963450000 8.273800e+03 
2965600000 8.287025e+03 
2967750000 8.290575e+03 
2969900000 8.267425e+03 
2972050000 8.285100e+03 
2974200000 8.273150e+03 
2976350000 8.273600e+03 
2978500000 8.291650e+03 
2980650000 8.280475e+03 
2982800000 8.275225e+03 
2984950000 8.303800e+03 
2987100000 8.278025e+03 
2989250000 8.290150e+03 
2991400000 8.261675e+03 
2993550000 8.280075e+03 
2995700000 8.289875e+03 
2997850000 8.274825e+03 
3000000000 8.310925e+03 

END
