IGOR
WAVES/D/O sweep,sig(1) 
BEGIN
2570000000 8.309675e+03 
2.572150e+09 8295 
2574300000 8.320800e+03 
2576450000 8.304700e+03 
2578600000 8.309475e+03 
2.580750e+09 8.317175e+03 
2582900000 8.315750e+03 
2585050000 8.311875e+03 
2.587200e+09 8.318725e+03 
2589350000 8.322775e+03 
2591500000 8.306975e+03 
2593650000 8.330150e+03 
2.595800e+09 8.320250e+03 
2597950000 8.347375e+03 
2600100000 8.309325e+03 
2.602250e+09 8.333975e+03 
2604400000 8.317225e+03 
2606550000 8.308850e+03 
2608700000 8.329975e+03 
2.610850e+09 8.354850e+03 
2613000000 8.327875e+03 
2615150000 8354 
2.617300e+09 8.309200e+03 
2619450000 8.292650e+03 
2621600000 8.318375e+03 
2623750000 8.291525e+03 
2.625900e+09 8.310275e+03 
2628050000 8.285300e+03 
2630200000 8.266600e+03 
2.632350e+09 8.280550e+03 
2634500000 8.285775e+03 
2636650000 8.282525e+03 
2638800000 8.294400e+03 
2.640950e+09 8.293025e+03 
2643100000 8.288425e+03 
2645250000 8.303625e+03 
2.647400e+09 8.335350e+03 
2649550000 8.325300e+03 
2651700000 8.332875e+03 
2653850000 8.337675e+03 
2.656000e+09 8.325850e+03 
2658150000 8.319750e+03 
2660300000 8.305725e+03 
2.662450e+09 8.300125e+03 
2664600000 8.287875e+03 
2666750000 8.269575e+03 
2668900000 8.276225e+03 
2.671050e+09 8.253225e+03 
2673200000 8.231200e+03 
2675350000 8.306450e+03 
2677500000 8.294750e+03 
2679650000 8.291450e+03 
2681800000 8.293800e+03 
2683950000 8.322650e+03 
2.686100e+09 8.323375e+03 
2688250000 8.335225e+03 
2690400000 8.315675e+03 
2692550000 8.313950e+03 
2694700000 8.318025e+03 
2696850000 8.317500e+03 
2699000000 8.298750e+03 
2.701150e+09 8.265650e+03 
2703300000 8.274450e+03 
2705450000 8.225575e+03 
2707600000 8.258250e+03 
2.709750e+09 8.261850e+03 
2711900000 8.265375e+03 
2714050000 8.316250e+03 
2.716200e+09 8.334550e+03 
2718350000 8.332650e+03 
2720500000 8.321500e+03 
2722650000 8.319950e+03 
2724800000 8.334850e+03 
2726950000 8.317450e+03 
2729100000 8.333125e+03 
2.731250e+09 8.331200e+03 
2733400000 8.319950e+03 
2735550000 8.278900e+03 
2737700000 8.290225e+03 
2.739850e+09 8.306850e+03 
2742000000 8.298450e+03 
2744150000 8.289375e+03 
2.746300e+09 8.311375e+03 
2748450000 8.303475e+03 
2750600000 8.296200e+03 
2752750000 8.314525e+03 
2754900000 8.306650e+03 
2757050000 8.312100e+03 
2759200000 8.314250e+03 
2.761350e+09 8.319175e+03 
2763500000 8.331650e+03 
2765650000 8.323550e+03 
2767800000 8.310975e+03 
2.769950e+09 8.329550e+03 
2772100000 8.326225e+03 
2774250000 8.332900e+03 
2.776400e+09 8.311700e+03 
2778550000 8.327350e+03 
2780700000 8.315900e+03 
2782850000 8.331850e+03 
2785000000 8.318650e+03 
2787150000 8.286775e+03 
2789300000 8.302575e+03 
2791450000 8.308375e+03 
2793600000 8.306150e+03 
2795750000 8.318625e+03 
2797900000 8.315675e+03 
2.800050e+09 8.296275e+03 
2802200000 8.336725e+03 
2804350000 8.313425e+03 
2806500000 8.335200e+03 
2808650000 8.319500e+03 
2810800000 8.322075e+03 
2812950000 8.328400e+03 
2815100000 8.323600e+03 
2817250000 8.339900e+03 
2819400000 8.329575e+03 
2821550000 8.316325e+03 
2823700000 8.308050e+03 
2825850000 8.300325e+03 
2828000000 8.295800e+03 
2.830150e+09 8.325150e+03 
2832300000 8.313700e+03 
2834450000 8.322750e+03 
2836600000 8.345950e+03 
2838750000 8.302600e+03 
2840900000 8.321375e+03 
2843050000 8.307425e+03 
2845200000 8.293325e+03 
2847350000 8.305350e+03 
2849500000 8.295875e+03 
2851650000 8.327125e+03 
2853800000 8.295125e+03 
2855950000 8.298225e+03 
2858100000 8.315725e+03 
2.860250e+09 8.305025e+03 
2862400000 8.311225e+03 
2864550000 8.300850e+03 
2866700000 8.315675e+03 
2868850000 8.337400e+03 
2871000000 8.319550e+03 
2873150000 8.329850e+03 
2875300000 8.306050e+03 
2877450000 8.324125e+03 
2879600000 8.307350e+03 
2881750000 8.316650e+03 
2883900000 8.325500e+03 
2886050000 8.309600e+03 
2888200000 8.301925e+03 
2.890350e+09 8.328650e+03 
2892500000 8.317750e+03 
2894650000 8.299125e+03 
2896800000 8.317750e+03 
2898950000 8.318775e+03 
2901100000 8.323450e+03 
2903250000 8.326650e+03 
2905400000 8.325125e+03 
2907550000 8.338575e+03 
2909700000 8.320225e+03 
2911850000 8.310150e+03 
2914000000 8.336750e+03 
2916150000 8.327675e+03 
2918300000 8.313575e+03 
2920450000 8.327875e+03 
2922600000 8.314800e+03 
2924750000 8.319400e+03 
2926900000 8.345200e+03 
2929050000 8.307350e+03 
2931200000 8.334900e+03 
2933350000 8.322800e+03 
2935500000 8.320300e+03 
2937650000 8.326875e+03 
2939800000 8.311075e+03 
2941950000 8.310375e+03 
2.944100e+09 8.318275e+03 
2946250000 8.317050e+03 
2948400000 8.325875e+03 
2950550000 8.303550e+03 
2952700000 8337 
2954850000 8.330475e+03 
2957000000 8.337800e+03 
2959150000 8.324200e+03 
2961300000 8.325450e+03 
2963450000 8.324150e+03 
2965600000 8.302975e+03 
2967750000 8.329950e+03 
2969900000 8.320775e+03 
2972050000 8.326850e+03 
2974200000 8.309300e+03 
2976350000 8.331650e+03 
2978500000 8.316950e+03 
2980650000 8.304475e+03 
2982800000 8.319650e+03 
2984950000 8.308425e+03 
2987100000 8.318275e+03 
2989250000 8.327975e+03 
2991400000 8.332825e+03 
2993550000 8.332975e+03 
2995700000 8.310050e+03 
2997850000 8.350125e+03 
3000000000 8.327150e+03 

END
