IGOR
WAVES/D/O sweep,sig(1) 
BEGIN
2570000000 8.275925e+03 
2.572150e+09 8.282425e+03 
2574300000 8.267550e+03 
2576450000 8.258850e+03 
2578600000 8.287150e+03 
2.580750e+09 8.290275e+03 
2582900000 8.292625e+03 
2585050000 8.287700e+03 
2.587200e+09 8.267800e+03 
2589350000 8.281650e+03 
2591500000 8.274800e+03 
2593650000 8.293375e+03 
2.595800e+09 8.268875e+03 
2597950000 8.267650e+03 
2600100000 8.260450e+03 
2.602250e+09 8.278950e+03 
2604400000 8.279300e+03 
2606550000 8.307025e+03 
2608700000 8.279525e+03 
2.610850e+09 8.290050e+03 
2613000000 8.267875e+03 
2615150000 8.276950e+03 
2.617300e+09 8.283500e+03 
2619450000 8.271300e+03 
2621600000 8.290700e+03 
2623750000 8.266425e+03 
2.625900e+09 8.255375e+03 
2628050000 8.252525e+03 
2630200000 8.206800e+03 
2.632350e+09 8.226325e+03 
2634500000 8.235075e+03 
2636650000 8.246650e+03 
2638800000 8.236500e+03 
2.640950e+09 8.258325e+03 
2643100000 8.255575e+03 
2645250000 8.290300e+03 
2.647400e+09 8.270650e+03 
2649550000 8.269850e+03 
2651700000 8280 
2653850000 8.287875e+03 
2.656000e+09 8.295275e+03 
2658150000 8.271400e+03 
2660300000 8.255450e+03 
2.662450e+09 8.250800e+03 
2664600000 8.226900e+03 
2666750000 8.203325e+03 
2668900000 8.214700e+03 
2.671050e+09 8.223700e+03 
2673200000 8.210375e+03 
2675350000 8.214625e+03 
2677500000 8.230525e+03 
2679650000 8255 
2681800000 8.273175e+03 
2683950000 8.264100e+03 
2.686100e+09 8.277925e+03 
2688250000 8.265325e+03 
2690400000 8.265350e+03 
2692550000 8.271025e+03 
2694700000 8.240475e+03 
2696850000 8.264200e+03 
2699000000 8.224025e+03 
2.701150e+09 8.221225e+03 
2703300000 8.200350e+03 
2705450000 8.200875e+03 
2707600000 8.172275e+03 
2.709750e+09 8.206550e+03 
2711900000 8.210200e+03 
2714050000 8.236150e+03 
2.716200e+09 8.244275e+03 
2718350000 8.257300e+03 
2720500000 8.255800e+03 
2722650000 8.277200e+03 
2724800000 8.244450e+03 
2726950000 8.256150e+03 
2729100000 8.257900e+03 
2.731250e+09 8.253550e+03 
2733400000 8.233800e+03 
2735550000 8.239750e+03 
2737700000 8.241225e+03 
2.739850e+09 8.236550e+03 
2742000000 8.237150e+03 
2744150000 8.226800e+03 
2.746300e+09 8.247900e+03 
2748450000 8.239225e+03 
2750600000 8.245950e+03 
2752750000 8.266300e+03 
2754900000 8.256875e+03 
2757050000 8.242450e+03 
2759200000 8.270050e+03 
2.761350e+09 8.275950e+03 
2763500000 8.276775e+03 
2765650000 8.250550e+03 
2767800000 8.263875e+03 
2.769950e+09 8.254575e+03 
2772100000 8.257375e+03 
2774250000 8.258675e+03 
2.776400e+09 8.248200e+03 
2778550000 8.248675e+03 
2780700000 8.264425e+03 
2782850000 8.244825e+03 
2785000000 8.266875e+03 
2787150000 8.253500e+03 
2789300000 8.228125e+03 
2791450000 8.266700e+03 
2793600000 8.257450e+03 
2795750000 8.239150e+03 
2797900000 8.244850e+03 
2.800050e+09 8.236100e+03 
2802200000 8.248450e+03 
2804350000 8.249400e+03 
2806500000 8.245250e+03 
2808650000 8.244575e+03 
2810800000 8.260975e+03 
2812950000 8.263325e+03 
2815100000 8.270975e+03 
2817250000 8.245375e+03 
2819400000 8.248075e+03 
2821550000 8.259675e+03 
2823700000 8.271200e+03 
2825850000 8.250150e+03 
2828000000 8.236300e+03 
2.830150e+09 8.251850e+03 
2832300000 8.241425e+03 
2834450000 8.260600e+03 
2836600000 8.259125e+03 
2838750000 8.236175e+03 
2840900000 8.259475e+03 
2843050000 8.236075e+03 
2845200000 8.254475e+03 
2847350000 8.250825e+03 
2849500000 8.229400e+03 
2851650000 8.253300e+03 
2853800000 8.259475e+03 
2855950000 8.269825e+03 
2858100000 8.257500e+03 
2.860250e+09 8.254175e+03 
2862400000 8.260500e+03 
2864550000 8.253900e+03 
2866700000 8.262250e+03 
2868850000 8.246775e+03 
2871000000 8.247675e+03 
2873150000 8.264025e+03 
2875300000 8.255300e+03 
2877450000 8.257250e+03 
2879600000 8.263975e+03 
2881750000 8.257050e+03 
2883900000 8.253125e+03 
2886050000 8.256550e+03 
2888200000 8.258400e+03 
2.890350e+09 8.248725e+03 
2892500000 8.247025e+03 
2894650000 8.260150e+03 
2896800000 8.256775e+03 
2898950000 8.252600e+03 
2901100000 8.236975e+03 
2903250000 8.226325e+03 
2905400000 8.241125e+03 
2907550000 8.273100e+03 
2909700000 8.259875e+03 
2911850000 8.262825e+03 
2914000000 8.268275e+03 
2916150000 8.250100e+03 
2918300000 8.270425e+03 
2920450000 8.273575e+03 
2922600000 8.262275e+03 
2924750000 8.253675e+03 
2926900000 8.242875e+03 
2929050000 8.255775e+03 
2931200000 8.246075e+03 
2933350000 8.230050e+03 
2935500000 8.249725e+03 
2937650000 8.266175e+03 
2939800000 8.271625e+03 
2941950000 8.236975e+03 
2.944100e+09 8.246325e+03 
2946250000 8.260175e+03 
2948400000 8.277675e+03 
2950550000 8.259350e+03 
2952700000 8.255725e+03 
2954850000 8.250575e+03 
2957000000 8.254675e+03 
2959150000 8.273950e+03 
2961300000 8.259900e+03 
2963450000 8.246175e+03 
2965600000 8.257975e+03 
2967750000 8.246675e+03 
2969900000 8.263275e+03 
2972050000 8.255950e+03 
2974200000 8.241900e+03 
2976350000 8.236025e+03 
2978500000 8.237450e+03 
2980650000 8.290125e+03 
2982800000 8.240050e+03 
2984950000 8.257725e+03 
2987100000 8.245300e+03 
2989250000 8.275125e+03 
2991400000 8.262450e+03 
2993550000 8.262600e+03 
2995700000 8.261175e+03 
2997850000 8.257875e+03 
3000000000 8276 

END
