IGOR
WAVES/D/O sweep,sig(1) 
BEGIN
2570000000 8.401950e+03 
2.572150e+09 8.369575e+03 
2574300000 8.380825e+03 
2576450000 8.379075e+03 
2578600000 8.389900e+03 
2.580750e+09 8.403150e+03 
2582900000 8.403450e+03 
2585050000 8.378775e+03 
2.587200e+09 8.373850e+03 
2589350000 8.365550e+03 
2591500000 8.404150e+03 
2593650000 8393 
2.595800e+09 8.365950e+03 
2597950000 8.405700e+03 
2600100000 8.356850e+03 
2.602250e+09 8.378025e+03 
2604400000 8.387425e+03 
2606550000 8.386925e+03 
2608700000 8.394075e+03 
2.610850e+09 8.391850e+03 
2613000000 8.399375e+03 
2615150000 8374 
2.617300e+09 8.357800e+03 
2619450000 8.381375e+03 
2621600000 8.380350e+03 
2623750000 8.388475e+03 
2.625900e+09 8.357325e+03 
2628050000 8.368550e+03 
2630200000 8.335250e+03 
2.632350e+09 8.343900e+03 
2634500000 8.350425e+03 
2636650000 8.360050e+03 
2638800000 8.367350e+03 
2.640950e+09 8.398175e+03 
2643100000 8.372350e+03 
2645250000 8.402825e+03 
2.647400e+09 8.374525e+03 
2649550000 8.368900e+03 
2651700000 8.371275e+03 
2653850000 8.381775e+03 
2.656000e+09 8.404925e+03 
2658150000 8.386750e+03 
2660300000 8.353475e+03 
2.662450e+09 8.341100e+03 
2664600000 8.339400e+03 
2666750000 8.330575e+03 
2668900000 8.325400e+03 
2.671050e+09 8.322450e+03 
2673200000 8.314650e+03 
2675350000 8.323400e+03 
2677500000 8.315825e+03 
2679650000 8364 
2681800000 8.384725e+03 
2683950000 8.392075e+03 
2.686100e+09 8.371450e+03 
2688250000 8.391825e+03 
2690400000 8399 
2692550000 8.387300e+03 
2694700000 8.370800e+03 
2696850000 8.347950e+03 
2699000000 8.322600e+03 
2.701150e+09 8321 
2703300000 8331 
2705450000 8.336550e+03 
2707600000 8.313725e+03 
2.709750e+09 8.328775e+03 
2711900000 8.326400e+03 
2714050000 8.319300e+03 
2.716200e+09 8.349875e+03 
2718350000 8.345975e+03 
2720500000 8.377025e+03 
2722650000 8.386025e+03 
2724800000 8.383775e+03 
2726950000 8.375025e+03 
2729100000 8.364325e+03 
2.731250e+09 8.380275e+03 
2733400000 8.353725e+03 
2735550000 8.374750e+03 
2737700000 8.369350e+03 
2.739850e+09 8.332975e+03 
2742000000 8.355175e+03 
2744150000 8.352425e+03 
2.746300e+09 8.376825e+03 
2748450000 8.350100e+03 
2750600000 8.346500e+03 
2752750000 8.396200e+03 
2754900000 8.375150e+03 
2757050000 8.403050e+03 
2759200000 8.386850e+03 
2.761350e+09 8.394525e+03 
2763500000 8.379900e+03 
2765650000 8.370025e+03 
2767800000 8.394150e+03 
2.769950e+09 8.384225e+03 
2772100000 8.394450e+03 
2774250000 8.359550e+03 
2.776400e+09 8.353675e+03 
2778550000 8.390050e+03 
2780700000 8.360400e+03 
2782850000 8.400100e+03 
2785000000 8.373875e+03 
2787150000 8.382825e+03 
2789300000 8.412550e+03 
2791450000 8.353850e+03 
2793600000 8.403975e+03 
2795750000 8.383775e+03 
2797900000 8.405725e+03 
2.800050e+09 8.393375e+03 
2802200000 8.359875e+03 
2804350000 8.387725e+03 
2806500000 8.377925e+03 
2808650000 8.373750e+03 
2810800000 8.380750e+03 
2812950000 8.413375e+03 
2815100000 8402 
2817250000 8.392675e+03 
2819400000 8.367975e+03 
2821550000 8.389475e+03 
2823700000 8.374175e+03 
2825850000 8.383700e+03 
2828000000 8.373875e+03 
2.830150e+09 8.381025e+03 
2832300000 8.379300e+03 
2834450000 8.384725e+03 
2836600000 8.388350e+03 
2838750000 8.345400e+03 
2840900000 8.405200e+03 
2843050000 8.390900e+03 
2845200000 8.400375e+03 
2847350000 8.403850e+03 
2849500000 8.430775e+03 
2851650000 8.399175e+03 
2853800000 8.375675e+03 
2855950000 8.393725e+03 
2858100000 8.402550e+03 
2.860250e+09 8.410175e+03 
2862400000 8.425450e+03 
2864550000 8.405650e+03 
2866700000 8.428450e+03 
2868850000 8.402125e+03 
2871000000 8.430750e+03 
2873150000 8.377425e+03 
2875300000 8391 
2877450000 8.410700e+03 
2879600000 8.408700e+03 
2881750000 8.405175e+03 
2883900000 8.411375e+03 
2886050000 8.397950e+03 
2888200000 8.401150e+03 
2.890350e+09 8.402475e+03 
2892500000 8.423850e+03 
2894650000 8.394325e+03 
2896800000 8.420375e+03 
2898950000 8390 
2901100000 8.418075e+03 
2903250000 8.421875e+03 
2905400000 8.402950e+03 
2907550000 8.383675e+03 
2909700000 8.403725e+03 
2911850000 8.418500e+03 
2914000000 8.392325e+03 
2916150000 8.410825e+03 
2918300000 8.407225e+03 
2920450000 8.394525e+03 
2922600000 8.418575e+03 
2924750000 8.409425e+03 
2926900000 8.384975e+03 
2929050000 8.411575e+03 
2931200000 8.432025e+03 
2933350000 8.419250e+03 
2935500000 8.394075e+03 
2937650000 8.442300e+03 
2939800000 8.429975e+03 
2941950000 8.431400e+03 
2.944100e+09 8.415775e+03 
2946250000 8.426800e+03 
2948400000 8.427975e+03 
2950550000 8.441300e+03 
2952700000 8.400300e+03 
2954850000 8.423325e+03 
2957000000 8.430550e+03 
2959150000 8.419725e+03 
2961300000 8.392050e+03 
2963450000 8.437300e+03 
2965600000 8.440825e+03 
2967750000 8.414975e+03 
2969900000 8.392425e+03 
2972050000 8.443075e+03 
2974200000 8.452500e+03 
2976350000 8.443250e+03 
2978500000 8.413300e+03 
2980650000 8.439425e+03 
2982800000 8.415975e+03 
2984950000 8.422475e+03 
2987100000 8.403825e+03 
2989250000 8.433075e+03 
2991400000 8.398675e+03 
2993550000 8.411350e+03 
2995700000 8.433625e+03 
2997850000 8.436350e+03 
3000000000 8.437750e+03 

END
