IGOR
WAVES/D/O sweep,sig(1) 
BEGIN
2570000000 8.290500e+03 
2.572150e+09 8.312400e+03 
2574300000 8.282300e+03 
2576450000 8.306675e+03 
2578600000 8.299200e+03 
2.580750e+09 8.292425e+03 
2582900000 8.317450e+03 
2585050000 8.304025e+03 
2.587200e+09 8.294475e+03 
2589350000 8.307100e+03 
2591500000 8.312625e+03 
2593650000 8.308150e+03 
2.595800e+09 8.305075e+03 
2597950000 8.303050e+03 
2600100000 8.304150e+03 
2.602250e+09 8.299550e+03 
2604400000 8.302375e+03 
2606550000 8.298600e+03 
2608700000 8.290500e+03 
2.610850e+09 8310 
2613000000 8.309700e+03 
2615150000 8.311325e+03 
2.617300e+09 8.292300e+03 
2619450000 8.303175e+03 
2621600000 8.276650e+03 
2623750000 8.306850e+03 
2.625900e+09 8.282475e+03 
2628050000 8.274700e+03 
2630200000 8.257225e+03 
2.632350e+09 8.248175e+03 
2634500000 8.272350e+03 
2636650000 8.266525e+03 
2638800000 8.265400e+03 
2.640950e+09 8.308325e+03 
2643100000 8.297500e+03 
2645250000 8.307425e+03 
2.647400e+09 8.277600e+03 
2649550000 8.305475e+03 
2651700000 8.299575e+03 
2653850000 8.296850e+03 
2.656000e+09 8.297300e+03 
2658150000 8.282525e+03 
2660300000 8.268325e+03 
2.662450e+09 8.255750e+03 
2664600000 8.265625e+03 
2666750000 8.245425e+03 
2668900000 8.246325e+03 
2.671050e+09 8.248350e+03 
2673200000 8.245700e+03 
2675350000 8.253300e+03 
2677500000 8.262625e+03 
2679650000 8.286300e+03 
2681800000 8.310400e+03 
2683950000 8.288575e+03 
2.686100e+09 8.305225e+03 
2688250000 8.310025e+03 
2690400000 8.294025e+03 
2692550000 8.309750e+03 
2694700000 8.292950e+03 
2696850000 8.283775e+03 
2699000000 8.243800e+03 
2.701150e+09 8.260275e+03 
2703300000 8.233975e+03 
2705450000 8.221225e+03 
2707600000 8.253125e+03 
2.709750e+09 8.259725e+03 
2711900000 8.225900e+03 
2714050000 8.261325e+03 
2.716200e+09 8.307975e+03 
2718350000 8.303250e+03 
2720500000 8.317125e+03 
2722650000 8.290450e+03 
2724800000 8.306600e+03 
2726950000 8.298650e+03 
2729100000 8.305075e+03 
2.731250e+09 8.312225e+03 
2733400000 8.280200e+03 
2735550000 8.279950e+03 
2737700000 8.289450e+03 
2.739850e+09 8.268775e+03 
2742000000 8.265125e+03 
2744150000 8.274800e+03 
2.746300e+09 8.290150e+03 
2748450000 8.277600e+03 
2750600000 8334 
2752750000 8.315925e+03 
2754900000 8.329375e+03 
2757050000 8.316375e+03 
2759200000 8.314725e+03 
2.761350e+09 8.313600e+03 
2763500000 8.287175e+03 
2765650000 8.287650e+03 
2767800000 8.295875e+03 
2.769950e+09 8.301875e+03 
2772100000 8.294900e+03 
2774250000 8.301625e+03 
2.776400e+09 8.317925e+03 
2778550000 8.307950e+03 
2780700000 8.298900e+03 
2782850000 8.298750e+03 
2785000000 8308 
2787150000 8.296925e+03 
2789300000 8.286200e+03 
2791450000 8.316100e+03 
2793600000 8.299850e+03 
2795750000 8.308800e+03 
2797900000 8.306725e+03 
2.800050e+09 8.331500e+03 
2802200000 8.310425e+03 
2804350000 8.320250e+03 
2806500000 8.296425e+03 
2808650000 8.294725e+03 
2810800000 8.280700e+03 
2812950000 8.290950e+03 
2815100000 8.307200e+03 
2817250000 8.325275e+03 
2819400000 8.294175e+03 
2821550000 8.296100e+03 
2823700000 8.309900e+03 
2825850000 8.301175e+03 
2828000000 8.288075e+03 
2.830150e+09 8.308250e+03 
2832300000 8.317825e+03 
2834450000 8.302150e+03 
2836600000 8.279550e+03 
2838750000 8.304225e+03 
2840900000 8.299500e+03 
2843050000 8.287150e+03 
2845200000 8.310950e+03 
2847350000 8.309400e+03 
2849500000 8.304450e+03 
2851650000 8.297900e+03 
2853800000 8.309550e+03 
2855950000 8.321375e+03 
2858100000 8.288300e+03 
2.860250e+09 8.327325e+03 
2862400000 8.338075e+03 
2864550000 8.304200e+03 
2866700000 8.302825e+03 
2868850000 8.314725e+03 
2871000000 8.277200e+03 
2873150000 8.308475e+03 
2875300000 8.317250e+03 
2877450000 8.321725e+03 
2879600000 8.310550e+03 
2881750000 8.325350e+03 
2883900000 8.322125e+03 
2886050000 8.326525e+03 
2888200000 8299 
2.890350e+09 8.306500e+03 
2892500000 8.322625e+03 
2894650000 8342 
2896800000 8.333475e+03 
2898950000 8.318775e+03 
2901100000 8.313500e+03 
2903250000 8.316450e+03 
2905400000 8.314275e+03 
2907550000 8.345475e+03 
2909700000 8.312600e+03 
2911850000 8.331850e+03 
2914000000 8.294275e+03 
2916150000 8.305050e+03 
2918300000 8.301600e+03 
2920450000 8.317600e+03 
2922600000 8.294025e+03 
2924750000 8.304550e+03 
2926900000 8.320050e+03 
2929050000 8.304225e+03 
2931200000 8.320550e+03 
2933350000 8.279225e+03 
2935500000 8.297200e+03 
2937650000 8.311625e+03 
2939800000 8.306950e+03 
2941950000 8.290925e+03 
2.944100e+09 8.300800e+03 
2946250000 8.308825e+03 
2948400000 8.284950e+03 
2950550000 8.310350e+03 
2952700000 8.320275e+03 
2954850000 8311 
2957000000 8.305925e+03 
2959150000 8.280400e+03 
2961300000 8.303375e+03 
2963450000 8.305650e+03 
2965600000 8.300050e+03 
2967750000 8.312225e+03 
2969900000 8.323025e+03 
2972050000 8.317875e+03 
2974200000 8.294350e+03 
2976350000 8.295075e+03 
2978500000 8.329775e+03 
2980650000 8.306500e+03 
2982800000 8.275725e+03 
2984950000 8.318425e+03 
2987100000 8.283575e+03 
2989250000 8.286300e+03 
2991400000 8.331650e+03 
2993550000 8283 
2995700000 8.320875e+03 
2997850000 8.302025e+03 
3000000000 8.306850e+03 

END
