IGOR
WAVES/D/O sweep,sig(1) 
BEGIN
2570000000 8.185500e+03 
2.572150e+09 8.192750e+03 
2574300000 8.221025e+03 
2576450000 8182 
2578600000 8.188850e+03 
2.580750e+09 8.177275e+03 
2582900000 8.193075e+03 
2585050000 8.194675e+03 
2.587200e+09 8186 
2589350000 8198 
2591500000 8.182425e+03 
2593650000 8.198700e+03 
2.595800e+09 8.198275e+03 
2597950000 8.189725e+03 
2600100000 8.188100e+03 
2.602250e+09 8.200050e+03 
2604400000 8.193175e+03 
2606550000 8.199350e+03 
2608700000 8.176450e+03 
2.610850e+09 8.181625e+03 
2613000000 8.208700e+03 
2615150000 8.200225e+03 
2.617300e+09 8.197925e+03 
2619450000 8.178325e+03 
2621600000 8.175550e+03 
2623750000 8.175950e+03 
2.625900e+09 8.171125e+03 
2628050000 8.159600e+03 
2630200000 8.163250e+03 
2.632350e+09 8.144500e+03 
2634500000 8.155575e+03 
2636650000 8.134300e+03 
2638800000 8.174900e+03 
2.640950e+09 8.171800e+03 
2643100000 8.173200e+03 
2645250000 8.182225e+03 
2.647400e+09 8.217800e+03 
2649550000 8.200550e+03 
2651700000 8.205325e+03 
2653850000 8.205200e+03 
2.656000e+09 8.181975e+03 
2658150000 8.185600e+03 
2660300000 8.184950e+03 
2.662450e+09 8.153800e+03 
2664600000 8.176075e+03 
2666750000 8.143450e+03 
2668900000 8.136200e+03 
2.671050e+09 8.115275e+03 
2673200000 8.122800e+03 
2675350000 8.110725e+03 
2677500000 8.161725e+03 
2679650000 8.175825e+03 
2681800000 8.185050e+03 
2683950000 8.213700e+03 
2.686100e+09 8.189775e+03 
2688250000 8.212325e+03 
2690400000 8.197700e+03 
2692550000 8.183625e+03 
2694700000 8.176975e+03 
2696850000 8.195400e+03 
2699000000 8.146600e+03 
2.701150e+09 8.143550e+03 
2703300000 8.140050e+03 
2705450000 8.135250e+03 
2707600000 8.143875e+03 
2.709750e+09 8.136150e+03 
2711900000 8.161850e+03 
2714050000 8.165700e+03 
2.716200e+09 8.200150e+03 
2718350000 8.198250e+03 
2720500000 8.195150e+03 
2722650000 8.202575e+03 
2724800000 8.224100e+03 
2726950000 8.188775e+03 
2729100000 8.203150e+03 
2.731250e+09 8.190850e+03 
2733400000 8.185400e+03 
2735550000 8.196625e+03 
2737700000 8.165350e+03 
2.739850e+09 8.162525e+03 
2742000000 8.194975e+03 
2744150000 8149 
2.746300e+09 8.179175e+03 
2748450000 8.181300e+03 
2750600000 8.171675e+03 
2752750000 8.173850e+03 
2754900000 8.190600e+03 
2757050000 8.200725e+03 
2759200000 8.204200e+03 
2.761350e+09 8.206550e+03 
2763500000 8.198850e+03 
2765650000 8.197950e+03 
2767800000 8.216525e+03 
2.769950e+09 8.187275e+03 
2772100000 8.198050e+03 
2774250000 8.190350e+03 
2.776400e+09 8.220350e+03 
2778550000 8214 
2780700000 8.201375e+03 
2782850000 8.197800e+03 
2785000000 8197 
2787150000 8.218825e+03 
2789300000 8.227200e+03 
2791450000 8.198700e+03 
2793600000 8.208125e+03 
2795750000 8.224050e+03 
2797900000 8.217900e+03 
2.800050e+09 8.199150e+03 
2802200000 8.222100e+03 
2804350000 8.225175e+03 
2806500000 8.208800e+03 
2808650000 8.218925e+03 
2810800000 8.216625e+03 
2812950000 8.200325e+03 
2815100000 8.197950e+03 
2817250000 8.202600e+03 
2819400000 8.196400e+03 
2821550000 8.195350e+03 
2823700000 8.212150e+03 
2825850000 8.205550e+03 
2828000000 8.215725e+03 
2.830150e+09 8226 
2832300000 8.182525e+03 
2834450000 8.201700e+03 
2836600000 8.205150e+03 
2838750000 8.214850e+03 
2840900000 8.223025e+03 
2843050000 8.183425e+03 
2845200000 8.190050e+03 
2847350000 8.203700e+03 
2849500000 8.217300e+03 
2851650000 8.213825e+03 
2853800000 8.208250e+03 
2855950000 8.206550e+03 
2858100000 8.192475e+03 
2.860250e+09 8.210450e+03 
2862400000 8.223275e+03 
2864550000 8.213825e+03 
2866700000 8.218825e+03 
2868850000 8.228600e+03 
2871000000 8.209725e+03 
2873150000 8.219950e+03 
2875300000 8.220625e+03 
2877450000 8.234525e+03 
2879600000 8.200825e+03 
2881750000 8.215775e+03 
2883900000 8.228575e+03 
2886050000 8.220425e+03 
2888200000 8.235100e+03 
2.890350e+09 8.211550e+03 
2892500000 8.217400e+03 
2894650000 8.212700e+03 
2896800000 8.231150e+03 
2898950000 8.223700e+03 
2901100000 8.218275e+03 
2903250000 8.211700e+03 
2905400000 8.215175e+03 
2907550000 8.215250e+03 
2909700000 8.217575e+03 
2911850000 8.210125e+03 
2914000000 8.225575e+03 
2916150000 8.231075e+03 
2918300000 8.222500e+03 
2920450000 8.225925e+03 
2922600000 8.219300e+03 
2924750000 8.206025e+03 
2926900000 8.218450e+03 
2929050000 8.210275e+03 
2931200000 8.204250e+03 
2933350000 8.211100e+03 
2935500000 8.204625e+03 
2937650000 8.226400e+03 
2939800000 8.256175e+03 
2941950000 8.224425e+03 
2.944100e+09 8.206025e+03 
2946250000 8.227625e+03 
2948400000 8.225925e+03 
2950550000 8.216175e+03 
2952700000 8.228350e+03 
2954850000 8.198600e+03 
2957000000 8.205500e+03 
2959150000 8.199100e+03 
2961300000 8.217800e+03 
2963450000 8.213475e+03 
2965600000 8.225050e+03 
2967750000 8.204275e+03 
2969900000 8.206600e+03 
2972050000 8.206375e+03 
2974200000 8.232450e+03 
2976350000 8.225875e+03 
2978500000 8.239925e+03 
2980650000 8.221275e+03 
2982800000 8.222125e+03 
2984950000 8.237750e+03 
2987100000 8.220300e+03 
2989250000 8.237275e+03 
2991400000 8.227275e+03 
2993550000 8.222900e+03 
2995700000 8.230050e+03 
2997850000 8.219975e+03 
3000000000 8.228325e+03 

END
