IGOR
WAVES/D/O sweep,sig(1) 
BEGIN
2570000000 8.266700e+03 
2.572150e+09 8.241450e+03 
2574300000 8.234050e+03 
2576450000 8.237775e+03 
2578600000 8.240150e+03 
2.580750e+09 8.228775e+03 
2582900000 8.217450e+03 
2585050000 8.236500e+03 
2.587200e+09 8.240200e+03 
2589350000 8.238500e+03 
2591500000 8.234025e+03 
2593650000 8.226675e+03 
2.595800e+09 8.229275e+03 
2597950000 8.243925e+03 
2600100000 8.244575e+03 
2.602250e+09 8.256775e+03 
2604400000 8.234150e+03 
2606550000 8.239600e+03 
2608700000 8.240400e+03 
2.610850e+09 8.232800e+03 
2613000000 8229 
2615150000 8.254825e+03 
2.617300e+09 8.255100e+03 
2619450000 8.239300e+03 
2621600000 8.211425e+03 
2623750000 8.210950e+03 
2.625900e+09 8.206125e+03 
2628050000 8.207425e+03 
2630200000 8.197700e+03 
2.632350e+09 8.214125e+03 
2634500000 8.206475e+03 
2636650000 8.214550e+03 
2638800000 8.217925e+03 
2.640950e+09 8.217525e+03 
2643100000 8.243325e+03 
2645250000 8.221350e+03 
2.647400e+09 8.240500e+03 
2649550000 8.249600e+03 
2651700000 8.253250e+03 
2653850000 8.227175e+03 
2.656000e+09 8.241350e+03 
2658150000 8.273850e+03 
2660300000 8.211950e+03 
2.662450e+09 8.209700e+03 
2664600000 8.193900e+03 
2666750000 8.185325e+03 
2668900000 8.191050e+03 
2.671050e+09 8.193475e+03 
2673200000 8.198900e+03 
2675350000 8.197600e+03 
2677500000 8.193650e+03 
2679650000 8.227675e+03 
2681800000 8.246600e+03 
2683950000 8.250325e+03 
2.686100e+09 8.285350e+03 
2688250000 8.260500e+03 
2690400000 8268 
2692550000 8.240525e+03 
2694700000 8.241400e+03 
2696850000 8.236050e+03 
2699000000 8.210950e+03 
2.701150e+09 8.212275e+03 
2703300000 8.200400e+03 
2705450000 8.194375e+03 
2707600000 8.204650e+03 
2.709750e+09 8.208425e+03 
2711900000 8.228775e+03 
2714050000 8.227225e+03 
2.716200e+09 8231 
2718350000 8.240025e+03 
2720500000 8.250875e+03 
2722650000 8.269675e+03 
2724800000 8.269600e+03 
2726950000 8.264850e+03 
2729100000 8.260025e+03 
2.731250e+09 8.275750e+03 
2733400000 8.252175e+03 
2735550000 8.253050e+03 
2737700000 8.246950e+03 
2.739850e+09 8.247300e+03 
2742000000 8.235600e+03 
2744150000 8.227650e+03 
2.746300e+09 8.229375e+03 
2748450000 8.268150e+03 
2750600000 8.260625e+03 
2752750000 8.237250e+03 
2754900000 8.269650e+03 
2757050000 8.238200e+03 
2759200000 8.266775e+03 
2.761350e+09 8.242550e+03 
2763500000 8.242050e+03 
2765650000 8.248725e+03 
2767800000 8.267825e+03 
2.769950e+09 8.270400e+03 
2772100000 8.261225e+03 
2774250000 8.253725e+03 
2.776400e+09 8.256250e+03 
2778550000 8.270150e+03 
2780700000 8.272400e+03 
2782850000 8.285425e+03 
2785000000 8.259825e+03 
2787150000 8.255875e+03 
2789300000 8.281600e+03 
2791450000 8.255950e+03 
2793600000 8.248700e+03 
2795750000 8.249975e+03 
2797900000 8.265450e+03 
2.800050e+09 8.249400e+03 
2802200000 8.264175e+03 
2804350000 8.261875e+03 
2806500000 8.259950e+03 
2808650000 8.262550e+03 
2810800000 8.241750e+03 
2812950000 8.267675e+03 
2815100000 8.252225e+03 
2817250000 8.287450e+03 
2819400000 8.275600e+03 
2821550000 8.276650e+03 
2823700000 8.269075e+03 
2825850000 8.271350e+03 
2828000000 8.268950e+03 
2.830150e+09 8.257775e+03 
2832300000 8.256075e+03 
2834450000 8.260750e+03 
2836600000 8.251125e+03 
2838750000 8.286850e+03 
2840900000 8.248075e+03 
2843050000 8.248250e+03 
2845200000 8.264450e+03 
2847350000 8.251975e+03 
2849500000 8.267575e+03 
2851650000 8.254450e+03 
2853800000 8.248375e+03 
2855950000 8.262775e+03 
2858100000 8.241525e+03 
2.860250e+09 8.250925e+03 
2862400000 8.256075e+03 
2864550000 8.251775e+03 
2866700000 8.269250e+03 
2868850000 8.292575e+03 
2871000000 8.252725e+03 
2873150000 8.251400e+03 
2875300000 8.260875e+03 
2877450000 8.264050e+03 
2879600000 8.279300e+03 
2881750000 8.263925e+03 
2883900000 8.252325e+03 
2886050000 8.260075e+03 
2888200000 8.270625e+03 
2.890350e+09 8.275700e+03 
2892500000 8.248350e+03 
2894650000 8.266650e+03 
2896800000 8.268750e+03 
2898950000 8265 
2901100000 8.256675e+03 
2903250000 8.276125e+03 
2905400000 8.261150e+03 
2907550000 8.270150e+03 
2909700000 8.255450e+03 
2911850000 8.264850e+03 
2914000000 8.268950e+03 
2916150000 8.276325e+03 
2918300000 8.246850e+03 
2920450000 8.267875e+03 
2922600000 8.271350e+03 
2924750000 8.256200e+03 
2926900000 8.242025e+03 
2929050000 8.254325e+03 
2931200000 8.258125e+03 
2933350000 8245 
2935500000 8.245675e+03 
2937650000 8.272525e+03 
2939800000 8.253225e+03 
2941950000 8.247075e+03 
2.944100e+09 8.247125e+03 
2946250000 8.260475e+03 
2948400000 8.264875e+03 
2950550000 8253 
2952700000 8.266650e+03 
2954850000 8.255800e+03 
2957000000 8.274875e+03 
2959150000 8.275850e+03 
2961300000 8.254725e+03 
2963450000 8.258075e+03 
2965600000 8.247650e+03 
2967750000 8.254425e+03 
2969900000 8.254175e+03 
2972050000 8.269225e+03 
2974200000 8.240950e+03 
2976350000 8.264500e+03 
2978500000 8.251075e+03 
2980650000 8.248300e+03 
2982800000 8.230875e+03 
2984950000 8.259050e+03 
2987100000 8.255325e+03 
2989250000 8.269625e+03 
2991400000 8.251975e+03 
2993550000 8.248500e+03 
2995700000 8.277825e+03 
2997850000 8.250175e+03 
3000000000 8.270525e+03 

END
