IGOR
WAVES/D/O sweep,sig(1) 
BEGIN
2570000000 8.330150e+03 
2.572150e+09 8.336275e+03 
2574300000 8.297575e+03 
2576450000 8.307500e+03 
2578600000 8.328225e+03 
2.580750e+09 8.311575e+03 
2582900000 8.304425e+03 
2585050000 8.335050e+03 
2.587200e+09 8.312050e+03 
2589350000 8.304725e+03 
2591500000 8.309325e+03 
2593650000 8.332600e+03 
2.595800e+09 8.304925e+03 
2597950000 8.315625e+03 
2600100000 8.314450e+03 
2.602250e+09 8.329825e+03 
2604400000 8.318400e+03 
2606550000 8.345825e+03 
2608700000 8.309375e+03 
2.610850e+09 8.302500e+03 
2613000000 8.320800e+03 
2615150000 8.336100e+03 
2.617300e+09 8.289600e+03 
2619450000 8.301625e+03 
2621600000 8282 
2623750000 8.295775e+03 
2.625900e+09 8.244275e+03 
2628050000 8.274575e+03 
2630200000 8.295975e+03 
2.632350e+09 8.290150e+03 
2634500000 8.256175e+03 
2636650000 8.262150e+03 
2638800000 8.297825e+03 
2.640950e+09 8.304075e+03 
2643100000 8.313125e+03 
2645250000 8.312900e+03 
2.647400e+09 8.311575e+03 
2649550000 8.342625e+03 
2651700000 8.310875e+03 
2653850000 8.306475e+03 
2.656000e+09 8.318775e+03 
2658150000 8.310800e+03 
2660300000 8.283275e+03 
2.662450e+09 8.280700e+03 
2664600000 8.280650e+03 
2666750000 8.231300e+03 
2668900000 8.244950e+03 
2.671050e+09 8.227700e+03 
2673200000 8.249825e+03 
2675350000 8.232300e+03 
2677500000 8.273100e+03 
2679650000 8.257075e+03 
2681800000 8.293850e+03 
2683950000 8.298075e+03 
2.686100e+09 8.306200e+03 
2688250000 8.289600e+03 
2690400000 8.322475e+03 
2692550000 8.300875e+03 
2694700000 8.306925e+03 
2696850000 8.270025e+03 
2699000000 8.269700e+03 
2.701150e+09 8.246850e+03 
2703300000 8.255600e+03 
2705450000 8.223875e+03 
2707600000 8.229125e+03 
2.709750e+09 8.241675e+03 
2711900000 8.265925e+03 
2714050000 8.270875e+03 
2.716200e+09 8.288250e+03 
2718350000 8.322625e+03 
2720500000 8.332250e+03 
2722650000 8.261600e+03 
2724800000 8.302250e+03 
2726950000 8.313725e+03 
2729100000 8.292275e+03 
2.731250e+09 8.310750e+03 
2733400000 8.291075e+03 
2735550000 8.296975e+03 
2737700000 8.264425e+03 
2.739850e+09 8.276125e+03 
2742000000 8.255075e+03 
2744150000 8.287250e+03 
2.746300e+09 8.291400e+03 
2748450000 8.280775e+03 
2750600000 8.273325e+03 
2752750000 8.298675e+03 
2754900000 8.330575e+03 
2757050000 8.315600e+03 
2759200000 8.300050e+03 
2.761350e+09 8.326125e+03 
2763500000 8.321025e+03 
2765650000 8.313500e+03 
2767800000 8.299600e+03 
2.769950e+09 8.311850e+03 
2772100000 8.304025e+03 
2774250000 8.326500e+03 
2.776400e+09 8.331025e+03 
2778550000 8.307600e+03 
2780700000 8.319625e+03 
2782850000 8.313750e+03 
2785000000 8.276025e+03 
2787150000 8.306900e+03 
2789300000 8.315025e+03 
2791450000 8.344775e+03 
2793600000 8.308875e+03 
2795750000 8.299900e+03 
2797900000 8.253725e+03 
2.800050e+09 8.291500e+03 
2802200000 8.322375e+03 
2804350000 8.308400e+03 
2806500000 8.320100e+03 
2808650000 8.332625e+03 
2810800000 8.295850e+03 
2812950000 8.292425e+03 
2815100000 8.300875e+03 
2817250000 8.303100e+03 
2819400000 8.302500e+03 
2821550000 8.287975e+03 
2823700000 8.286950e+03 
2825850000 8.302150e+03 
2828000000 8292 
2.830150e+09 8.279225e+03 
2832300000 8.310625e+03 
2834450000 8.317750e+03 
2836600000 8.289425e+03 
2838750000 8.263725e+03 
2840900000 8.290650e+03 
2843050000 8.291475e+03 
2845200000 8.313750e+03 
2847350000 8.291275e+03 
2849500000 8.307700e+03 
2851650000 8.296575e+03 
2853800000 8.328275e+03 
2855950000 8.293125e+03 
2858100000 8.333675e+03 
2.860250e+09 8.305225e+03 
2862400000 8.302150e+03 
2864550000 8.289825e+03 
2866700000 8.293350e+03 
2868850000 8.310425e+03 
2871000000 8315 
2873150000 8.291200e+03 
2875300000 8.323050e+03 
2877450000 8.322375e+03 
2879600000 8.326525e+03 
2881750000 8.288775e+03 
2883900000 8.301875e+03 
2886050000 8.278975e+03 
2888200000 8.288525e+03 
2.890350e+09 8.283525e+03 
2892500000 8.286975e+03 
2894650000 8.279875e+03 
2896800000 8.320975e+03 
2898950000 8.291800e+03 
2901100000 8.286225e+03 
2903250000 8.277725e+03 
2905400000 8.303200e+03 
2907550000 8.277850e+03 
2909700000 8.289775e+03 
2911850000 8.288450e+03 
2914000000 8.286500e+03 
2916150000 8.264875e+03 
2918300000 8.292250e+03 
2920450000 8.309350e+03 
2922600000 8.319400e+03 
2924750000 8.281050e+03 
2926900000 8.300250e+03 
2929050000 8.299300e+03 
2931200000 8.316625e+03 
2933350000 8.315100e+03 
2935500000 8.306800e+03 
2937650000 8.320725e+03 
2939800000 8.306700e+03 
2941950000 8.319100e+03 
2.944100e+09 8.286250e+03 
2946250000 8.296400e+03 
2948400000 8.336425e+03 
2950550000 8.286275e+03 
2952700000 8.305400e+03 
2954850000 8.297675e+03 
2957000000 8.299300e+03 
2959150000 8.309050e+03 
2961300000 8.291175e+03 
2963450000 8.308900e+03 
2965600000 8.292550e+03 
2967750000 8.288750e+03 
2969900000 8.256325e+03 
2972050000 8.310475e+03 
2974200000 8.271750e+03 
2976350000 8.272525e+03 
2978500000 8.274525e+03 
2980650000 8.289775e+03 
2982800000 8287 
2984950000 8.263375e+03 
2987100000 8.291675e+03 
2989250000 8.291125e+03 
2991400000 8.308450e+03 
2993550000 8.276350e+03 
2995700000 8.304900e+03 
2997850000 8.249725e+03 
3000000000 8287 

END
