IGOR
WAVES/D/O sweep,sig(1) 
BEGIN
2570000000 8.157200e+03 
2.572150e+09 8.172750e+03 
2574300000 8.166450e+03 
2576450000 8.166825e+03 
2578600000 8.175225e+03 
2.580750e+09 8.170475e+03 
2582900000 8.168625e+03 
2585050000 8.169150e+03 
2.587200e+09 8.184625e+03 
2589350000 8.176675e+03 
2591500000 8.170750e+03 
2593650000 8.177600e+03 
2.595800e+09 8.192475e+03 
2597950000 8.179875e+03 
2600100000 8.192700e+03 
2.602250e+09 8.168500e+03 
2604400000 8.210375e+03 
2606550000 8.179950e+03 
2608700000 8.196850e+03 
2.610850e+09 8.175025e+03 
2613000000 8.194175e+03 
2615150000 8.189825e+03 
2.617300e+09 8.155200e+03 
2619450000 8.171525e+03 
2621600000 8.180775e+03 
2623750000 8.145575e+03 
2.625900e+09 8.155375e+03 
2628050000 8.136425e+03 
2630200000 8.157025e+03 
2.632350e+09 8.133775e+03 
2634500000 8.156850e+03 
2636650000 8.161975e+03 
2638800000 8.142075e+03 
2.640950e+09 8.177650e+03 
2643100000 8.176725e+03 
2645250000 8190 
2.647400e+09 8.185975e+03 
2649550000 8.150950e+03 
2651700000 8.183625e+03 
2653850000 8.184250e+03 
2.656000e+09 8166 
2658150000 8.166125e+03 
2660300000 8.157250e+03 
2.662450e+09 8.130575e+03 
2664600000 8.148650e+03 
2666750000 8.119575e+03 
2668900000 8.106075e+03 
2.671050e+09 8.105825e+03 
2673200000 8.137300e+03 
2675350000 8.102875e+03 
2677500000 8.133350e+03 
2679650000 8.132325e+03 
2681800000 8.180475e+03 
2683950000 8.184400e+03 
2.686100e+09 8.186075e+03 
2688250000 8.176150e+03 
2690400000 8.183100e+03 
2692550000 8.168600e+03 
2694700000 8.159625e+03 
2696850000 8.134675e+03 
2699000000 8.176575e+03 
2.701150e+09 8.119225e+03 
2703300000 8.140350e+03 
2705450000 8111 
2707600000 8137 
2.709750e+09 8.109275e+03 
2711900000 8.159400e+03 
2714050000 8.153100e+03 
2.716200e+09 8.140750e+03 
2718350000 8.181575e+03 
2720500000 8.190250e+03 
2722650000 8.199025e+03 
2724800000 8.161375e+03 
2726950000 8.189275e+03 
2729100000 8.167075e+03 
2.731250e+09 8.185425e+03 
2733400000 8.159400e+03 
2735550000 8.133525e+03 
2737700000 8.133050e+03 
2.739850e+09 8.146675e+03 
2742000000 8147 
2744150000 8.142800e+03 
2.746300e+09 8.155525e+03 
2748450000 8.171400e+03 
2750600000 8.159900e+03 
2752750000 8.180950e+03 
2754900000 8.152600e+03 
2757050000 8.194075e+03 
2759200000 8.169425e+03 
2.761350e+09 8.174975e+03 
2763500000 8.173850e+03 
2765650000 8.170775e+03 
2767800000 8.168225e+03 
2.769950e+09 8.191150e+03 
2772100000 8.168625e+03 
2774250000 8.160625e+03 
2.776400e+09 8.172100e+03 
2778550000 8.170650e+03 
2780700000 8.163300e+03 
2782850000 8.149125e+03 
2785000000 8.166375e+03 
2787150000 8.153300e+03 
2789300000 8.147850e+03 
2791450000 8.182675e+03 
2793600000 8.174475e+03 
2795750000 8.162550e+03 
2797900000 8.175050e+03 
2.800050e+09 8.170700e+03 
2802200000 8.163425e+03 
2804350000 8.167050e+03 
2806500000 8.201400e+03 
2808650000 8.181650e+03 
2810800000 8.156650e+03 
2812950000 8.174525e+03 
2815100000 8.171075e+03 
2817250000 8.163800e+03 
2819400000 8.169375e+03 
2821550000 8.161775e+03 
2823700000 8.185275e+03 
2825850000 8.174250e+03 
2828000000 8.167675e+03 
2.830150e+09 8.172975e+03 
2832300000 8.168175e+03 
2834450000 8.155250e+03 
2836600000 8.156550e+03 
2838750000 8.171950e+03 
2840900000 8.159250e+03 
2843050000 8.184150e+03 
2845200000 8.168775e+03 
2847350000 8.154125e+03 
2849500000 8.149425e+03 
2851650000 8.171750e+03 
2853800000 8.196275e+03 
2855950000 8.150450e+03 
2858100000 8.147975e+03 
2.860250e+09 8.166225e+03 
2862400000 8.153175e+03 
2864550000 8.164750e+03 
2866700000 8.157150e+03 
2868850000 8.159725e+03 
2871000000 8.173625e+03 
2873150000 8.174775e+03 
2875300000 8.150425e+03 
2877450000 8.178900e+03 
2879600000 8.187400e+03 
2881750000 8.164275e+03 
2883900000 8.173675e+03 
2886050000 8.193100e+03 
2888200000 8.192950e+03 
2.890350e+09 8.164625e+03 
2892500000 8.177975e+03 
2894650000 8.162975e+03 
2896800000 8.179625e+03 
2898950000 8.167200e+03 
2901100000 8.167750e+03 
2903250000 8.198025e+03 
2905400000 8.185875e+03 
2907550000 8.185250e+03 
2909700000 8.157100e+03 
2911850000 8.173125e+03 
2914000000 8.169550e+03 
2916150000 8.155775e+03 
2918300000 8.182600e+03 
2920450000 8.186175e+03 
2922600000 8.170575e+03 
2924750000 8.189425e+03 
2926900000 8.163925e+03 
2929050000 8.165100e+03 
2931200000 8.178975e+03 
2933350000 8.163925e+03 
2935500000 8.181225e+03 
2937650000 8.173775e+03 
2939800000 8.160875e+03 
2941950000 8.167475e+03 
2.944100e+09 8.189450e+03 
2946250000 8.186175e+03 
2948400000 8.192775e+03 
2950550000 8.175825e+03 
2952700000 8.164075e+03 
2954850000 8.203525e+03 
2957000000 8.177750e+03 
2959150000 8.172075e+03 
2961300000 8.167650e+03 
2963450000 8.198825e+03 
2965600000 8.177875e+03 
2967750000 8.164475e+03 
2969900000 8.172650e+03 
2972050000 8.168375e+03 
2974200000 8.151950e+03 
2976350000 8.174300e+03 
2978500000 8.181025e+03 
2980650000 8.172800e+03 
2982800000 8.162800e+03 
2984950000 8.160675e+03 
2987100000 8.184375e+03 
2989250000 8.174975e+03 
2991400000 8.177525e+03 
2993550000 8.192050e+03 
2995700000 8.191975e+03 
2997850000 8.209550e+03 
3000000000 8.170775e+03 

END
