IGOR
WAVES/D/O sweep,sig(1) 
BEGIN
2570000000 8.240375e+03 
2.572150e+09 8.266975e+03 
2574300000 8.279750e+03 
2576450000 8.273200e+03 
2578600000 8.257775e+03 
2.580750e+09 8.267300e+03 
2582900000 8.239025e+03 
2585050000 8.266300e+03 
2.587200e+09 8.241775e+03 
2589350000 8.256875e+03 
2591500000 8.256225e+03 
2593650000 8.226975e+03 
2.595800e+09 8.233950e+03 
2597950000 8.252875e+03 
2600100000 8.273550e+03 
2.602250e+09 8275 
2604400000 8.260225e+03 
2606550000 8.262400e+03 
2608700000 8251 
2.610850e+09 8.243425e+03 
2613000000 8.249200e+03 
2615150000 8.249525e+03 
2.617300e+09 8.235575e+03 
2619450000 8.232800e+03 
2621600000 8.249600e+03 
2623750000 8.239050e+03 
2.625900e+09 8.218350e+03 
2628050000 8212 
2630200000 8.204600e+03 
2.632350e+09 8.196300e+03 
2634500000 8.208825e+03 
2636650000 8.208650e+03 
2638800000 8.221875e+03 
2.640950e+09 8.210675e+03 
2643100000 8.226325e+03 
2645250000 8.268625e+03 
2.647400e+09 8.236325e+03 
2649550000 8.273350e+03 
2651700000 8.245050e+03 
2653850000 8.257075e+03 
2.656000e+09 8.266475e+03 
2658150000 8.234950e+03 
2660300000 8.231700e+03 
2.662450e+09 8235 
2664600000 8.200225e+03 
2666750000 8.169125e+03 
2668900000 8.187275e+03 
2.671050e+09 8.177550e+03 
2673200000 8.183075e+03 
2675350000 8.187975e+03 
2677500000 8.208375e+03 
2679650000 8.221225e+03 
2681800000 8227 
2683950000 8.228325e+03 
2.686100e+09 8.235700e+03 
2688250000 8.258675e+03 
2690400000 8.228800e+03 
2692550000 8241 
2694700000 8.239325e+03 
2696850000 8.218725e+03 
2699000000 8.199600e+03 
2.701150e+09 8.182225e+03 
2703300000 8.187100e+03 
2705450000 8.180625e+03 
2707600000 8.175925e+03 
2.709750e+09 8.158175e+03 
2711900000 8.195600e+03 
2714050000 8.208725e+03 
2.716200e+09 8.246625e+03 
2718350000 8.242475e+03 
2720500000 8.249775e+03 
2722650000 8.239400e+03 
2724800000 8.247150e+03 
2726950000 8.228750e+03 
2729100000 8.251350e+03 
2.731250e+09 8.231950e+03 
2733400000 8.234075e+03 
2735550000 8.223775e+03 
2737700000 8.214275e+03 
2.739850e+09 8.237450e+03 
2742000000 8.228075e+03 
2744150000 8.213150e+03 
2.746300e+09 8.225625e+03 
2748450000 8.232350e+03 
2750600000 8.252225e+03 
2752750000 8.239950e+03 
2754900000 8.203975e+03 
2757050000 8.250650e+03 
2759200000 8.222325e+03 
2.761350e+09 8.245975e+03 
2763500000 8.238425e+03 
2765650000 8.239800e+03 
2767800000 8.288825e+03 
2.769950e+09 8.252700e+03 
2772100000 8.221100e+03 
2774250000 8.255925e+03 
2.776400e+09 8.249600e+03 
2778550000 8.269575e+03 
2780700000 8.253550e+03 
2782850000 8.261825e+03 
2785000000 8.243475e+03 
2787150000 8268 
2789300000 8.252725e+03 
2791450000 8.237550e+03 
2793600000 8.246600e+03 
2795750000 8.257050e+03 
2797900000 8.248600e+03 
2.800050e+09 8.274050e+03 
2802200000 8.240175e+03 
2804350000 8.263100e+03 
2806500000 8.250375e+03 
2808650000 8.225300e+03 
2810800000 8.249825e+03 
2812950000 8.265125e+03 
2815100000 8.239450e+03 
2817250000 8.240925e+03 
2819400000 8.232725e+03 
2821550000 8.232350e+03 
2823700000 8.243600e+03 
2825850000 8.230950e+03 
2828000000 8.222675e+03 
2.830150e+09 8.256550e+03 
2832300000 8219 
2834450000 8.235650e+03 
2836600000 8.249025e+03 
2838750000 8.252525e+03 
2840900000 8.238475e+03 
2843050000 8.250850e+03 
2845200000 8.269075e+03 
2847350000 8.253125e+03 
2849500000 8.232225e+03 
2851650000 8.258850e+03 
2853800000 8.241200e+03 
2855950000 8.264575e+03 
2858100000 8.246725e+03 
2.860250e+09 8.265050e+03 
2862400000 8.244900e+03 
2864550000 8.237175e+03 
2866700000 8.259225e+03 
2868850000 8.248225e+03 
2871000000 8.244550e+03 
2873150000 8.249075e+03 
2875300000 8252 
2877450000 8.254225e+03 
2879600000 8.278825e+03 
2881750000 8.245325e+03 
2883900000 8.245950e+03 
2886050000 8236 
2888200000 8.248550e+03 
2.890350e+09 8.248125e+03 
2892500000 8.242050e+03 
2894650000 8.233675e+03 
2896800000 8.261600e+03 
2898950000 8.250700e+03 
2901100000 8.250200e+03 
2903250000 8.235650e+03 
2905400000 8.259225e+03 
2907550000 8.253250e+03 
2909700000 8.264425e+03 
2911850000 8.224575e+03 
2914000000 8.222050e+03 
2916150000 8.244475e+03 
2918300000 8.215200e+03 
2920450000 8.227325e+03 
2922600000 8.240725e+03 
2924750000 8.232625e+03 
2926900000 8.221975e+03 
2929050000 8.226400e+03 
2931200000 8.255200e+03 
2933350000 8.264900e+03 
2935500000 8.238975e+03 
2937650000 8245 
2939800000 8.214025e+03 
2941950000 8.223950e+03 
2.944100e+09 8.241050e+03 
2946250000 8.259875e+03 
2948400000 8.222350e+03 
2950550000 8.241150e+03 
2952700000 8.248700e+03 
2954850000 8.237675e+03 
2957000000 8.222150e+03 
2959150000 8.238550e+03 
2961300000 8.247175e+03 
2963450000 8.244225e+03 
2965600000 8.225500e+03 
2967750000 8.261525e+03 
2969900000 8.240850e+03 
2972050000 8.250125e+03 
2974200000 8.214150e+03 
2976350000 8229 
2978500000 8.233575e+03 
2980650000 8.242875e+03 
2982800000 8.247100e+03 
2984950000 8237 
2987100000 8.243200e+03 
2989250000 8.254550e+03 
2991400000 8.237350e+03 
2993550000 8.242350e+03 
2995700000 8.232400e+03 
2997850000 8.228150e+03 
3000000000 8.238150e+03 

END
