IGOR
WAVES/D/O sweep,sig(1) 
BEGIN
2570000000 8.220825e+03 
2.572150e+09 8.211575e+03 
2574300000 8.193100e+03 
2576450000 8.217300e+03 
2578600000 8.224750e+03 
2.580750e+09 8.216150e+03 
2582900000 8.223775e+03 
2585050000 8.229675e+03 
2.587200e+09 8.211300e+03 
2589350000 8.219150e+03 
2591500000 8.201175e+03 
2593650000 8.209700e+03 
2.595800e+09 8.223425e+03 
2597950000 8.225950e+03 
2600100000 8.223675e+03 
2.602250e+09 8.258600e+03 
2604400000 8.230200e+03 
2606550000 8.232600e+03 
2608700000 8.216725e+03 
2.610850e+09 8.209850e+03 
2613000000 8.193725e+03 
2615150000 8.215300e+03 
2.617300e+09 8.218150e+03 
2619450000 8.226825e+03 
2621600000 8.212575e+03 
2623750000 8.212850e+03 
2.625900e+09 8.184250e+03 
2628050000 8.183850e+03 
2630200000 8.189150e+03 
2.632350e+09 8.170050e+03 
2634500000 8.179275e+03 
2636650000 8.187425e+03 
2638800000 8.225575e+03 
2.640950e+09 8.202600e+03 
2643100000 8.185800e+03 
2645250000 8.206875e+03 
2.647400e+09 8.209825e+03 
2649550000 8.220650e+03 
2651700000 8.231050e+03 
2653850000 8.219425e+03 
2.656000e+09 8.212400e+03 
2658150000 8.203950e+03 
2660300000 8.213300e+03 
2.662450e+09 8.159300e+03 
2664600000 8.181875e+03 
2666750000 8.160525e+03 
2668900000 8.143600e+03 
2.671050e+09 8.153250e+03 
2673200000 8.152475e+03 
2675350000 8.179075e+03 
2677500000 8.184275e+03 
2679650000 8.179725e+03 
2681800000 8.216250e+03 
2683950000 8.209425e+03 
2.686100e+09 8.235175e+03 
2688250000 8.226700e+03 
2690400000 8.227450e+03 
2692550000 8.226825e+03 
2694700000 8.212450e+03 
2696850000 8.200325e+03 
2699000000 8.176900e+03 
2.701150e+09 8.172825e+03 
2703300000 8.160500e+03 
2705450000 8.128775e+03 
2707600000 8.171225e+03 
2.709750e+09 8.170775e+03 
2711900000 8.182300e+03 
2714050000 8.187125e+03 
2.716200e+09 8.220975e+03 
2718350000 8.216925e+03 
2720500000 8.221350e+03 
2722650000 8.222750e+03 
2724800000 8.217075e+03 
2726950000 8.201700e+03 
2729100000 8.227375e+03 
2.731250e+09 8.216600e+03 
2733400000 8.212350e+03 
2735550000 8.208725e+03 
2737700000 8.210425e+03 
2.739850e+09 8.162625e+03 
2742000000 8.184700e+03 
2744150000 8.186275e+03 
2.746300e+09 8.187750e+03 
2748450000 8.208725e+03 
2750600000 8.211250e+03 
2752750000 8.216250e+03 
2754900000 8.206875e+03 
2757050000 8.222500e+03 
2759200000 8.215375e+03 
2.761350e+09 8.231925e+03 
2763500000 8.216825e+03 
2765650000 8.251675e+03 
2767800000 8.236375e+03 
2.769950e+09 8.195500e+03 
2772100000 8.204450e+03 
2774250000 8.208650e+03 
2.776400e+09 8.203975e+03 
2778550000 8.197350e+03 
2780700000 8.219550e+03 
2782850000 8.232075e+03 
2785000000 8.210275e+03 
2787150000 8.216600e+03 
2789300000 8.219025e+03 
2791450000 8.236475e+03 
2793600000 8.244150e+03 
2795750000 8.218900e+03 
2797900000 8.234600e+03 
2.800050e+09 8.229500e+03 
2802200000 8.212800e+03 
2804350000 8.210300e+03 
2806500000 8.229725e+03 
2808650000 8.213400e+03 
2810800000 8.202350e+03 
2812950000 8.223425e+03 
2815100000 8.211025e+03 
2817250000 8.228825e+03 
2819400000 8.212400e+03 
2821550000 8.207950e+03 
2823700000 8.227900e+03 
2825850000 8202 
2828000000 8.196400e+03 
2.830150e+09 8.195900e+03 
2832300000 8.240525e+03 
2834450000 8.223975e+03 
2836600000 8.223700e+03 
2838750000 8.245700e+03 
2840900000 8.235950e+03 
2843050000 8.221125e+03 
2845200000 8.212325e+03 
2847350000 8.232550e+03 
2849500000 8.194175e+03 
2851650000 8.207350e+03 
2853800000 8.212050e+03 
2855950000 8.220700e+03 
2858100000 8.203700e+03 
2.860250e+09 8.208725e+03 
2862400000 8.211725e+03 
2864550000 8.210025e+03 
2866700000 8.214300e+03 
2868850000 8.224500e+03 
2871000000 8.192050e+03 
2873150000 8.209150e+03 
2875300000 8.220625e+03 
2877450000 8.221625e+03 
2879600000 8.219125e+03 
2881750000 8.222475e+03 
2883900000 8.232450e+03 
2886050000 8.210150e+03 
2888200000 8.221025e+03 
2.890350e+09 8190 
2892500000 8.224375e+03 
2894650000 8.230325e+03 
2896800000 8.238075e+03 
2898950000 8.228275e+03 
2901100000 8.223825e+03 
2903250000 8.224050e+03 
2905400000 8.243575e+03 
2907550000 8.175025e+03 
2909700000 8.213300e+03 
2911850000 8.241150e+03 
2914000000 8.217175e+03 
2916150000 8.195900e+03 
2918300000 8.220800e+03 
2920450000 8.237025e+03 
2922600000 8.224100e+03 
2924750000 8.223050e+03 
2926900000 8.228400e+03 
2929050000 8.232850e+03 
2931200000 8.242450e+03 
2933350000 8.230600e+03 
2935500000 8.263200e+03 
2937650000 8.231150e+03 
2939800000 8226 
2941950000 8218 
2.944100e+09 8.244675e+03 
2946250000 8.234650e+03 
2948400000 8.240675e+03 
2950550000 8.229200e+03 
2952700000 8.235700e+03 
2954850000 8.216475e+03 
2957000000 8253 
2959150000 8.214525e+03 
2961300000 8.231250e+03 
2963450000 8.228550e+03 
2965600000 8.229600e+03 
2967750000 8.225625e+03 
2969900000 8.235750e+03 
2972050000 8.241875e+03 
2974200000 8.234675e+03 
2976350000 8.253375e+03 
2978500000 8.250550e+03 
2980650000 8.225750e+03 
2982800000 8.217625e+03 
2984950000 8.212125e+03 
2987100000 8.220125e+03 
2989250000 8.222350e+03 
2991400000 8.251225e+03 
2993550000 8.265175e+03 
2995700000 8.232775e+03 
2997850000 8.226875e+03 
3000000000 8.230150e+03 

END
