IGOR
WAVES/D/O sweep,sig(1) 
BEGIN
2570000000 8.151650e+03 
2.572150e+09 8.169300e+03 
2574300000 8.176275e+03 
2576450000 8.173250e+03 
2578600000 8.163825e+03 
2.580750e+09 8.167525e+03 
2582900000 8.138900e+03 
2585050000 8.138550e+03 
2.587200e+09 8.155425e+03 
2589350000 8.138675e+03 
2591500000 8.158300e+03 
2593650000 8.145250e+03 
2.595800e+09 8.142575e+03 
2597950000 8.137850e+03 
2600100000 8.157025e+03 
2.602250e+09 8.149350e+03 
2604400000 8.144350e+03 
2606550000 8.139375e+03 
2608700000 8.154825e+03 
2.610850e+09 8.167250e+03 
2613000000 8.138200e+03 
2615150000 8.157875e+03 
2.617300e+09 8.151075e+03 
2619450000 8.134050e+03 
2621600000 8.134350e+03 
2623750000 8.130850e+03 
2.625900e+09 8.103950e+03 
2628050000 8.094750e+03 
2630200000 8.110950e+03 
2.632350e+09 8.083350e+03 
2634500000 8.117700e+03 
2636650000 8.093100e+03 
2638800000 8.086550e+03 
2.640950e+09 8132 
2643100000 8.139750e+03 
2645250000 8.154800e+03 
2.647400e+09 8.119950e+03 
2649550000 8.145025e+03 
2651700000 8.159100e+03 
2653850000 8.120300e+03 
2.656000e+09 8.139325e+03 
2658150000 8.120875e+03 
2660300000 8.125600e+03 
2.662450e+09 8.128425e+03 
2664600000 8.076975e+03 
2666750000 8.098725e+03 
2668900000 8.083975e+03 
2.671050e+09 8.085725e+03 
2673200000 8.069850e+03 
2675350000 8.086600e+03 
2677500000 8.116775e+03 
2679650000 8.103200e+03 
2681800000 8.114400e+03 
2683950000 8.148525e+03 
2.686100e+09 8.153050e+03 
2688250000 8.138900e+03 
2690400000 8.153075e+03 
2692550000 8.142450e+03 
2694700000 8.127725e+03 
2696850000 8.114125e+03 
2699000000 8.111175e+03 
2.701150e+09 8.095800e+03 
2703300000 8.078575e+03 
2705450000 8.077850e+03 
2707600000 8.069025e+03 
2.709750e+09 8.075225e+03 
2711900000 8.088675e+03 
2714050000 8116 
2.716200e+09 8.100700e+03 
2718350000 8.143150e+03 
2720500000 8.124475e+03 
2722650000 8.152425e+03 
2724800000 8.152175e+03 
2726950000 8.151875e+03 
2729100000 8.114425e+03 
2.731250e+09 8.121250e+03 
2733400000 8.129950e+03 
2735550000 8.134350e+03 
2737700000 8.089925e+03 
2.739850e+09 8.123950e+03 
2742000000 8.107550e+03 
2744150000 8.113875e+03 
2.746300e+09 8.094550e+03 
2748450000 8.124900e+03 
2750600000 8.138500e+03 
2752750000 8132 
2754900000 8.142575e+03 
2757050000 8.129675e+03 
2759200000 8.142350e+03 
2.761350e+09 8.153675e+03 
2763500000 8.149800e+03 
2765650000 8.161425e+03 
2767800000 8.138400e+03 
2.769950e+09 8.146925e+03 
2772100000 8.142375e+03 
2774250000 8.143925e+03 
2.776400e+09 8.148825e+03 
2778550000 8.144150e+03 
2780700000 8.138425e+03 
2782850000 8.138350e+03 
2785000000 8.151050e+03 
2787150000 8.142675e+03 
2789300000 8.157925e+03 
2791450000 8.160150e+03 
2793600000 8.172100e+03 
2795750000 8.157775e+03 
2797900000 8.166600e+03 
2.800050e+09 8.142600e+03 
2802200000 8.123125e+03 
2804350000 8.140050e+03 
2806500000 8.153075e+03 
2808650000 8.142050e+03 
2810800000 8148 
2812950000 8.158925e+03 
2815100000 8.167425e+03 
2817250000 8.144475e+03 
2819400000 8.169475e+03 
2821550000 8.136825e+03 
2823700000 8.134950e+03 
2825850000 8.110800e+03 
2828000000 8.146350e+03 
2.830150e+09 8.159725e+03 
2832300000 8.138925e+03 
2834450000 8.155725e+03 
2836600000 8.152625e+03 
2838750000 8.156050e+03 
2840900000 8.165475e+03 
2843050000 8.166525e+03 
2845200000 8.171725e+03 
2847350000 8.178925e+03 
2849500000 8.140975e+03 
2851650000 8.143425e+03 
2853800000 8.150250e+03 
2855950000 8.165100e+03 
2858100000 8.154025e+03 
2.860250e+09 8.125600e+03 
2862400000 8.155675e+03 
2864550000 8.139425e+03 
2866700000 8.164125e+03 
2868850000 8.160925e+03 
2871000000 8.126675e+03 
2873150000 8.134700e+03 
2875300000 8.156175e+03 
2877450000 8.133300e+03 
2879600000 8.151225e+03 
2881750000 8.152700e+03 
2883900000 8.157075e+03 
2886050000 8.139350e+03 
2888200000 8.140850e+03 
2.890350e+09 8.158900e+03 
2892500000 8.144950e+03 
2894650000 8.160175e+03 
2896800000 8.111525e+03 
2898950000 8.159350e+03 
2901100000 8.153200e+03 
2903250000 8.151225e+03 
2905400000 8.154900e+03 
2907550000 8.161875e+03 
2909700000 8156 
2911850000 8.137525e+03 
2914000000 8.122900e+03 
2916150000 8.135825e+03 
2918300000 8.177100e+03 
2920450000 8.144350e+03 
2922600000 8.158850e+03 
2924750000 8.123100e+03 
2926900000 8.153850e+03 
2929050000 8.129150e+03 
2931200000 8.150725e+03 
2933350000 8.143375e+03 
2935500000 8.151350e+03 
2937650000 8.147150e+03 
2939800000 8.160600e+03 
2941950000 8.161225e+03 
2.944100e+09 8.160425e+03 
2946250000 8.159275e+03 
2948400000 8.164725e+03 
2950550000 8.161250e+03 
2952700000 8.173800e+03 
2954850000 8.150200e+03 
2957000000 8.158300e+03 
2959150000 8.138450e+03 
2961300000 8.156675e+03 
2963450000 8.157450e+03 
2965600000 8.148500e+03 
2967750000 8.157400e+03 
2969900000 8.175550e+03 
2972050000 8136 
2974200000 8.145325e+03 
2976350000 8.128575e+03 
2978500000 8160 
2980650000 8.188475e+03 
2982800000 8.150075e+03 
2984950000 8.146550e+03 
2987100000 8.168400e+03 
2989250000 8.152775e+03 
2991400000 8.142275e+03 
2993550000 8.178100e+03 
2995700000 8.162975e+03 
2997850000 8.176450e+03 
3000000000 8.142200e+03 

END
