IGOR
WAVES/D/O sweep,sig(1) 
BEGIN
2570000000 8.203750e+03 
2.572150e+09 8.195200e+03 
2574300000 8.154700e+03 
2576450000 8.207400e+03 
2578600000 8.196550e+03 
2.580750e+09 8.185500e+03 
2582900000 8.203125e+03 
2585050000 8.210650e+03 
2.587200e+09 8190 
2589350000 8.198925e+03 
2591500000 8.200250e+03 
2593650000 8.185600e+03 
2.595800e+09 8.190275e+03 
2597950000 8.174275e+03 
2600100000 8.171300e+03 
2.602250e+09 8.174975e+03 
2604400000 8.188500e+03 
2606550000 8.186675e+03 
2608700000 8.201575e+03 
2.610850e+09 8.200025e+03 
2613000000 8.181700e+03 
2615150000 8.207425e+03 
2.617300e+09 8191 
2619450000 8.202900e+03 
2621600000 8.175975e+03 
2623750000 8.158425e+03 
2.625900e+09 8.139400e+03 
2628050000 8.160475e+03 
2630200000 8.151325e+03 
2.632350e+09 8.159825e+03 
2634500000 8.128350e+03 
2636650000 8.175150e+03 
2638800000 8.183750e+03 
2.640950e+09 8.195350e+03 
2643100000 8.203525e+03 
2645250000 8.186750e+03 
2.647400e+09 8.184825e+03 
2649550000 8.184025e+03 
2651700000 8.179650e+03 
2653850000 8.178125e+03 
2.656000e+09 8.192925e+03 
2658150000 8.182800e+03 
2660300000 8.189525e+03 
2.662450e+09 8.177525e+03 
2664600000 8.158425e+03 
2666750000 8.145650e+03 
2668900000 8.125825e+03 
2.671050e+09 8.125800e+03 
2673200000 8.112325e+03 
2675350000 8.148575e+03 
2677500000 8.157500e+03 
2679650000 8.168450e+03 
2681800000 8.186175e+03 
2683950000 8.179475e+03 
2.686100e+09 8.193900e+03 
2688250000 8.203250e+03 
2690400000 8.194875e+03 
2692550000 8.183850e+03 
2694700000 8197 
2696850000 8.150425e+03 
2699000000 8.145575e+03 
2.701150e+09 8.137475e+03 
2703300000 8.125275e+03 
2705450000 8.126325e+03 
2707600000 8.122350e+03 
2.709750e+09 8.130750e+03 
2711900000 8.150800e+03 
2714050000 8.148650e+03 
2.716200e+09 8.178200e+03 
2718350000 8.184675e+03 
2720500000 8.187075e+03 
2722650000 8.203925e+03 
2724800000 8.176950e+03 
2726950000 8.173525e+03 
2729100000 8.195725e+03 
2.731250e+09 8.195400e+03 
2733400000 8.153050e+03 
2735550000 8.182600e+03 
2737700000 8.191425e+03 
2.739850e+09 8.169025e+03 
2742000000 8.150175e+03 
2744150000 8.158175e+03 
2.746300e+09 8.162375e+03 
2748450000 8.158825e+03 
2750600000 8.173975e+03 
2752750000 8.162175e+03 
2754900000 8.185925e+03 
2757050000 8.210875e+03 
2759200000 8.181550e+03 
2.761350e+09 8.187425e+03 
2763500000 8.211900e+03 
2765650000 8.186225e+03 
2767800000 8.205975e+03 
2.769950e+09 8.169675e+03 
2772100000 8.183050e+03 
2774250000 8.193625e+03 
2.776400e+09 8.184150e+03 
2778550000 8.180350e+03 
2780700000 8.180475e+03 
2782850000 8.187050e+03 
2785000000 8.192725e+03 
2787150000 8.172075e+03 
2789300000 8.174350e+03 
2791450000 8.168375e+03 
2793600000 8198 
2795750000 8.162750e+03 
2797900000 8.209175e+03 
2.800050e+09 8.207225e+03 
2802200000 8.212600e+03 
2804350000 8.178825e+03 
2806500000 8.169225e+03 
2808650000 8.182700e+03 
2810800000 8.195625e+03 
2812950000 8.174650e+03 
2815100000 8.181075e+03 
2817250000 8.180650e+03 
2819400000 8.188050e+03 
2821550000 8.196825e+03 
2823700000 8.195375e+03 
2825850000 8.182800e+03 
2828000000 8.188475e+03 
2.830150e+09 8.203350e+03 
2832300000 8199 
2834450000 8.214275e+03 
2836600000 8.171700e+03 
2838750000 8.170200e+03 
2840900000 8.188425e+03 
2843050000 8.173800e+03 
2845200000 8.185900e+03 
2847350000 8.200925e+03 
2849500000 8.194900e+03 
2851650000 8.182625e+03 
2853800000 8.176675e+03 
2855950000 8.184025e+03 
2858100000 8.169600e+03 
2.860250e+09 8.165750e+03 
2862400000 8.174575e+03 
2864550000 8.193200e+03 
2866700000 8.182950e+03 
2868850000 8.192900e+03 
2871000000 8.206775e+03 
2873150000 8.205250e+03 
2875300000 8.196850e+03 
2877450000 8.197100e+03 
2879600000 8.186700e+03 
2881750000 8.195700e+03 
2883900000 8.192375e+03 
2886050000 8.186700e+03 
2888200000 8.189425e+03 
2.890350e+09 8.209450e+03 
2892500000 8.206550e+03 
2894650000 8.207300e+03 
2896800000 8.214400e+03 
2898950000 8.213550e+03 
2901100000 8.201900e+03 
2903250000 8.188475e+03 
2905400000 8.179300e+03 
2907550000 8.195700e+03 
2909700000 8.188900e+03 
2911850000 8.197550e+03 
2914000000 8.178775e+03 
2916150000 8.183475e+03 
2918300000 8.173225e+03 
2920450000 8.206525e+03 
2922600000 8.188800e+03 
2924750000 8.189350e+03 
2926900000 8.195725e+03 
2929050000 8.186175e+03 
2931200000 8.186850e+03 
2933350000 8.176625e+03 
2935500000 8.168675e+03 
2937650000 8.191675e+03 
2939800000 8.191350e+03 
2941950000 8187 
2.944100e+09 8.191425e+03 
2946250000 8.194425e+03 
2948400000 8.198825e+03 
2950550000 8.163950e+03 
2952700000 8.186575e+03 
2954850000 8.176750e+03 
2957000000 8.195950e+03 
2959150000 8.181375e+03 
2961300000 8.199050e+03 
2963450000 8.215375e+03 
2965600000 8.184425e+03 
2967750000 8.189425e+03 
2969900000 8.205550e+03 
2972050000 8.187850e+03 
2974200000 8.186500e+03 
2976350000 8.180800e+03 
2978500000 8.179725e+03 
2980650000 8.189550e+03 
2982800000 8.186225e+03 
2984950000 8.185800e+03 
2987100000 8.204200e+03 
2989250000 8.210825e+03 
2991400000 8.196050e+03 
2993550000 8.193125e+03 
2995700000 8.205075e+03 
2997850000 8.192825e+03 
3000000000 8.200475e+03 

END
