IGOR
WAVES/D/O sweep,sig(1) 
BEGIN
2570000000 8.253025e+03 
2.572150e+09 8.259300e+03 
2574300000 8.252300e+03 
2576450000 8.259250e+03 
2578600000 8.273700e+03 
2.580750e+09 8.256025e+03 
2582900000 8.265350e+03 
2585050000 8.263900e+03 
2.587200e+09 8.262275e+03 
2589350000 8.247800e+03 
2591500000 8.256950e+03 
2593650000 8.273275e+03 
2.595800e+09 8.278825e+03 
2597950000 8.278600e+03 
2600100000 8.269825e+03 
2.602250e+09 8.243075e+03 
2604400000 8.250525e+03 
2606550000 8.259300e+03 
2608700000 8.241350e+03 
2.610850e+09 8.262900e+03 
2613000000 8.260675e+03 
2615150000 8.235425e+03 
2.617300e+09 8.258175e+03 
2619450000 8.253375e+03 
2621600000 8213 
2623750000 8.228200e+03 
2.625900e+09 8.212225e+03 
2628050000 8.201025e+03 
2630200000 8.216250e+03 
2.632350e+09 8.199975e+03 
2634500000 8.229300e+03 
2636650000 8.232150e+03 
2638800000 8.231750e+03 
2.640950e+09 8.222525e+03 
2643100000 8.240525e+03 
2645250000 8.261200e+03 
2.647400e+09 8.259200e+03 
2649550000 8.275300e+03 
2651700000 8.249900e+03 
2653850000 8.254325e+03 
2.656000e+09 8.239775e+03 
2658150000 8.253575e+03 
2660300000 8.237225e+03 
2.662450e+09 8.239800e+03 
2664600000 8.192025e+03 
2666750000 8225 
2668900000 8.200600e+03 
2.671050e+09 8.197675e+03 
2673200000 8.197275e+03 
2675350000 8.201300e+03 
2677500000 8.215525e+03 
2679650000 8.236525e+03 
2681800000 8.245025e+03 
2683950000 8.236550e+03 
2.686100e+09 8.242650e+03 
2688250000 8.255175e+03 
2690400000 8.262675e+03 
2692550000 8.259225e+03 
2694700000 8.245750e+03 
2696850000 8.237375e+03 
2699000000 8.225525e+03 
2.701150e+09 8.194450e+03 
2703300000 8.188050e+03 
2705450000 8.169700e+03 
2707600000 8.188625e+03 
2.709750e+09 8.179825e+03 
2711900000 8.221400e+03 
2714050000 8.256100e+03 
2.716200e+09 8.250350e+03 
2718350000 8.276625e+03 
2720500000 8.272475e+03 
2722650000 8.252025e+03 
2724800000 8.252875e+03 
2726950000 8.250475e+03 
2729100000 8.266750e+03 
2.731250e+09 8.244525e+03 
2733400000 8.236175e+03 
2735550000 8.224525e+03 
2737700000 8.222350e+03 
2.739850e+09 8.233525e+03 
2742000000 8.218300e+03 
2744150000 8.248975e+03 
2.746300e+09 8.237775e+03 
2748450000 8.233875e+03 
2750600000 8.262225e+03 
2752750000 8.256675e+03 
2754900000 8.262850e+03 
2757050000 8.275850e+03 
2759200000 8.255075e+03 
2.761350e+09 8.268150e+03 
2763500000 8.273125e+03 
2765650000 8.245425e+03 
2767800000 8.259175e+03 
2.769950e+09 8.235600e+03 
2772100000 8.264350e+03 
2774250000 8.260150e+03 
2.776400e+09 8.259725e+03 
2778550000 8.262650e+03 
2780700000 8.258225e+03 
2782850000 8.266800e+03 
2785000000 8.270825e+03 
2787150000 8.243350e+03 
2789300000 8.251200e+03 
2791450000 8.263850e+03 
2793600000 8.265350e+03 
2795750000 8.238025e+03 
2797900000 8.279100e+03 
2.800050e+09 8.264800e+03 
2802200000 8.276850e+03 
2804350000 8.281325e+03 
2806500000 8.265350e+03 
2808650000 8.243450e+03 
2810800000 8.282475e+03 
2812950000 8.263275e+03 
2815100000 8.262050e+03 
2817250000 8.266725e+03 
2819400000 8.275875e+03 
2821550000 8.249275e+03 
2823700000 8.259050e+03 
2825850000 8.240675e+03 
2828000000 8.258750e+03 
2.830150e+09 8.233275e+03 
2832300000 8.257975e+03 
2834450000 8.265650e+03 
2836600000 8.268800e+03 
2838750000 8.228975e+03 
2840900000 8.228425e+03 
2843050000 8.266900e+03 
2845200000 8.270325e+03 
2847350000 8.262050e+03 
2849500000 8.277125e+03 
2851650000 8.259550e+03 
2853800000 8.241300e+03 
2855950000 8.287475e+03 
2858100000 8.254625e+03 
2.860250e+09 8.274725e+03 
2862400000 8.286675e+03 
2864550000 8.256525e+03 
2866700000 8.261150e+03 
2868850000 8.259675e+03 
2871000000 8.273200e+03 
2873150000 8.277325e+03 
2875300000 8.263700e+03 
2877450000 8272 
2879600000 8.267075e+03 
2881750000 8.250750e+03 
2883900000 8.243900e+03 
2886050000 8.249250e+03 
2888200000 8.259525e+03 
2.890350e+09 8.253125e+03 
2892500000 8.253600e+03 
2894650000 8.258200e+03 
2896800000 8.251250e+03 
2898950000 8.278650e+03 
2901100000 8.269475e+03 
2903250000 8.247375e+03 
2905400000 8.253325e+03 
2907550000 8.251625e+03 
2909700000 8.254100e+03 
2911850000 8.265900e+03 
2914000000 8.291125e+03 
2916150000 8.279925e+03 
2918300000 8.276075e+03 
2920450000 8.293325e+03 
2922600000 8.278475e+03 
2924750000 8.260400e+03 
2926900000 8.280700e+03 
2929050000 8.263625e+03 
2931200000 8.252075e+03 
2933350000 8.284525e+03 
2935500000 8.294925e+03 
2937650000 8.273200e+03 
2939800000 8.276825e+03 
2941950000 8.241275e+03 
2.944100e+09 8.258225e+03 
2946250000 8.263800e+03 
2948400000 8.255025e+03 
2950550000 8.264025e+03 
2952700000 8.274325e+03 
2954850000 8.270600e+03 
2957000000 8.269325e+03 
2959150000 8.289725e+03 
2961300000 8.272625e+03 
2963450000 8.261225e+03 
2965600000 8.266225e+03 
2967750000 8.285525e+03 
2969900000 8.299975e+03 
2972050000 8.271750e+03 
2974200000 8.269450e+03 
2976350000 8.293300e+03 
2978500000 8.297700e+03 
2980650000 8.272150e+03 
2982800000 8.280075e+03 
2984950000 8.292325e+03 
2987100000 8.284175e+03 
2989250000 8.289275e+03 
2991400000 8.275675e+03 
2993550000 8.269900e+03 
2995700000 8.277375e+03 
2997850000 8.248675e+03 
3000000000 8.286850e+03 

END
