IGOR
WAVES/D/O sweep,sig(1) 
BEGIN
2570000000 8.307450e+03 
2.572150e+09 8.339125e+03 
2574300000 8.323450e+03 
2576450000 8.335275e+03 
2578600000 8.323975e+03 
2.580750e+09 8.333175e+03 
2582900000 8.332925e+03 
2585050000 8.306050e+03 
2.587200e+09 8.319375e+03 
2589350000 8.331125e+03 
2591500000 8.323400e+03 
2593650000 8.311300e+03 
2.595800e+09 8.341950e+03 
2597950000 8.316075e+03 
2600100000 8.323750e+03 
2.602250e+09 8.320375e+03 
2604400000 8.318450e+03 
2606550000 8.327700e+03 
2608700000 8.322975e+03 
2.610850e+09 8.321300e+03 
2613000000 8.333825e+03 
2615150000 8.313350e+03 
2.617300e+09 8.316100e+03 
2619450000 8.336150e+03 
2621600000 8.294200e+03 
2623750000 8.285800e+03 
2.625900e+09 8.304225e+03 
2628050000 8.275875e+03 
2630200000 8.288875e+03 
2.632350e+09 8.274325e+03 
2634500000 8.282675e+03 
2636650000 8.302025e+03 
2638800000 8.300600e+03 
2.640950e+09 8.307100e+03 
2643100000 8.294725e+03 
2645250000 8.325500e+03 
2.647400e+09 8.324325e+03 
2649550000 8.343350e+03 
2651700000 8.302975e+03 
2653850000 8.305675e+03 
2.656000e+09 8.317375e+03 
2658150000 8.338225e+03 
2660300000 8.299075e+03 
2.662450e+09 8.281625e+03 
2664600000 8.267025e+03 
2666750000 8.277150e+03 
2668900000 8.250375e+03 
2.671050e+09 8.253225e+03 
2673200000 8.255625e+03 
2675350000 8.275700e+03 
2677500000 8.291300e+03 
2679650000 8.280950e+03 
2681800000 8.324225e+03 
2683950000 8.293025e+03 
2.686100e+09 8.319500e+03 
2688250000 8.313850e+03 
2690400000 8.300025e+03 
2692550000 8.304025e+03 
2694700000 8.295775e+03 
2696850000 8.277550e+03 
2699000000 8.273650e+03 
2.701150e+09 8.278750e+03 
2703300000 8.257625e+03 
2705450000 8.251300e+03 
2707600000 8.250850e+03 
2.709750e+09 8.254500e+03 
2711900000 8.285275e+03 
2714050000 8.289500e+03 
2.716200e+09 8.298775e+03 
2718350000 8.338800e+03 
2720500000 8.324875e+03 
2722650000 8.314575e+03 
2724800000 8.321950e+03 
2726950000 8.324975e+03 
2729100000 8.326700e+03 
2.731250e+09 8.318550e+03 
2733400000 8.309775e+03 
2735550000 8.300525e+03 
2737700000 8299 
2.739850e+09 8.289100e+03 
2742000000 8.283450e+03 
2744150000 8.298975e+03 
2.746300e+09 8.306450e+03 
2748450000 8.284350e+03 
2750600000 8.301400e+03 
2752750000 8.321050e+03 
2754900000 8.323125e+03 
2757050000 8.301700e+03 
2759200000 8.325625e+03 
2.761350e+09 8.335450e+03 
2763500000 8.313650e+03 
2765650000 8.327200e+03 
2767800000 8.317425e+03 
2.769950e+09 8.326775e+03 
2772100000 8.314975e+03 
2774250000 8.301675e+03 
2.776400e+09 8.328525e+03 
2778550000 8.312750e+03 
2780700000 8.325625e+03 
2782850000 8.316875e+03 
2785000000 8.323375e+03 
2787150000 8.346675e+03 
2789300000 8.329450e+03 
2791450000 8.314175e+03 
2793600000 8.307475e+03 
2795750000 8.320550e+03 
2797900000 8.320950e+03 
2.800050e+09 8.317775e+03 
2802200000 8.308450e+03 
2804350000 8.314625e+03 
2806500000 8.345700e+03 
2808650000 8.314950e+03 
2810800000 8.307575e+03 
2812950000 8.319950e+03 
2815100000 8.318675e+03 
2817250000 8.328400e+03 
2819400000 8.328650e+03 
2821550000 8.346250e+03 
2823700000 8.328300e+03 
2825850000 8.337125e+03 
2828000000 8.324550e+03 
2.830150e+09 8329 
2832300000 8.322100e+03 
2834450000 8.320500e+03 
2836600000 8.317650e+03 
2838750000 8.323175e+03 
2840900000 8.316500e+03 
2843050000 8.330400e+03 
2845200000 8.330375e+03 
2847350000 8.311350e+03 
2849500000 8.333675e+03 
2851650000 8.340250e+03 
2853800000 8.324125e+03 
2855950000 8.322375e+03 
2858100000 8.340950e+03 
2.860250e+09 8.330650e+03 
2862400000 8.321075e+03 
2864550000 8.334150e+03 
2866700000 8.323050e+03 
2868850000 8.324150e+03 
2871000000 8.331200e+03 
2873150000 8.302200e+03 
2875300000 8.335550e+03 
2877450000 8.338700e+03 
2879600000 8.322475e+03 
2881750000 8.329425e+03 
2883900000 8.316775e+03 
2886050000 8.318050e+03 
2888200000 8.334525e+03 
2.890350e+09 8.353150e+03 
2892500000 8.323550e+03 
2894650000 8.331800e+03 
2896800000 8.350400e+03 
2898950000 8.318400e+03 
2901100000 8.344225e+03 
2903250000 8.346100e+03 
2905400000 8.320200e+03 
2907550000 8.334100e+03 
2909700000 8.330725e+03 
2911850000 8308 
2914000000 8.307425e+03 
2916150000 8.338750e+03 
2918300000 8.343800e+03 
2920450000 8.343300e+03 
2922600000 8.332600e+03 
2924750000 8.333500e+03 
2926900000 8.326100e+03 
2929050000 8.329200e+03 
2931200000 8.343525e+03 
2933350000 8.332500e+03 
2935500000 8.324250e+03 
2937650000 8.347450e+03 
2939800000 8.324800e+03 
2941950000 8.336900e+03 
2.944100e+09 8.327925e+03 
2946250000 8.314125e+03 
2948400000 8.362675e+03 
2950550000 8.323375e+03 
2952700000 8.335325e+03 
2954850000 8339 
2957000000 8.313300e+03 
2959150000 8.331100e+03 
2961300000 8.326625e+03 
2963450000 8.322175e+03 
2965600000 8.362550e+03 
2967750000 8.336275e+03 
2969900000 8.321650e+03 
2972050000 8.333950e+03 
2974200000 8.327750e+03 
2976350000 8.340450e+03 
2978500000 8.325300e+03 
2980650000 8.324500e+03 
2982800000 8.336675e+03 
2984950000 8.342250e+03 
2987100000 8.356475e+03 
2989250000 8.328650e+03 
2991400000 8.330275e+03 
2993550000 8.331900e+03 
2995700000 8.335200e+03 
2997850000 8.323450e+03 
3000000000 8.334550e+03 

END
