IGOR
WAVES/D/O sweep,sig(1) 
BEGIN
2570000000 8.433600e+03 
2.572150e+09 8.421175e+03 
2574300000 8.476400e+03 
2576450000 8.415475e+03 
2578600000 8.411650e+03 
2.580750e+09 8.432375e+03 
2582900000 8.441175e+03 
2585050000 8.435925e+03 
2.587200e+09 8.421200e+03 
2589350000 8.426600e+03 
2591500000 8.446275e+03 
2593650000 8.409625e+03 
2.595800e+09 8.396025e+03 
2597950000 8.411400e+03 
2600100000 8.406675e+03 
2.602250e+09 8.399525e+03 
2604400000 8.411475e+03 
2606550000 8.440625e+03 
2608700000 8.407625e+03 
2.610850e+09 8.440850e+03 
2613000000 8.425600e+03 
2615150000 8.422500e+03 
2.617300e+09 8.412850e+03 
2619450000 8.404800e+03 
2621600000 8.397800e+03 
2623750000 8.392475e+03 
2.625900e+09 8.405475e+03 
2628050000 8.396950e+03 
2630200000 8.386950e+03 
2.632350e+09 8.368725e+03 
2634500000 8.349525e+03 
2636650000 8.353550e+03 
2638800000 8.390750e+03 
2.640950e+09 8.396625e+03 
2643100000 8.394900e+03 
2645250000 8.400775e+03 
2.647400e+09 8.398400e+03 
2649550000 8.400625e+03 
2651700000 8.439700e+03 
2653850000 8.446625e+03 
2.656000e+09 8.392600e+03 
2658150000 8.403350e+03 
2660300000 8.403625e+03 
2.662450e+09 8.382250e+03 
2664600000 8.380225e+03 
2666750000 8.365050e+03 
2668900000 8.329800e+03 
2.671050e+09 8.345725e+03 
2673200000 8.326500e+03 
2675350000 8.338825e+03 
2677500000 8.379475e+03 
2679650000 8.395225e+03 
2681800000 8.392225e+03 
2683950000 8.417150e+03 
2.686100e+09 8.388100e+03 
2688250000 8.432050e+03 
2690400000 8.399950e+03 
2692550000 8.390650e+03 
2694700000 8.414200e+03 
2696850000 8.360900e+03 
2699000000 8.360950e+03 
2.701150e+09 8.332200e+03 
2703300000 8.323500e+03 
2705450000 8.332325e+03 
2707600000 8.312175e+03 
2.709750e+09 8.354100e+03 
2711900000 8.369975e+03 
2714050000 8.384575e+03 
2.716200e+09 8.389875e+03 
2718350000 8.372825e+03 
2720500000 8.386525e+03 
2722650000 8.416950e+03 
2724800000 8.426950e+03 
2726950000 8.412550e+03 
2729100000 8.399075e+03 
2.731250e+09 8.392200e+03 
2733400000 8.387050e+03 
2735550000 8.352900e+03 
2737700000 8.402150e+03 
2.739850e+09 8.387675e+03 
2742000000 8.391075e+03 
2744150000 8.363375e+03 
2.746300e+09 8.377125e+03 
2748450000 8.387675e+03 
2750600000 8.376725e+03 
2752750000 8.364425e+03 
2754900000 8.387750e+03 
2757050000 8.398975e+03 
2759200000 8.387575e+03 
2.761350e+09 8.399300e+03 
2763500000 8.405325e+03 
2765650000 8.366650e+03 
2767800000 8.398575e+03 
2.769950e+09 8.391500e+03 
2772100000 8.414550e+03 
2774250000 8.386700e+03 
2.776400e+09 8.406050e+03 
2778550000 8.416750e+03 
2780700000 8.420275e+03 
2782850000 8.384650e+03 
2785000000 8.388275e+03 
2787150000 8.395050e+03 
2789300000 8.394250e+03 
2791450000 8.406250e+03 
2793600000 8.387450e+03 
2795750000 8.413500e+03 
2797900000 8.385400e+03 
2.800050e+09 8.389050e+03 
2802200000 8382 
2804350000 8.415125e+03 
2806500000 8.397300e+03 
2808650000 8.406075e+03 
2810800000 8.410025e+03 
2812950000 8.390675e+03 
2815100000 8.385075e+03 
2817250000 8.387050e+03 
2819400000 8.422850e+03 
2821550000 8.380500e+03 
2823700000 8.411650e+03 
2825850000 8.413575e+03 
2828000000 8.413525e+03 
2.830150e+09 8.407850e+03 
2832300000 8.388900e+03 
2834450000 8.400875e+03 
2836600000 8.410550e+03 
2838750000 8.379250e+03 
2840900000 8.374575e+03 
2843050000 8.391625e+03 
2845200000 8.396375e+03 
2847350000 8.405600e+03 
2849500000 8.398225e+03 
2851650000 8.414625e+03 
2853800000 8.378625e+03 
2855950000 8.382450e+03 
2858100000 8.383175e+03 
2.860250e+09 8.376825e+03 
2862400000 8.390275e+03 
2864550000 8.369150e+03 
2866700000 8.378425e+03 
2868850000 8.388300e+03 
2871000000 8.357475e+03 
2873150000 8.386375e+03 
2875300000 8.375200e+03 
2877450000 8.398425e+03 
2879600000 8.388300e+03 
2881750000 8.372375e+03 
2883900000 8.360450e+03 
2886050000 8.391650e+03 
2888200000 8.391400e+03 
2.890350e+09 8.400050e+03 
2892500000 8.413875e+03 
2894650000 8.382750e+03 
2896800000 8.405275e+03 
2898950000 8.412875e+03 
2901100000 8.407100e+03 
2903250000 8.392850e+03 
2905400000 8.392800e+03 
2907550000 8.422750e+03 
2909700000 8.396600e+03 
2911850000 8.386875e+03 
2914000000 8.412600e+03 
2916150000 8.382300e+03 
2918300000 8.424700e+03 
2920450000 8.400375e+03 
2922600000 8.385750e+03 
2924750000 8.395350e+03 
2926900000 8.408750e+03 
2929050000 8.400375e+03 
2931200000 8.406100e+03 
2933350000 8.402225e+03 
2935500000 8.397150e+03 
2937650000 8.410325e+03 
2939800000 8.432375e+03 
2941950000 8.390825e+03 
2.944100e+09 8.429975e+03 
2946250000 8.398425e+03 
2948400000 8.381750e+03 
2950550000 8.374425e+03 
2952700000 8.396550e+03 
2954850000 8.411025e+03 
2957000000 8.435925e+03 
2959150000 8.410075e+03 
2961300000 8.410825e+03 
2963450000 8.405650e+03 
2965600000 8.399975e+03 
2967750000 8.418625e+03 
2969900000 8.419125e+03 
2972050000 8.408500e+03 
2974200000 8.421100e+03 
2976350000 8.451975e+03 
2978500000 8.416250e+03 
2980650000 8.410775e+03 
2982800000 8.410675e+03 
2984950000 8.396650e+03 
2987100000 8.437325e+03 
2989250000 8.433725e+03 
2991400000 8.419175e+03 
2993550000 8.402575e+03 
2995700000 8.392325e+03 
2997850000 8.387575e+03 
3000000000 8.419450e+03 

END
