IGOR
WAVES/D/O sweep,sig(1) 
BEGIN
2570000000 8.349350e+03 
2.572150e+09 8.310125e+03 
2574300000 8.310975e+03 
2576450000 8.320300e+03 
2578600000 8.334125e+03 
2.580750e+09 8.337350e+03 
2582900000 8.325675e+03 
2585050000 8.337125e+03 
2.587200e+09 8.305350e+03 
2589350000 8.364250e+03 
2591500000 8.313525e+03 
2593650000 8.311275e+03 
2.595800e+09 8.314250e+03 
2597950000 8.313550e+03 
2600100000 8.322375e+03 
2.602250e+09 8.329275e+03 
2604400000 8.327200e+03 
2606550000 8.341500e+03 
2608700000 8.310275e+03 
2.610850e+09 8.337125e+03 
2613000000 8.349950e+03 
2615150000 8.306475e+03 
2.617300e+09 8.329350e+03 
2619450000 8.327975e+03 
2621600000 8.312200e+03 
2623750000 8.310975e+03 
2.625900e+09 8.296525e+03 
2628050000 8.275375e+03 
2630200000 8.280925e+03 
2.632350e+09 8.270325e+03 
2634500000 8.299475e+03 
2636650000 8.280550e+03 
2638800000 8.291800e+03 
2.640950e+09 8.324075e+03 
2643100000 8.315575e+03 
2645250000 8.326425e+03 
2.647400e+09 8.339775e+03 
2649550000 8.320050e+03 
2651700000 8.306225e+03 
2653850000 8.331325e+03 
2.656000e+09 8.340700e+03 
2658150000 8.338600e+03 
2660300000 8.307100e+03 
2.662450e+09 8.314675e+03 
2664600000 8.284400e+03 
2666750000 8.255275e+03 
2668900000 8.266425e+03 
2.671050e+09 8.263575e+03 
2673200000 8.250975e+03 
2675350000 8.269050e+03 
2677500000 8.287200e+03 
2679650000 8.292875e+03 
2681800000 8.302100e+03 
2683950000 8.335350e+03 
2.686100e+09 8.307300e+03 
2688250000 8.346875e+03 
2690400000 8.326550e+03 
2692550000 8.324075e+03 
2694700000 8.306500e+03 
2696850000 8.316875e+03 
2699000000 8.289225e+03 
2.701150e+09 8.284750e+03 
2703300000 8.267975e+03 
2705450000 8247 
2707600000 8.250150e+03 
2.709750e+09 8.276600e+03 
2711900000 8.270425e+03 
2714050000 8.287850e+03 
2.716200e+09 8.308375e+03 
2718350000 8.312650e+03 
2720500000 8.323775e+03 
2722650000 8.325625e+03 
2724800000 8.324850e+03 
2726950000 8.312050e+03 
2729100000 8.310025e+03 
2.731250e+09 8.338500e+03 
2733400000 8.332850e+03 
2735550000 8.295275e+03 
2737700000 8.295575e+03 
2.739850e+09 8.287850e+03 
2742000000 8.307450e+03 
2744150000 8.318250e+03 
2.746300e+09 8.294325e+03 
2748450000 8.300875e+03 
2750600000 8.302125e+03 
2752750000 8.317175e+03 
2754900000 8.333700e+03 
2757050000 8.331450e+03 
2759200000 8.328300e+03 
2.761350e+09 8.311725e+03 
2763500000 8.313275e+03 
2765650000 8.331850e+03 
2767800000 8.332300e+03 
2.769950e+09 8.324950e+03 
2772100000 8.319900e+03 
2774250000 8.319500e+03 
2.776400e+09 8.324100e+03 
2778550000 8.318925e+03 
2780700000 8.329350e+03 
2782850000 8.320200e+03 
2785000000 8.315150e+03 
2787150000 8.328800e+03 
2789300000 8.303475e+03 
2791450000 8.315050e+03 
2793600000 8.324150e+03 
2795750000 8.328050e+03 
2797900000 8.323050e+03 
2.800050e+09 8.309475e+03 
2802200000 8.327175e+03 
2804350000 8.312375e+03 
2806500000 8.313900e+03 
2808650000 8.315125e+03 
2810800000 8.310525e+03 
2812950000 8.320700e+03 
2815100000 8.308450e+03 
2817250000 8.333075e+03 
2819400000 8.318100e+03 
2821550000 8.325350e+03 
2823700000 8.314900e+03 
2825850000 8.321825e+03 
2828000000 8.319450e+03 
2.830150e+09 8.336325e+03 
2832300000 8.301975e+03 
2834450000 8.320675e+03 
2836600000 8.296250e+03 
2838750000 8.326625e+03 
2840900000 8.323900e+03 
2843050000 8.294875e+03 
2845200000 8.329725e+03 
2847350000 8.332725e+03 
2849500000 8.306125e+03 
2851650000 8.318425e+03 
2853800000 8.316100e+03 
2855950000 8.318975e+03 
2858100000 8.300275e+03 
2.860250e+09 8.315625e+03 
2862400000 8.336625e+03 
2864550000 8.329150e+03 
2866700000 8.315900e+03 
2868850000 8.315475e+03 
2871000000 8.333700e+03 
2873150000 8.322200e+03 
2875300000 8.312950e+03 
2877450000 8.324200e+03 
2879600000 8.329250e+03 
2881750000 8.318225e+03 
2883900000 8.322700e+03 
2886050000 8.317200e+03 
2888200000 8.322300e+03 
2.890350e+09 8.330975e+03 
2892500000 8.327050e+03 
2894650000 8.312175e+03 
2896800000 8.304125e+03 
2898950000 8.320575e+03 
2901100000 8.303900e+03 
2903250000 8.319450e+03 
2905400000 8.318425e+03 
2907550000 8.314625e+03 
2909700000 8.310750e+03 
2911850000 8.327175e+03 
2914000000 8.319175e+03 
2916150000 8.345900e+03 
2918300000 8317 
2920450000 8.330450e+03 
2922600000 8.316075e+03 
2924750000 8.321775e+03 
2926900000 8.323425e+03 
2929050000 8.332775e+03 
2931200000 8.337500e+03 
2933350000 8.309975e+03 
2935500000 8.334050e+03 
2937650000 8.329050e+03 
2939800000 8.336450e+03 
2941950000 8.311775e+03 
2.944100e+09 8.302200e+03 
2946250000 8.321850e+03 
2948400000 8.314325e+03 
2950550000 8.307700e+03 
2952700000 8.331075e+03 
2954850000 8.322400e+03 
2957000000 8.306875e+03 
2959150000 8.326450e+03 
2961300000 8.335225e+03 
2963450000 8.324750e+03 
2965600000 8.315200e+03 
2967750000 8.322200e+03 
2969900000 8.313250e+03 
2972050000 8.317450e+03 
2974200000 8.331825e+03 
2976350000 8.321600e+03 
2978500000 8.331675e+03 
2980650000 8.329750e+03 
2982800000 8.309050e+03 
2984950000 8.323175e+03 
2987100000 8.335125e+03 
2989250000 8.335925e+03 
2991400000 8.339925e+03 
2993550000 8.317450e+03 
2995700000 8.329900e+03 
2997850000 8.331375e+03 
3000000000 8.316300e+03 

END
