IGOR
WAVES/D/O sweep,sig(1) 
BEGIN
2570000000 8.152925e+03 
2.572150e+09 8.167025e+03 
2574300000 8.182350e+03 
2576450000 8.143475e+03 
2578600000 8.171650e+03 
2.580750e+09 8.168225e+03 
2582900000 8.173825e+03 
2585050000 8.168200e+03 
2.587200e+09 8.169075e+03 
2589350000 8.175200e+03 
2591500000 8.174775e+03 
2593650000 8.152975e+03 
2.595800e+09 8.154200e+03 
2597950000 8.186200e+03 
2600100000 8.161750e+03 
2.602250e+09 8.165025e+03 
2604400000 8.157450e+03 
2606550000 8.153975e+03 
2608700000 8.188725e+03 
2.610850e+09 8.170700e+03 
2613000000 8.169125e+03 
2615150000 8.157050e+03 
2.617300e+09 8.154900e+03 
2619450000 8.162875e+03 
2621600000 8.154600e+03 
2623750000 8.169150e+03 
2.625900e+09 8.148900e+03 
2628050000 8.140675e+03 
2630200000 8.122750e+03 
2.632350e+09 8.139175e+03 
2634500000 8.125075e+03 
2636650000 8.141375e+03 
2638800000 8.143400e+03 
2.640950e+09 8.148050e+03 
2643100000 8.146375e+03 
2645250000 8.152025e+03 
2.647400e+09 8.162200e+03 
2649550000 8.155100e+03 
2651700000 8.165200e+03 
2653850000 8.177200e+03 
2.656000e+09 8.164625e+03 
2658150000 8.141400e+03 
2660300000 8.140375e+03 
2.662450e+09 8.129950e+03 
2664600000 8.124475e+03 
2666750000 8.095900e+03 
2668900000 8.091175e+03 
2.671050e+09 8.083600e+03 
2673200000 8.111725e+03 
2675350000 8.125025e+03 
2677500000 8.116225e+03 
2679650000 8.123050e+03 
2681800000 8.160725e+03 
2683950000 8.172075e+03 
2.686100e+09 8.177100e+03 
2688250000 8.179525e+03 
2690400000 8.171250e+03 
2692550000 8.147100e+03 
2694700000 8.153675e+03 
2696850000 8.159450e+03 
2699000000 8.142200e+03 
2.701150e+09 8.118725e+03 
2703300000 8.105900e+03 
2705450000 8.093075e+03 
2707600000 8.092600e+03 
2.709750e+09 8.116525e+03 
2711900000 8.146500e+03 
2714050000 8.147300e+03 
2.716200e+09 8.151350e+03 
2718350000 8.163300e+03 
2720500000 8.158250e+03 
2722650000 8.167825e+03 
2724800000 8.172825e+03 
2726950000 8.158925e+03 
2729100000 8.165575e+03 
2.731250e+09 8.146325e+03 
2733400000 8.163925e+03 
2735550000 8.135625e+03 
2737700000 8.128475e+03 
2.739850e+09 8.129300e+03 
2742000000 8.123375e+03 
2744150000 8.153350e+03 
2.746300e+09 8.126300e+03 
2748450000 8.162475e+03 
2750600000 8.182575e+03 
2752750000 8.158050e+03 
2754900000 8.178775e+03 
2757050000 8.171100e+03 
2759200000 8.165600e+03 
2.761350e+09 8.158725e+03 
2763500000 8.160775e+03 
2765650000 8.169950e+03 
2767800000 8.162925e+03 
2.769950e+09 8.171575e+03 
2772100000 8.183325e+03 
2774250000 8.180425e+03 
2.776400e+09 8.189100e+03 
2778550000 8.178625e+03 
2780700000 8.169875e+03 
2782850000 8.160600e+03 
2785000000 8.169625e+03 
2787150000 8.163250e+03 
2789300000 8.198075e+03 
2791450000 8.171900e+03 
2793600000 8169 
2795750000 8.179750e+03 
2797900000 8.163650e+03 
2.800050e+09 8.162125e+03 
2802200000 8.157250e+03 
2804350000 8.170375e+03 
2806500000 8.187350e+03 
2808650000 8.180225e+03 
2810800000 8.185800e+03 
2812950000 8.161025e+03 
2815100000 8.172150e+03 
2817250000 8.181550e+03 
2819400000 8.199275e+03 
2821550000 8.172600e+03 
2823700000 8.177825e+03 
2825850000 8.175650e+03 
2828000000 8.203350e+03 
2.830150e+09 8.179675e+03 
2832300000 8.173550e+03 
2834450000 8.176225e+03 
2836600000 8.163475e+03 
2838750000 8.190850e+03 
2840900000 8.175350e+03 
2843050000 8.179200e+03 
2845200000 8.177825e+03 
2847350000 8.172225e+03 
2849500000 8.152725e+03 
2851650000 8.155500e+03 
2853800000 8.180225e+03 
2855950000 8.167050e+03 
2858100000 8.149775e+03 
2.860250e+09 8.157650e+03 
2862400000 8.171500e+03 
2864550000 8.178075e+03 
2866700000 8.192850e+03 
2868850000 8.159225e+03 
2871000000 8.181950e+03 
2873150000 8.171200e+03 
2875300000 8.186675e+03 
2877450000 8.173975e+03 
2879600000 8.179975e+03 
2881750000 8.193850e+03 
2883900000 8.166625e+03 
2886050000 8.164525e+03 
2888200000 8.164275e+03 
2.890350e+09 8.169925e+03 
2892500000 8.165825e+03 
2894650000 8.189725e+03 
2896800000 8.188900e+03 
2898950000 8.169925e+03 
2901100000 8.165475e+03 
2903250000 8.189450e+03 
2905400000 8.179100e+03 
2907550000 8.191825e+03 
2909700000 8.180750e+03 
2911850000 8.175425e+03 
2914000000 8.150700e+03 
2916150000 8.190525e+03 
2918300000 8.177150e+03 
2920450000 8.179700e+03 
2922600000 8.166225e+03 
2924750000 8.189450e+03 
2926900000 8.161050e+03 
2929050000 8.156750e+03 
2931200000 8.188500e+03 
2933350000 8.148975e+03 
2935500000 8.155450e+03 
2937650000 8.184175e+03 
2939800000 8153 
2941950000 8.166700e+03 
2.944100e+09 8.190300e+03 
2946250000 8.170975e+03 
2948400000 8.150500e+03 
2950550000 8.200675e+03 
2952700000 8.169975e+03 
2954850000 8.155300e+03 
2957000000 8.166675e+03 
2959150000 8.152750e+03 
2961300000 8.188100e+03 
2963450000 8.186425e+03 
2965600000 8.180275e+03 
2967750000 8.153350e+03 
2969900000 8.171950e+03 
2972050000 8.139950e+03 
2974200000 8.167700e+03 
2976350000 8.172200e+03 
2978500000 8.167125e+03 
2980650000 8.155575e+03 
2982800000 8.164375e+03 
2984950000 8.167975e+03 
2987100000 8.152875e+03 
2989250000 8.166650e+03 
2991400000 8.175400e+03 
2993550000 8.177375e+03 
2995700000 8.169450e+03 
2997850000 8.160575e+03 
3000000000 8.187125e+03 

END
