IGOR
WAVES/D/O sweep,sig(1) 
BEGIN
2570000000 8.274400e+03 
2.572150e+09 8.265100e+03 
2574300000 8.272350e+03 
2576450000 8.276800e+03 
2578600000 8.284350e+03 
2.580750e+09 8.257125e+03 
2582900000 8.268275e+03 
2585050000 8.253975e+03 
2.587200e+09 8.282525e+03 
2589350000 8.267700e+03 
2591500000 8.270500e+03 
2593650000 8.262725e+03 
2.595800e+09 8.266375e+03 
2597950000 8.275475e+03 
2600100000 8.282050e+03 
2.602250e+09 8.260225e+03 
2604400000 8.268750e+03 
2606550000 8.286200e+03 
2608700000 8.288050e+03 
2.610850e+09 8.260200e+03 
2613000000 8.283225e+03 
2615150000 8.268975e+03 
2.617300e+09 8.293700e+03 
2619450000 8.259825e+03 
2621600000 8.248850e+03 
2623750000 8.262925e+03 
2.625900e+09 8.239275e+03 
2628050000 8.229775e+03 
2630200000 8.217625e+03 
2.632350e+09 8.222750e+03 
2634500000 8.237025e+03 
2636650000 8.240950e+03 
2638800000 8.220175e+03 
2.640950e+09 8.235075e+03 
2643100000 8.258225e+03 
2645250000 8.263750e+03 
2.647400e+09 8.272950e+03 
2649550000 8.259400e+03 
2651700000 8.265650e+03 
2653850000 8.282500e+03 
2.656000e+09 8.267625e+03 
2658150000 8.266975e+03 
2660300000 8.253675e+03 
2.662450e+09 8.232625e+03 
2664600000 8.243650e+03 
2666750000 8.217650e+03 
2668900000 8.194500e+03 
2.671050e+09 8.222375e+03 
2673200000 8.214425e+03 
2675350000 8.207900e+03 
2677500000 8.226475e+03 
2679650000 8.256750e+03 
2681800000 8.236550e+03 
2683950000 8245 
2.686100e+09 8.282075e+03 
2688250000 8.279100e+03 
2690400000 8.269325e+03 
2692550000 8.254500e+03 
2694700000 8.281075e+03 
2696850000 8.267650e+03 
2699000000 8.248675e+03 
2.701150e+09 8.220750e+03 
2703300000 8.229950e+03 
2705450000 8.209725e+03 
2707600000 8.209500e+03 
2.709750e+09 8.232425e+03 
2711900000 8.238025e+03 
2714050000 8.238400e+03 
2.716200e+09 8.255275e+03 
2718350000 8.292150e+03 
2720500000 8.271950e+03 
2722650000 8.279050e+03 
2724800000 8.284875e+03 
2726950000 8291 
2729100000 8.250150e+03 
2.731250e+09 8279 
2733400000 8.269100e+03 
2735550000 8.265675e+03 
2737700000 8.247775e+03 
2.739850e+09 8.269300e+03 
2742000000 8.275050e+03 
2744150000 8.253450e+03 
2.746300e+09 8.238425e+03 
2748450000 8.255050e+03 
2750600000 8.271550e+03 
2752750000 8.262875e+03 
2754900000 8.285525e+03 
2757050000 8.299275e+03 
2759200000 8.265650e+03 
2.761350e+09 8.301375e+03 
2763500000 8.273950e+03 
2765650000 8.274050e+03 
2767800000 8.258825e+03 
2.769950e+09 8.277275e+03 
2772100000 8.254900e+03 
2774250000 8.275550e+03 
2.776400e+09 8.288225e+03 
2778550000 8.294450e+03 
2780700000 8.262900e+03 
2782850000 8.273250e+03 
2785000000 8.287500e+03 
2787150000 8.303075e+03 
2789300000 8.276475e+03 
2791450000 8.276475e+03 
2793600000 8.257925e+03 
2795750000 8.294825e+03 
2797900000 8.287925e+03 
2.800050e+09 8.274650e+03 
2802200000 8.284300e+03 
2804350000 8.250175e+03 
2806500000 8.260975e+03 
2808650000 8.303950e+03 
2810800000 8.252275e+03 
2812950000 8.262875e+03 
2815100000 8.295650e+03 
2817250000 8.288100e+03 
2819400000 8.292975e+03 
2821550000 8.273075e+03 
2823700000 8.275700e+03 
2825850000 8.269375e+03 
2828000000 8.285850e+03 
2.830150e+09 8.293450e+03 
2832300000 8.266200e+03 
2834450000 8.266225e+03 
2836600000 8.267575e+03 
2838750000 8.260275e+03 
2840900000 8.276925e+03 
2843050000 8.255025e+03 
2845200000 8.272800e+03 
2847350000 8.256575e+03 
2849500000 8283 
2851650000 8.294350e+03 
2853800000 8.250675e+03 
2855950000 8.278100e+03 
2858100000 8.278925e+03 
2.860250e+09 8.274100e+03 
2862400000 8.272450e+03 
2864550000 8.264775e+03 
2866700000 8.260425e+03 
2868850000 8.268250e+03 
2871000000 8.284275e+03 
2873150000 8.265425e+03 
2875300000 8.276325e+03 
2877450000 8.257425e+03 
2879600000 8.277175e+03 
2881750000 8.261275e+03 
2883900000 8.269675e+03 
2886050000 8.277325e+03 
2888200000 8.281825e+03 
2.890350e+09 8.278625e+03 
2892500000 8.276375e+03 
2894650000 8.262350e+03 
2896800000 8.271500e+03 
2898950000 8.263050e+03 
2901100000 8.257400e+03 
2903250000 8.258775e+03 
2905400000 8.280575e+03 
2907550000 8.276950e+03 
2909700000 8.276250e+03 
2911850000 8.266550e+03 
2914000000 8.259525e+03 
2916150000 8.285275e+03 
2918300000 8.273050e+03 
2920450000 8.286875e+03 
2922600000 8.274825e+03 
2924750000 8.282325e+03 
2926900000 8.261950e+03 
2929050000 8.263500e+03 
2931200000 8.259850e+03 
2933350000 8256 
2935500000 8.275450e+03 
2937650000 8.272300e+03 
2939800000 8.266550e+03 
2941950000 8.273150e+03 
2.944100e+09 8.260725e+03 
2946250000 8.274925e+03 
2948400000 8.253900e+03 
2950550000 8.265900e+03 
2952700000 8.265850e+03 
2954850000 8.262800e+03 
2957000000 8.252625e+03 
2959150000 8.258375e+03 
2961300000 8.246700e+03 
2963450000 8.278400e+03 
2965600000 8.266125e+03 
2967750000 8.284050e+03 
2969900000 8.279800e+03 
2972050000 8.279925e+03 
2974200000 8.299400e+03 
2976350000 8.277175e+03 
2978500000 8.296150e+03 
2980650000 8.290525e+03 
2982800000 8.257975e+03 
2984950000 8.294350e+03 
2987100000 8277 
2989250000 8286 
2991400000 8268 
2993550000 8.274875e+03 
2995700000 8.263200e+03 
2997850000 8.262925e+03 
3000000000 8.277525e+03 

END
