IGOR
WAVES/D/O sweep,sig(1) 
BEGIN
2570000000 8.367150e+03 
2.572150e+09 8.360550e+03 
2574300000 8393 
2576450000 8.356850e+03 
2578600000 8.367775e+03 
2.580750e+09 8.355300e+03 
2582900000 8.348525e+03 
2585050000 8.388375e+03 
2.587200e+09 8.376075e+03 
2589350000 8.350800e+03 
2591500000 8.350725e+03 
2593650000 8.363700e+03 
2.595800e+09 8.351075e+03 
2597950000 8.373300e+03 
2600100000 8.348575e+03 
2.602250e+09 8.388675e+03 
2604400000 8.374300e+03 
2606550000 8.372725e+03 
2608700000 8.331950e+03 
2.610850e+09 8.353575e+03 
2613000000 8.366125e+03 
2615150000 8.385625e+03 
2.617300e+09 8.373825e+03 
2619450000 8.356425e+03 
2621600000 8.324425e+03 
2623750000 8.324775e+03 
2.625900e+09 8.315550e+03 
2628050000 8.336400e+03 
2630200000 8.327825e+03 
2.632350e+09 8.299525e+03 
2634500000 8.300575e+03 
2636650000 8.334550e+03 
2638800000 8.339700e+03 
2.640950e+09 8.328075e+03 
2643100000 8336 
2645250000 8.357875e+03 
2.647400e+09 8.345925e+03 
2649550000 8.380375e+03 
2651700000 8.390875e+03 
2653850000 8364 
2.656000e+09 8.374525e+03 
2658150000 8.364325e+03 
2660300000 8.326300e+03 
2.662450e+09 8.336150e+03 
2664600000 8.321675e+03 
2666750000 8.319100e+03 
2668900000 8.302750e+03 
2.671050e+09 8.280175e+03 
2673200000 8.300950e+03 
2675350000 8304 
2677500000 8.324675e+03 
2679650000 8.361575e+03 
2681800000 8.354950e+03 
2683950000 8.354450e+03 
2.686100e+09 8.341175e+03 
2688250000 8.372700e+03 
2690400000 8.363250e+03 
2692550000 8.377250e+03 
2694700000 8.348875e+03 
2696850000 8.344075e+03 
2699000000 8.349400e+03 
2.701150e+09 8.315200e+03 
2703300000 8.298550e+03 
2705450000 8.291600e+03 
2707600000 8.286875e+03 
2.709750e+09 8.305375e+03 
2711900000 8.310650e+03 
2714050000 8.343375e+03 
2.716200e+09 8.367475e+03 
2718350000 8.355850e+03 
2720500000 8.360375e+03 
2722650000 8.391950e+03 
2724800000 8.366275e+03 
2726950000 8.354625e+03 
2729100000 8.381275e+03 
2.731250e+09 8.378750e+03 
2733400000 8.361650e+03 
2735550000 8.322725e+03 
2737700000 8.329425e+03 
2.739850e+09 8.347200e+03 
2742000000 8.314950e+03 
2744150000 8.318350e+03 
2.746300e+09 8.324450e+03 
2748450000 8.370825e+03 
2750600000 8.340600e+03 
2752750000 8.351675e+03 
2754900000 8.337100e+03 
2757050000 8.375700e+03 
2759200000 8.358625e+03 
2.761350e+09 8.360375e+03 
2763500000 8.340825e+03 
2765650000 8.369650e+03 
2767800000 8.356550e+03 
2.769950e+09 8.379425e+03 
2772100000 8.358200e+03 
2774250000 8.363900e+03 
2.776400e+09 8.345875e+03 
2778550000 8342 
2780700000 8.346725e+03 
2782850000 8.365325e+03 
2785000000 8.344275e+03 
2787150000 8.352625e+03 
2789300000 8.368150e+03 
2791450000 8.377975e+03 
2793600000 8.332500e+03 
2795750000 8.354775e+03 
2797900000 8.354250e+03 
2.800050e+09 8.341150e+03 
2802200000 8.364500e+03 
2804350000 8.339725e+03 
2806500000 8.333925e+03 
2808650000 8.313500e+03 
2810800000 8.326650e+03 
2812950000 8.381625e+03 
2815100000 8.328625e+03 
2817250000 8.352950e+03 
2819400000 8.336125e+03 
2821550000 8.356475e+03 
2823700000 8.350800e+03 
2825850000 8.394100e+03 
2828000000 8.351900e+03 
2.830150e+09 8.372850e+03 
2832300000 8.373850e+03 
2834450000 8.379350e+03 
2836600000 8.366125e+03 
2838750000 8.367100e+03 
2840900000 8.346225e+03 
2843050000 8.349800e+03 
2845200000 8.345200e+03 
2847350000 8.347700e+03 
2849500000 8.338725e+03 
2851650000 8.363800e+03 
2853800000 8.376450e+03 
2855950000 8.349125e+03 
2858100000 8.373100e+03 
2.860250e+09 8.369675e+03 
2862400000 8.341325e+03 
2864550000 8.351150e+03 
2866700000 8.341925e+03 
2868850000 8.355500e+03 
2871000000 8.363100e+03 
2873150000 8.355725e+03 
2875300000 8.362050e+03 
2877450000 8.346175e+03 
2879600000 8.346600e+03 
2881750000 8.332675e+03 
2883900000 8.338425e+03 
2886050000 8.359150e+03 
2888200000 8.363375e+03 
2.890350e+09 8.330650e+03 
2892500000 8.355950e+03 
2894650000 8.354575e+03 
2896800000 8.353200e+03 
2898950000 8.350650e+03 
2901100000 8.353500e+03 
2903250000 8.392925e+03 
2905400000 8.345400e+03 
2907550000 8.318550e+03 
2909700000 8.331600e+03 
2911850000 8.363875e+03 
2914000000 8.338025e+03 
2916150000 8.345850e+03 
2918300000 8.334125e+03 
2920450000 8.356450e+03 
2922600000 8.367675e+03 
2924750000 8.323375e+03 
2926900000 8.343650e+03 
2929050000 8.341400e+03 
2931200000 8.355050e+03 
2933350000 8.345550e+03 
2935500000 8.348400e+03 
2937650000 8.349425e+03 
2939800000 8.356925e+03 
2941950000 8.359250e+03 
2.944100e+09 8.312450e+03 
2946250000 8.364150e+03 
2948400000 8.333900e+03 
2950550000 8.354650e+03 
2952700000 8.365800e+03 
2954850000 8.341100e+03 
2957000000 8.335525e+03 
2959150000 8.361350e+03 
2961300000 8.336300e+03 
2963450000 8.345050e+03 
2965600000 8364 
2967750000 8319 
2969900000 8.334900e+03 
2972050000 8.342125e+03 
2974200000 8.334600e+03 
2976350000 8.355100e+03 
2978500000 8.351050e+03 
2980650000 8.332700e+03 
2982800000 8.335250e+03 
2984950000 8.350900e+03 
2987100000 8.331700e+03 
2989250000 8.332425e+03 
2991400000 8.336750e+03 
2993550000 8.338725e+03 
2995700000 8.319975e+03 
2997850000 8.317225e+03 
3000000000 8.323550e+03 

END
