IGOR
WAVES/D/O sweep,sig(1) 
BEGIN
2570000000 8.219050e+03 
2.572150e+09 8.226175e+03 
2574300000 8.228725e+03 
2576450000 8.233100e+03 
2578600000 8.245775e+03 
2.580750e+09 8.230775e+03 
2582900000 8.214650e+03 
2585050000 8.217225e+03 
2.587200e+09 8.250600e+03 
2589350000 8.210200e+03 
2591500000 8.239175e+03 
2593650000 8.247750e+03 
2.595800e+09 8.226900e+03 
2597950000 8.258725e+03 
2600100000 8.243700e+03 
2.602250e+09 8.216150e+03 
2604400000 8.206925e+03 
2606550000 8.237350e+03 
2608700000 8.240525e+03 
2.610850e+09 8.238575e+03 
2613000000 8.227050e+03 
2615150000 8.246725e+03 
2.617300e+09 8.235850e+03 
2619450000 8.226075e+03 
2621600000 8.225625e+03 
2623750000 8.217750e+03 
2.625900e+09 8.217725e+03 
2628050000 8.213975e+03 
2630200000 8.205625e+03 
2.632350e+09 8.169625e+03 
2634500000 8.205450e+03 
2636650000 8.219750e+03 
2638800000 8.207125e+03 
2.640950e+09 8.220250e+03 
2643100000 8.237525e+03 
2645250000 8.213150e+03 
2.647400e+09 8.223775e+03 
2649550000 8.248225e+03 
2651700000 8.237800e+03 
2653850000 8.231725e+03 
2.656000e+09 8.231800e+03 
2658150000 8.224575e+03 
2660300000 8217 
2.662450e+09 8.203175e+03 
2664600000 8.216175e+03 
2666750000 8.167400e+03 
2668900000 8.148125e+03 
2.671050e+09 8.153700e+03 
2673200000 8.186725e+03 
2675350000 8.169725e+03 
2677500000 8.197125e+03 
2679650000 8.221025e+03 
2681800000 8.242500e+03 
2683950000 8.257225e+03 
2.686100e+09 8.244500e+03 
2688250000 8.255875e+03 
2690400000 8.256100e+03 
2692550000 8.244150e+03 
2694700000 8.229950e+03 
2696850000 8.239025e+03 
2699000000 8.192550e+03 
2.701150e+09 8.196475e+03 
2703300000 8.192775e+03 
2705450000 8.175975e+03 
2707600000 8.170825e+03 
2.709750e+09 8.183775e+03 
2711900000 8.203250e+03 
2714050000 8.209200e+03 
2.716200e+09 8.211550e+03 
2718350000 8.236550e+03 
2720500000 8.261075e+03 
2722650000 8.254025e+03 
2724800000 8.273175e+03 
2726950000 8.252075e+03 
2729100000 8.250025e+03 
2.731250e+09 8.249975e+03 
2733400000 8.233250e+03 
2735550000 8.204925e+03 
2737700000 8.224925e+03 
2.739850e+09 8.232275e+03 
2742000000 8.227575e+03 
2744150000 8.225675e+03 
2.746300e+09 8.248850e+03 
2748450000 8.227100e+03 
2750600000 8.229425e+03 
2752750000 8.253825e+03 
2754900000 8.233050e+03 
2757050000 8.277275e+03 
2759200000 8.252025e+03 
2.761350e+09 8.239200e+03 
2763500000 8.250525e+03 
2765650000 8.270875e+03 
2767800000 8.267800e+03 
2.769950e+09 8.257850e+03 
2772100000 8.269925e+03 
2774250000 8.239700e+03 
2.776400e+09 8.238050e+03 
2778550000 8.266725e+03 
2780700000 8.264250e+03 
2782850000 8.267250e+03 
2785000000 8.265275e+03 
2787150000 8.251250e+03 
2789300000 8.227750e+03 
2791450000 8252 
2793600000 8.262850e+03 
2795750000 8.249125e+03 
2797900000 8.255525e+03 
2.800050e+09 8.245500e+03 
2802200000 8.250400e+03 
2804350000 8.245925e+03 
2806500000 8.259525e+03 
2808650000 8.247600e+03 
2810800000 8.267350e+03 
2812950000 8.241800e+03 
2815100000 8.242250e+03 
2817250000 8.241700e+03 
2819400000 8.265300e+03 
2821550000 8.248225e+03 
2823700000 8.242525e+03 
2825850000 8276 
2828000000 8.257675e+03 
2.830150e+09 8.231200e+03 
2832300000 8.257350e+03 
2834450000 8.234175e+03 
2836600000 8.259425e+03 
2838750000 8.253800e+03 
2840900000 8.255025e+03 
2843050000 8.260525e+03 
2845200000 8.262675e+03 
2847350000 8.249725e+03 
2849500000 8.255350e+03 
2851650000 8.255975e+03 
2853800000 8.240900e+03 
2855950000 8250 
2858100000 8.240525e+03 
2.860250e+09 8.249400e+03 
2862400000 8.253600e+03 
2864550000 8.254150e+03 
2866700000 8.227900e+03 
2868850000 8.262850e+03 
2871000000 8.261825e+03 
2873150000 8.251575e+03 
2875300000 8.231675e+03 
2877450000 8.254875e+03 
2879600000 8228 
2881750000 8.260925e+03 
2883900000 8.258400e+03 
2886050000 8.252725e+03 
2888200000 8.258625e+03 
2.890350e+09 8253 
2892500000 8.244875e+03 
2894650000 8.249225e+03 
2896800000 8.265625e+03 
2898950000 8.237350e+03 
2901100000 8.247475e+03 
2903250000 8.250025e+03 
2905400000 8.220250e+03 
2907550000 8.241525e+03 
2909700000 8.251925e+03 
2911850000 8.257450e+03 
2914000000 8.243400e+03 
2916150000 8.250200e+03 
2918300000 8.238475e+03 
2920450000 8.236375e+03 
2922600000 8.229850e+03 
2924750000 8.251550e+03 
2926900000 8.246975e+03 
2929050000 8.237475e+03 
2931200000 8.237800e+03 
2933350000 8.220900e+03 
2935500000 8.259125e+03 
2937650000 8.249425e+03 
2939800000 8.240650e+03 
2941950000 8.263275e+03 
2.944100e+09 8.250375e+03 
2946250000 8253 
2948400000 8.264625e+03 
2950550000 8.255550e+03 
2952700000 8.263675e+03 
2954850000 8.246500e+03 
2957000000 8.254725e+03 
2959150000 8.261575e+03 
2961300000 8.251100e+03 
2963450000 8.237050e+03 
2965600000 8.252625e+03 
2967750000 8.238275e+03 
2969900000 8.253950e+03 
2972050000 8.250100e+03 
2974200000 8.235850e+03 
2976350000 8.258775e+03 
2978500000 8.268050e+03 
2980650000 8.260150e+03 
2982800000 8.247350e+03 
2984950000 8.248925e+03 
2987100000 8.249775e+03 
2989250000 8.235200e+03 
2991400000 8.269775e+03 
2993550000 8.261525e+03 
2995700000 8.250350e+03 
2997850000 8262 
3000000000 8.243400e+03 

END
