IGOR
WAVES/D/O sweep,sig(1) 
BEGIN
2570000000 8.170200e+03 
2.572150e+09 8161 
2574300000 8.183125e+03 
2576450000 8.171550e+03 
2578600000 8.179300e+03 
2.580750e+09 8.181050e+03 
2582900000 8.174975e+03 
2585050000 8.166825e+03 
2.587200e+09 8.176125e+03 
2589350000 8.174100e+03 
2591500000 8.180325e+03 
2593650000 8196 
2.595800e+09 8.175050e+03 
2597950000 8.174900e+03 
2600100000 8.181550e+03 
2.602250e+09 8.169250e+03 
2604400000 8.191250e+03 
2606550000 8.155925e+03 
2608700000 8.181675e+03 
2.610850e+09 8.188950e+03 
2613000000 8.178425e+03 
2615150000 8.176400e+03 
2.617300e+09 8.168850e+03 
2619450000 8.181275e+03 
2621600000 8.177025e+03 
2623750000 8.136075e+03 
2.625900e+09 8.137250e+03 
2628050000 8.169625e+03 
2630200000 8137 
2.632350e+09 8.161275e+03 
2634500000 8.182200e+03 
2636650000 8.161150e+03 
2638800000 8.166425e+03 
2.640950e+09 8.165825e+03 
2643100000 8.160075e+03 
2645250000 8.169775e+03 
2.647400e+09 8188 
2649550000 8.170325e+03 
2651700000 8.179900e+03 
2653850000 8.188025e+03 
2.656000e+09 8.165600e+03 
2658150000 8.155100e+03 
2660300000 8.171250e+03 
2.662450e+09 8.149375e+03 
2664600000 8.152625e+03 
2666750000 8.114475e+03 
2668900000 8.103450e+03 
2.671050e+09 8.111925e+03 
2673200000 8.094275e+03 
2675350000 8.124500e+03 
2677500000 8.146875e+03 
2679650000 8.167025e+03 
2681800000 8.149725e+03 
2683950000 8170 
2.686100e+09 8.178750e+03 
2688250000 8.216275e+03 
2690400000 8.182350e+03 
2692550000 8.177450e+03 
2694700000 8.154975e+03 
2696850000 8.180475e+03 
2699000000 8.126225e+03 
2.701150e+09 8.123850e+03 
2703300000 8.147550e+03 
2705450000 8.115800e+03 
2707600000 8.123975e+03 
2.709750e+09 8.110925e+03 
2711900000 8.127075e+03 
2714050000 8.161250e+03 
2.716200e+09 8.186350e+03 
2718350000 8.180950e+03 
2720500000 8.213675e+03 
2722650000 8.188700e+03 
2724800000 8.191400e+03 
2726950000 8.185125e+03 
2729100000 8.207375e+03 
2.731250e+09 8.189025e+03 
2733400000 8.171200e+03 
2735550000 8.172725e+03 
2737700000 8.161775e+03 
2.739850e+09 8.160550e+03 
2742000000 8.189075e+03 
2744150000 8.160350e+03 
2.746300e+09 8.161350e+03 
2748450000 8.188075e+03 
2750600000 8.184175e+03 
2752750000 8.208950e+03 
2754900000 8.168350e+03 
2757050000 8.197150e+03 
2759200000 8.183350e+03 
2.761350e+09 8.160150e+03 
2763500000 8.189250e+03 
2765650000 8.185175e+03 
2767800000 8.213225e+03 
2.769950e+09 8.179075e+03 
2772100000 8.187900e+03 
2774250000 8.172750e+03 
2.776400e+09 8.196525e+03 
2778550000 8.204825e+03 
2780700000 8.177750e+03 
2782850000 8.203275e+03 
2785000000 8.181375e+03 
2787150000 8.193250e+03 
2789300000 8.213450e+03 
2791450000 8.205025e+03 
2793600000 8.187175e+03 
2795750000 8.177775e+03 
2797900000 8.173825e+03 
2.800050e+09 8.218675e+03 
2802200000 8.201725e+03 
2804350000 8.181975e+03 
2806500000 8.203700e+03 
2808650000 8.208475e+03 
2810800000 8.203400e+03 
2812950000 8.201125e+03 
2815100000 8.212825e+03 
2817250000 8.232425e+03 
2819400000 8.221400e+03 
2821550000 8.217550e+03 
2823700000 8.210625e+03 
2825850000 8.202125e+03 
2828000000 8.222050e+03 
2.830150e+09 8.196550e+03 
2832300000 8.232925e+03 
2834450000 8.232025e+03 
2836600000 8.209675e+03 
2838750000 8.251925e+03 
2840900000 8.195175e+03 
2843050000 8.189300e+03 
2845200000 8.218175e+03 
2847350000 8.238250e+03 
2849500000 8.236250e+03 
2851650000 8.223175e+03 
2853800000 8.240100e+03 
2855950000 8.232750e+03 
2858100000 8.224850e+03 
2.860250e+09 8.203425e+03 
2862400000 8.211050e+03 
2864550000 8.211925e+03 
2866700000 8.203075e+03 
2868850000 8.236450e+03 
2871000000 8.211075e+03 
2873150000 8.203600e+03 
2875300000 8.201850e+03 
2877450000 8.215025e+03 
2879600000 8.204850e+03 
2881750000 8.217200e+03 
2883900000 8.227600e+03 
2886050000 8.223775e+03 
2888200000 8.213200e+03 
2.890350e+09 8.189175e+03 
2892500000 8.186775e+03 
2894650000 8.181800e+03 
2896800000 8.221600e+03 
2898950000 8.217425e+03 
2901100000 8.235300e+03 
2903250000 8.219925e+03 
2905400000 8.217925e+03 
2907550000 8.219375e+03 
2909700000 8.214600e+03 
2911850000 8.225500e+03 
2914000000 8.195175e+03 
2916150000 8.219750e+03 
2918300000 8222 
2920450000 8.207175e+03 
2922600000 8.210175e+03 
2924750000 8.196225e+03 
2926900000 8.210175e+03 
2929050000 8.215050e+03 
2931200000 8.212475e+03 
2933350000 8.199175e+03 
2935500000 8235 
2937650000 8.220250e+03 
2939800000 8.217450e+03 
2941950000 8.224550e+03 
2.944100e+09 8.238375e+03 
2946250000 8.216275e+03 
2948400000 8.221725e+03 
2950550000 8.189050e+03 
2952700000 8.235450e+03 
2954850000 8.228325e+03 
2957000000 8.191425e+03 
2959150000 8.246100e+03 
2961300000 8.193450e+03 
2963450000 8.224825e+03 
2965600000 8.219775e+03 
2967750000 8.234650e+03 
2969900000 8.218950e+03 
2972050000 8.207525e+03 
2974200000 8.218200e+03 
2976350000 8.239900e+03 
2978500000 8.240900e+03 
2980650000 8.209675e+03 
2982800000 8.228725e+03 
2984950000 8.245700e+03 
2987100000 8.247725e+03 
2989250000 8.246175e+03 
2991400000 8.228125e+03 
2993550000 8.212175e+03 
2995700000 8.230825e+03 
2997850000 8.228175e+03 
3000000000 8.221575e+03 

END
