IGOR
WAVES/D/O sweep,sig(1) 
BEGIN
2570000000 8.242200e+03 
2.572150e+09 8.262225e+03 
2574300000 8.253075e+03 
2576450000 8.270575e+03 
2578600000 8256 
2.580750e+09 8.257975e+03 
2582900000 8.256525e+03 
2585050000 8.274175e+03 
2.587200e+09 8.257125e+03 
2589350000 8.232800e+03 
2591500000 8.282350e+03 
2593650000 8.275125e+03 
2.595800e+09 8.243175e+03 
2597950000 8.282675e+03 
2600100000 8.254925e+03 
2.602250e+09 8.276925e+03 
2604400000 8.253200e+03 
2606550000 8.240375e+03 
2608700000 8.262575e+03 
2.610850e+09 8.259150e+03 
2613000000 8.252200e+03 
2615150000 8.234550e+03 
2.617300e+09 8.251575e+03 
2619450000 8.236900e+03 
2621600000 8.251025e+03 
2623750000 8.245025e+03 
2.625900e+09 8.229250e+03 
2628050000 8.211300e+03 
2630200000 8.220825e+03 
2.632350e+09 8.212700e+03 
2634500000 8.211875e+03 
2636650000 8.201100e+03 
2638800000 8.205575e+03 
2.640950e+09 8.228575e+03 
2643100000 8.239300e+03 
2645250000 8.260175e+03 
2.647400e+09 8.254925e+03 
2649550000 8.272650e+03 
2651700000 8.237950e+03 
2653850000 8.248450e+03 
2.656000e+09 8.234725e+03 
2658150000 8.248050e+03 
2660300000 8.210600e+03 
2.662450e+09 8.216525e+03 
2664600000 8.185250e+03 
2666750000 8.184775e+03 
2668900000 8.185200e+03 
2.671050e+09 8.159325e+03 
2673200000 8.213550e+03 
2675350000 8.198400e+03 
2677500000 8.208125e+03 
2679650000 8.215350e+03 
2681800000 8.246700e+03 
2683950000 8.229650e+03 
2.686100e+09 8.251475e+03 
2688250000 8.244275e+03 
2690400000 8.237450e+03 
2692550000 8.250150e+03 
2694700000 8.248675e+03 
2696850000 8.229700e+03 
2699000000 8.205650e+03 
2.701150e+09 8.206125e+03 
2703300000 8.182775e+03 
2705450000 8.196125e+03 
2707600000 8.183075e+03 
2.709750e+09 8.202650e+03 
2711900000 8.220500e+03 
2714050000 8.243775e+03 
2.716200e+09 8.232400e+03 
2718350000 8.267050e+03 
2720500000 8.270125e+03 
2722650000 8.249675e+03 
2724800000 8.260250e+03 
2726950000 8.281675e+03 
2729100000 8.272425e+03 
2.731250e+09 8.261750e+03 
2733400000 8.243300e+03 
2735550000 8.248775e+03 
2737700000 8.221350e+03 
2.739850e+09 8.229650e+03 
2742000000 8.251625e+03 
2744150000 8.230650e+03 
2.746300e+09 8.228500e+03 
2748450000 8.239025e+03 
2750600000 8.249525e+03 
2752750000 8.273200e+03 
2754900000 8.256425e+03 
2757050000 8260 
2759200000 8.282150e+03 
2.761350e+09 8.245950e+03 
2763500000 8.269400e+03 
2765650000 8.266800e+03 
2767800000 8.259950e+03 
2.769950e+09 8.280500e+03 
2772100000 8.263775e+03 
2774250000 8.275125e+03 
2.776400e+09 8.261250e+03 
2778550000 8.254400e+03 
2780700000 8.262675e+03 
2782850000 8.254500e+03 
2785000000 8.263400e+03 
2787150000 8.245200e+03 
2789300000 8.246625e+03 
2791450000 8.256625e+03 
2793600000 8.263075e+03 
2795750000 8.265475e+03 
2797900000 8.272300e+03 
2.800050e+09 8.285475e+03 
2802200000 8.241450e+03 
2804350000 8.249175e+03 
2806500000 8.228675e+03 
2808650000 8.228825e+03 
2810800000 8.253225e+03 
2812950000 8.246225e+03 
2815100000 8.248125e+03 
2817250000 8.247875e+03 
2819400000 8.220575e+03 
2821550000 8.258950e+03 
2823700000 8.210675e+03 
2825850000 8.248150e+03 
2828000000 8.247750e+03 
2.830150e+09 8.230100e+03 
2832300000 8.256475e+03 
2834450000 8.268700e+03 
2836600000 8.217475e+03 
2838750000 8.228600e+03 
2840900000 8.214225e+03 
2843050000 8.271925e+03 
2845200000 8.266950e+03 
2847350000 8.255300e+03 
2849500000 8.258550e+03 
2851650000 8.234500e+03 
2853800000 8.242100e+03 
2855950000 8.251275e+03 
2858100000 8.252300e+03 
2.860250e+09 8.244400e+03 
2862400000 8.227525e+03 
2864550000 8.245375e+03 
2866700000 8.277275e+03 
2868850000 8.248025e+03 
2871000000 8.234850e+03 
2873150000 8.225950e+03 
2875300000 8.241950e+03 
2877450000 8.229750e+03 
2879600000 8.234250e+03 
2881750000 8.248750e+03 
2883900000 8.246750e+03 
2886050000 8.263950e+03 
2888200000 8.241825e+03 
2.890350e+09 8.256225e+03 
2892500000 8.246650e+03 
2894650000 8.247100e+03 
2896800000 8.235200e+03 
2898950000 8.229925e+03 
2901100000 8.244200e+03 
2903250000 8.233400e+03 
2905400000 8.242650e+03 
2907550000 8.249525e+03 
2909700000 8.227375e+03 
2911850000 8.229500e+03 
2914000000 8.237975e+03 
2916150000 8.272875e+03 
2918300000 8.215900e+03 
2920450000 8.230825e+03 
2922600000 8.244725e+03 
2924750000 8.222275e+03 
2926900000 8.225475e+03 
2929050000 8.234750e+03 
2931200000 8.236500e+03 
2933350000 8220 
2935500000 8.260675e+03 
2937650000 8.251225e+03 
2939800000 8.246300e+03 
2941950000 8.218975e+03 
2.944100e+09 8.244850e+03 
2946250000 8.239100e+03 
2948400000 8.245150e+03 
2950550000 8.229325e+03 
2952700000 8.219475e+03 
2954850000 8.226800e+03 
2957000000 8225 
2959150000 8.227175e+03 
2961300000 8.230975e+03 
2963450000 8242 
2965600000 8.226425e+03 
2967750000 8.217850e+03 
2969900000 8.250825e+03 
2972050000 8.241450e+03 
2974200000 8.228275e+03 
2976350000 8.226625e+03 
2978500000 8.247600e+03 
2980650000 8.234525e+03 
2982800000 8.247950e+03 
2984950000 8.238775e+03 
2987100000 8.205950e+03 
2989250000 8.256925e+03 
2991400000 8.215050e+03 
2993550000 8.228150e+03 
2995700000 8.226350e+03 
2997850000 8.216375e+03 
3000000000 8.214225e+03 

END
