IGOR
WAVES/D/O sweep,sig(1) 
BEGIN
2570000000 8.358575e+03 
2.572150e+09 8.349650e+03 
2574300000 8.338725e+03 
2576450000 8.348425e+03 
2578600000 8.338150e+03 
2.580750e+09 8.356150e+03 
2582900000 8.341675e+03 
2585050000 8.329800e+03 
2.587200e+09 8.350575e+03 
2589350000 8.354725e+03 
2591500000 8.339900e+03 
2593650000 8.335550e+03 
2.595800e+09 8.326125e+03 
2597950000 8.352375e+03 
2600100000 8.359800e+03 
2.602250e+09 8.361125e+03 
2604400000 8.340825e+03 
2606550000 8.371700e+03 
2608700000 8.367900e+03 
2.610850e+09 8.338175e+03 
2613000000 8.363825e+03 
2615150000 8.353425e+03 
2.617300e+09 8.340275e+03 
2619450000 8.349075e+03 
2621600000 8.318775e+03 
2623750000 8.323525e+03 
2.625900e+09 8.313800e+03 
2628050000 8.309525e+03 
2630200000 8.328450e+03 
2.632350e+09 8.309850e+03 
2634500000 8.302250e+03 
2636650000 8.348950e+03 
2638800000 8.322075e+03 
2.640950e+09 8.336375e+03 
2643100000 8.334300e+03 
2645250000 8.344325e+03 
2.647400e+09 8.345575e+03 
2649550000 8.344025e+03 
2651700000 8.345675e+03 
2653850000 8.359825e+03 
2.656000e+09 8.359050e+03 
2658150000 8.336550e+03 
2660300000 8.335700e+03 
2.662450e+09 8.335925e+03 
2664600000 8.309450e+03 
2666750000 8.276875e+03 
2668900000 8.281125e+03 
2.671050e+09 8.265450e+03 
2673200000 8.275125e+03 
2675350000 8.289525e+03 
2677500000 8.303525e+03 
2679650000 8.324300e+03 
2681800000 8.335050e+03 
2683950000 8.345300e+03 
2.686100e+09 8.355550e+03 
2688250000 8.335600e+03 
2690400000 8.323900e+03 
2692550000 8.345100e+03 
2694700000 8.327350e+03 
2696850000 8.303650e+03 
2699000000 8.310175e+03 
2.701150e+09 8.302675e+03 
2703300000 8.279675e+03 
2705450000 8.277575e+03 
2707600000 8.296150e+03 
2.709750e+09 8.266650e+03 
2711900000 8.300275e+03 
2714050000 8.336350e+03 
2.716200e+09 8.315100e+03 
2718350000 8.327100e+03 
2720500000 8.344350e+03 
2722650000 8.354400e+03 
2724800000 8.345475e+03 
2726950000 8.351650e+03 
2729100000 8.334975e+03 
2.731250e+09 8.348250e+03 
2733400000 8.317425e+03 
2735550000 8.330025e+03 
2737700000 8.329875e+03 
2.739850e+09 8.313925e+03 
2742000000 8.313100e+03 
2744150000 8.321925e+03 
2.746300e+09 8.325700e+03 
2748450000 8.345275e+03 
2750600000 8.349125e+03 
2752750000 8.342300e+03 
2754900000 8.345300e+03 
2757050000 8.349575e+03 
2759200000 8.328725e+03 
2.761350e+09 8.332175e+03 
2763500000 8.339250e+03 
2765650000 8.366525e+03 
2767800000 8.347150e+03 
2.769950e+09 8.327150e+03 
2772100000 8.320775e+03 
2774250000 8.342675e+03 
2.776400e+09 8.358800e+03 
2778550000 8.364175e+03 
2780700000 8.344050e+03 
2782850000 8.340325e+03 
2785000000 8.356650e+03 
2787150000 8.337300e+03 
2789300000 8.336725e+03 
2791450000 8.349275e+03 
2793600000 8.340450e+03 
2795750000 8.321275e+03 
2797900000 8.335925e+03 
2.800050e+09 8.361575e+03 
2802200000 8.358600e+03 
2804350000 8.329475e+03 
2806500000 8.339075e+03 
2808650000 8.349550e+03 
2810800000 8.367100e+03 
2812950000 8.366675e+03 
2815100000 8.354550e+03 
2817250000 8.365075e+03 
2819400000 8.357300e+03 
2821550000 8.375025e+03 
2823700000 8.349800e+03 
2825850000 8.348075e+03 
2828000000 8.359600e+03 
2.830150e+09 8.352775e+03 
2832300000 8.339750e+03 
2834450000 8.365825e+03 
2836600000 8.361750e+03 
2838750000 8.351025e+03 
2840900000 8.359950e+03 
2843050000 8.355625e+03 
2845200000 8.347400e+03 
2847350000 8.343200e+03 
2849500000 8.348625e+03 
2851650000 8.359350e+03 
2853800000 8.367675e+03 
2855950000 8.349500e+03 
2858100000 8.360700e+03 
2.860250e+09 8.342325e+03 
2862400000 8.357225e+03 
2864550000 8.355600e+03 
2866700000 8.348400e+03 
2868850000 8.352100e+03 
2871000000 8.350525e+03 
2873150000 8.354300e+03 
2875300000 8.352075e+03 
2877450000 8.331250e+03 
2879600000 8.352175e+03 
2881750000 8.348025e+03 
2883900000 8.347650e+03 
2886050000 8.347900e+03 
2888200000 8.355950e+03 
2.890350e+09 8.347300e+03 
2892500000 8.377050e+03 
2894650000 8.376250e+03 
2896800000 8.357425e+03 
2898950000 8.353600e+03 
2901100000 8364 
2903250000 8.338200e+03 
2905400000 8.348125e+03 
2907550000 8.360600e+03 
2909700000 8.348275e+03 
2911850000 8.348550e+03 
2914000000 8.335900e+03 
2916150000 8.350375e+03 
2918300000 8.359700e+03 
2920450000 8.351175e+03 
2922600000 8.339350e+03 
2924750000 8.363475e+03 
2926900000 8.351300e+03 
2929050000 8.365275e+03 
2931200000 8.360800e+03 
2933350000 8.345925e+03 
2935500000 8.352500e+03 
2937650000 8.353325e+03 
2939800000 8.331125e+03 
2941950000 8.343875e+03 
2.944100e+09 8.353075e+03 
2946250000 8.356550e+03 
2948400000 8.352825e+03 
2950550000 8346 
2952700000 8.358525e+03 
2954850000 8.337325e+03 
2957000000 8.350250e+03 
2959150000 8.344700e+03 
2961300000 8.366825e+03 
2963450000 8.348875e+03 
2965600000 8.355525e+03 
2967750000 8.345300e+03 
2969900000 8.357250e+03 
2972050000 8.360725e+03 
2974200000 8.357875e+03 
2976350000 8.353150e+03 
2978500000 8.372975e+03 
2980650000 8.363475e+03 
2982800000 8.366825e+03 
2984950000 8.365275e+03 
2987100000 8.344100e+03 
2989250000 8.383150e+03 
2991400000 8.354950e+03 
2993550000 8.369725e+03 
2995700000 8356 
2997850000 8.353550e+03 
3000000000 8.357025e+03 

END
