IGOR
WAVES/D/O sweep,sig(1) 
BEGIN
2570000000 8.280125e+03 
2.572150e+09 8.280850e+03 
2574300000 8.256175e+03 
2576450000 8.253800e+03 
2578600000 8.302275e+03 
2.580750e+09 8.283825e+03 
2582900000 8.292325e+03 
2585050000 8.259850e+03 
2.587200e+09 8.278700e+03 
2589350000 8.280175e+03 
2591500000 8.263575e+03 
2593650000 8.280250e+03 
2.595800e+09 8.267075e+03 
2597950000 8.284725e+03 
2600100000 8.269250e+03 
2.602250e+09 8.290475e+03 
2604400000 8.295525e+03 
2606550000 8.267375e+03 
2608700000 8.276075e+03 
2.610850e+09 8.283450e+03 
2613000000 8.280875e+03 
2615150000 8.268775e+03 
2.617300e+09 8.293575e+03 
2619450000 8.279075e+03 
2621600000 8.262075e+03 
2623750000 8.260525e+03 
2.625900e+09 8.249500e+03 
2628050000 8.241700e+03 
2630200000 8.253550e+03 
2.632350e+09 8.248050e+03 
2634500000 8.235050e+03 
2636650000 8.252125e+03 
2638800000 8.235425e+03 
2.640950e+09 8.246375e+03 
2643100000 8.275075e+03 
2645250000 8.277500e+03 
2.647400e+09 8.289925e+03 
2649550000 8.262625e+03 
2651700000 8.281425e+03 
2653850000 8.281125e+03 
2.656000e+09 8.261300e+03 
2658150000 8.276750e+03 
2660300000 8.253075e+03 
2.662450e+09 8.231725e+03 
2664600000 8.245175e+03 
2666750000 8.196425e+03 
2668900000 8.213075e+03 
2.671050e+09 8.185350e+03 
2673200000 8.211200e+03 
2675350000 8.221775e+03 
2677500000 8.231650e+03 
2679650000 8.235400e+03 
2681800000 8.239800e+03 
2683950000 8.292850e+03 
2.686100e+09 8.274475e+03 
2688250000 8.272500e+03 
2690400000 8.287525e+03 
2692550000 8.280050e+03 
2694700000 8.299500e+03 
2696850000 8250 
2699000000 8.233275e+03 
2.701150e+09 8.240675e+03 
2703300000 8.190650e+03 
2705450000 8.186275e+03 
2707600000 8.212975e+03 
2.709750e+09 8.223675e+03 
2711900000 8.220200e+03 
2714050000 8.255600e+03 
2.716200e+09 8.249400e+03 
2718350000 8.283350e+03 
2720500000 8.280450e+03 
2722650000 8.281075e+03 
2724800000 8.276375e+03 
2726950000 8.288225e+03 
2729100000 8.278750e+03 
2.731250e+09 8.279075e+03 
2733400000 8.292725e+03 
2735550000 8273 
2737700000 8.228925e+03 
2.739850e+09 8.250200e+03 
2742000000 8.276050e+03 
2744150000 8.286925e+03 
2.746300e+09 8.270775e+03 
2748450000 8.254550e+03 
2750600000 8.252325e+03 
2752750000 8.279575e+03 
2754900000 8.282150e+03 
2757050000 8.291025e+03 
2759200000 8.300375e+03 
2.761350e+09 8.280875e+03 
2763500000 8.287300e+03 
2765650000 8.295725e+03 
2767800000 8.286275e+03 
2.769950e+09 8.287050e+03 
2772100000 8.292750e+03 
2774250000 8.318375e+03 
2.776400e+09 8.283925e+03 
2778550000 8.279500e+03 
2780700000 8.289150e+03 
2782850000 8.308450e+03 
2785000000 8.281925e+03 
2787150000 8.286875e+03 
2789300000 8.300175e+03 
2791450000 8.280175e+03 
2793600000 8.300050e+03 
2795750000 8.309350e+03 
2797900000 8.282050e+03 
2.800050e+09 8.314050e+03 
2802200000 8.304475e+03 
2804350000 8.293350e+03 
2806500000 8.291150e+03 
2808650000 8289 
2810800000 8.311700e+03 
2812950000 8.309475e+03 
2815100000 8.312675e+03 
2817250000 8.286450e+03 
2819400000 8.292400e+03 
2821550000 8.292375e+03 
2823700000 8.329700e+03 
2825850000 8.297350e+03 
2828000000 8.291775e+03 
2.830150e+09 8.281475e+03 
2832300000 8.299750e+03 
2834450000 8.288550e+03 
2836600000 8.292725e+03 
2838750000 8.300325e+03 
2840900000 8.316200e+03 
2843050000 8.311875e+03 
2845200000 8.318400e+03 
2847350000 8.310475e+03 
2849500000 8.299375e+03 
2851650000 8.302200e+03 
2853800000 8.308450e+03 
2855950000 8.333300e+03 
2858100000 8.291925e+03 
2.860250e+09 8.343300e+03 
2862400000 8.327475e+03 
2864550000 8.316850e+03 
2866700000 8.319175e+03 
2868850000 8.291275e+03 
2871000000 8.331600e+03 
2873150000 8.333200e+03 
2875300000 8.303500e+03 
2877450000 8.305375e+03 
2879600000 8.294175e+03 
2881750000 8.290675e+03 
2883900000 8.293925e+03 
2886050000 8.331900e+03 
2888200000 8.303625e+03 
2.890350e+09 8.293475e+03 
2892500000 8.314125e+03 
2894650000 8.306600e+03 
2896800000 8.322625e+03 
2898950000 8.308350e+03 
2901100000 8.310125e+03 
2903250000 8.325925e+03 
2905400000 8.299900e+03 
2907550000 8.332075e+03 
2909700000 8.314900e+03 
2911850000 8.306725e+03 
2914000000 8.295400e+03 
2916150000 8.314725e+03 
2918300000 8.310375e+03 
2920450000 8.297700e+03 
2922600000 8.306625e+03 
2924750000 8.314075e+03 
2926900000 8.292950e+03 
2929050000 8.321575e+03 
2931200000 8.303875e+03 
2933350000 8.323325e+03 
2935500000 8.317175e+03 
2937650000 8.337100e+03 
2939800000 8.310850e+03 
2941950000 8.322075e+03 
2.944100e+09 8.321475e+03 
2946250000 8.278325e+03 
2948400000 8322 
2950550000 8.300875e+03 
2952700000 8.335800e+03 
2954850000 8.312400e+03 
2957000000 8.317200e+03 
2959150000 8.295300e+03 
2961300000 8.296850e+03 
2963450000 8.307250e+03 
2965600000 8.309475e+03 
2967750000 8.298425e+03 
2969900000 8.311175e+03 
2972050000 8.290700e+03 
2974200000 8.285275e+03 
2976350000 8.310375e+03 
2978500000 8.314600e+03 
2980650000 8.327275e+03 
2982800000 8.293075e+03 
2984950000 8.318250e+03 
2987100000 8.288375e+03 
2989250000 8.298050e+03 
2991400000 8.331775e+03 
2993550000 8.322675e+03 
2995700000 8.307950e+03 
2997850000 8.327325e+03 
3000000000 8.304425e+03 

END
