IGOR
WAVES/D/O sweep,sig(1) 
BEGIN
2570000000 8.399175e+03 
2.572150e+09 8.433775e+03 
2574300000 8.411100e+03 
2576450000 8.411900e+03 
2578600000 8.437425e+03 
2.580750e+09 8.447550e+03 
2582900000 8.405075e+03 
2585050000 8.422725e+03 
2.587200e+09 8.431150e+03 
2589350000 8.467550e+03 
2591500000 8.414975e+03 
2593650000 8.408475e+03 
2.595800e+09 8.437125e+03 
2597950000 8.431675e+03 
2600100000 8.430950e+03 
2.602250e+09 8.407550e+03 
2604400000 8.426600e+03 
2606550000 8.454050e+03 
2608700000 8.451150e+03 
2.610850e+09 8.398250e+03 
2613000000 8.434550e+03 
2615150000 8.425900e+03 
2.617300e+09 8.428750e+03 
2619450000 8.417625e+03 
2621600000 8.429750e+03 
2623750000 8.420275e+03 
2.625900e+09 8.415375e+03 
2628050000 8.382150e+03 
2630200000 8.395725e+03 
2.632350e+09 8.398850e+03 
2634500000 8.390750e+03 
2636650000 8.400200e+03 
2638800000 8400 
2.640950e+09 8.391600e+03 
2643100000 8.412550e+03 
2645250000 8.400450e+03 
2.647400e+09 8.443475e+03 
2649550000 8.407475e+03 
2651700000 8.433525e+03 
2653850000 8.446300e+03 
2.656000e+09 8.447300e+03 
2658150000 8.400275e+03 
2660300000 8.393775e+03 
2.662450e+09 8.378050e+03 
2664600000 8401 
2666750000 8.341350e+03 
2668900000 8.372325e+03 
2.671050e+09 8.342750e+03 
2673200000 8.346675e+03 
2675350000 8.371400e+03 
2677500000 8.389575e+03 
2679650000 8388 
2681800000 8.406650e+03 
2683950000 8.417100e+03 
2.686100e+09 8.409875e+03 
2688250000 8.361950e+03 
2690400000 8.389900e+03 
2692550000 8.424700e+03 
2694700000 8.426825e+03 
2696850000 8.393700e+03 
2699000000 8.395725e+03 
2.701150e+09 8.375650e+03 
2703300000 8.350625e+03 
2705450000 8.360600e+03 
2707600000 8.347575e+03 
2.709750e+09 8.365725e+03 
2711900000 8.367200e+03 
2714050000 8.394600e+03 
2.716200e+09 8.409700e+03 
2718350000 8.427575e+03 
2720500000 8.434600e+03 
2722650000 8.418850e+03 
2724800000 8.399425e+03 
2726950000 8.414650e+03 
2729100000 8.401825e+03 
2.731250e+09 8.418925e+03 
2733400000 8.417600e+03 
2735550000 8.401300e+03 
2737700000 8.384775e+03 
2.739850e+09 8.403150e+03 
2742000000 8.380600e+03 
2744150000 8423 
2.746300e+09 8.411975e+03 
2748450000 8.383325e+03 
2750600000 8.374150e+03 
2752750000 8.410550e+03 
2754900000 8.419750e+03 
2757050000 8.422600e+03 
2759200000 8.434125e+03 
2.761350e+09 8.415600e+03 
2763500000 8.408875e+03 
2765650000 8.412775e+03 
2767800000 8.413800e+03 
2.769950e+09 8.425900e+03 
2772100000 8.423125e+03 
2774250000 8.409900e+03 
2.776400e+09 8.410400e+03 
2778550000 8.418625e+03 
2780700000 8.414950e+03 
2782850000 8.404775e+03 
2785000000 8.434300e+03 
2787150000 8.425925e+03 
2789300000 8.423225e+03 
2791450000 8.427200e+03 
2793600000 8.423800e+03 
2795750000 8.416300e+03 
2797900000 8.449100e+03 
2.800050e+09 8.418200e+03 
2802200000 8.424700e+03 
2804350000 8.431425e+03 
2806500000 8.422650e+03 
2808650000 8.420400e+03 
2810800000 8.424650e+03 
2812950000 8.424250e+03 
2815100000 8.432475e+03 
2817250000 8.409175e+03 
2819400000 8.408050e+03 
2821550000 8.402100e+03 
2823700000 8.397650e+03 
2825850000 8.408075e+03 
2828000000 8.416375e+03 
2.830150e+09 8.397700e+03 
2832300000 8404 
2834450000 8.411675e+03 
2836600000 8.418825e+03 
2838750000 8.409025e+03 
2840900000 8.429850e+03 
2843050000 8.406875e+03 
2845200000 8.403775e+03 
2847350000 8.439775e+03 
2849500000 8.414425e+03 
2851650000 8.412475e+03 
2853800000 8.409625e+03 
2855950000 8.427750e+03 
2858100000 8.414850e+03 
2.860250e+09 8.433150e+03 
2862400000 8.431150e+03 
2864550000 8.434800e+03 
2866700000 8.430725e+03 
2868850000 8.426050e+03 
2871000000 8.405050e+03 
2873150000 8.406700e+03 
2875300000 8.398450e+03 
2877450000 8.425125e+03 
2879600000 8.416075e+03 
2881750000 8.423100e+03 
2883900000 8.424775e+03 
2886050000 8.443225e+03 
2888200000 8.411075e+03 
2.890350e+09 8.406775e+03 
2892500000 8.394100e+03 
2894650000 8.377325e+03 
2896800000 8.367925e+03 
2898950000 8.427550e+03 
2901100000 8.410100e+03 
2903250000 8.412775e+03 
2905400000 8.437625e+03 
2907550000 8.437725e+03 
2909700000 8.446900e+03 
2911850000 8.442675e+03 
2914000000 8.433425e+03 
2916150000 8.400275e+03 
2918300000 8.442225e+03 
2920450000 8.429650e+03 
2922600000 8.439175e+03 
2924750000 8.440850e+03 
2926900000 8.403625e+03 
2929050000 8.410975e+03 
2931200000 8.414400e+03 
2933350000 8.438400e+03 
2935500000 8.423700e+03 
2937650000 8.406600e+03 
2939800000 8.411725e+03 
2941950000 8.409275e+03 
2.944100e+09 8.415025e+03 
2946250000 8.421525e+03 
2948400000 8.426625e+03 
2950550000 8.386100e+03 
2952700000 8.392775e+03 
2954850000 8.409075e+03 
2957000000 8.414200e+03 
2959150000 8.422150e+03 
2961300000 8.445125e+03 
2963450000 8.410900e+03 
2965600000 8.417775e+03 
2967750000 8.410450e+03 
2969900000 8.420775e+03 
2972050000 8.428200e+03 
2974200000 8.404175e+03 
2976350000 8.415975e+03 
2978500000 8.414575e+03 
2980650000 8.416450e+03 
2982800000 8.414725e+03 
2984950000 8.444200e+03 
2987100000 8.449775e+03 
2989250000 8.434300e+03 
2991400000 8.378875e+03 
2993550000 8.402100e+03 
2995700000 8.419050e+03 
2997850000 8412 
3000000000 8.416450e+03 

END
