IGOR
WAVES/D/O sweep,sig(1) 
BEGIN
2570000000 8.266575e+03 
2.572150e+09 8.278450e+03 
2574300000 8.269675e+03 
2576450000 8.284450e+03 
2578600000 8.295375e+03 
2.580750e+09 8.302950e+03 
2582900000 8.252075e+03 
2585050000 8.279200e+03 
2.587200e+09 8.262950e+03 
2589350000 8.274300e+03 
2591500000 8.252525e+03 
2593650000 8.249300e+03 
2.595800e+09 8.256150e+03 
2597950000 8.280300e+03 
2600100000 8.258575e+03 
2.602250e+09 8.248975e+03 
2604400000 8.276725e+03 
2606550000 8.289575e+03 
2608700000 8.279275e+03 
2.610850e+09 8.277200e+03 
2613000000 8.281425e+03 
2615150000 8.281225e+03 
2.617300e+09 8.285225e+03 
2619450000 8.270375e+03 
2621600000 8.273675e+03 
2623750000 8.257250e+03 
2.625900e+09 8.228250e+03 
2628050000 8.250475e+03 
2630200000 8.237975e+03 
2.632350e+09 8.237850e+03 
2634500000 8.270775e+03 
2636650000 8.273950e+03 
2638800000 8.269825e+03 
2.640950e+09 8270 
2643100000 8.252900e+03 
2645250000 8.257875e+03 
2.647400e+09 8.258425e+03 
2649550000 8.262225e+03 
2651700000 8.317250e+03 
2653850000 8.295200e+03 
2.656000e+09 8.296300e+03 
2658150000 8.276275e+03 
2660300000 8.280650e+03 
2.662450e+09 8.243725e+03 
2664600000 8.238100e+03 
2666750000 8.234025e+03 
2668900000 8.250350e+03 
2.671050e+09 8.229700e+03 
2673200000 8.246075e+03 
2675350000 8.254600e+03 
2677500000 8.260875e+03 
2679650000 8.283225e+03 
2681800000 8.307150e+03 
2683950000 8.297875e+03 
2.686100e+09 8.304650e+03 
2688250000 8.328975e+03 
2690400000 8.294225e+03 
2692550000 8.297575e+03 
2694700000 8.301625e+03 
2696850000 8.258725e+03 
2699000000 8.243675e+03 
2.701150e+09 8.276350e+03 
2703300000 8.222050e+03 
2705450000 8.220400e+03 
2707600000 8.220425e+03 
2.709750e+09 8.254200e+03 
2711900000 8.249425e+03 
2714050000 8.256700e+03 
2.716200e+09 8.318250e+03 
2718350000 8.295775e+03 
2720500000 8.304250e+03 
2722650000 8.304350e+03 
2724800000 8.274325e+03 
2726950000 8.316400e+03 
2729100000 8.278450e+03 
2.731250e+09 8.285400e+03 
2733400000 8294 
2735550000 8.260925e+03 
2737700000 8.256950e+03 
2.739850e+09 8.283800e+03 
2742000000 8.269050e+03 
2744150000 8.250475e+03 
2.746300e+09 8.271350e+03 
2748450000 8.276875e+03 
2750600000 8.273650e+03 
2752750000 8.252050e+03 
2754900000 8.283900e+03 
2757050000 8.304775e+03 
2759200000 8.301100e+03 
2.761350e+09 8.298550e+03 
2763500000 8.300925e+03 
2765650000 8.281325e+03 
2767800000 8.302825e+03 
2.769950e+09 8283 
2772100000 8.299100e+03 
2774250000 8.283125e+03 
2.776400e+09 8.282525e+03 
2778550000 8.297300e+03 
2780700000 8.306750e+03 
2782850000 8.287125e+03 
2785000000 8.289250e+03 
2787150000 8.322150e+03 
2789300000 8.303800e+03 
2791450000 8.301900e+03 
2793600000 8.290400e+03 
2795750000 8.260250e+03 
2797900000 8.276875e+03 
2.800050e+09 8.295300e+03 
2802200000 8.301475e+03 
2804350000 8.286675e+03 
2806500000 8.313225e+03 
2808650000 8.284400e+03 
2810800000 8.298850e+03 
2812950000 8.293950e+03 
2815100000 8.288525e+03 
2817250000 8.303975e+03 
2819400000 8.307050e+03 
2821550000 8.308525e+03 
2823700000 8.294100e+03 
2825850000 8.295575e+03 
2828000000 8.277050e+03 
2.830150e+09 8.320550e+03 
2832300000 8.311975e+03 
2834450000 8.308925e+03 
2836600000 8.321425e+03 
2838750000 8.323350e+03 
2840900000 8.290375e+03 
2843050000 8.337525e+03 
2845200000 8.312700e+03 
2847350000 8.307525e+03 
2849500000 8.319475e+03 
2851650000 8.288350e+03 
2853800000 8.302025e+03 
2855950000 8.313375e+03 
2858100000 8.297600e+03 
2.860250e+09 8.290825e+03 
2862400000 8.313650e+03 
2864550000 8.289325e+03 
2866700000 8.326100e+03 
2868850000 8.324475e+03 
2871000000 8.327425e+03 
2873150000 8.349875e+03 
2875300000 8.319425e+03 
2877450000 8.277125e+03 
2879600000 8.325150e+03 
2881750000 8.343900e+03 
2883900000 8.314750e+03 
2886050000 8.320475e+03 
2888200000 8.316750e+03 
2.890350e+09 8.330275e+03 
2892500000 8.308500e+03 
2894650000 8.311700e+03 
2896800000 8322 
2898950000 8.308525e+03 
2901100000 8.337400e+03 
2903250000 8.338700e+03 
2905400000 8.317250e+03 
2907550000 8.336800e+03 
2909700000 8.354825e+03 
2911850000 8.331950e+03 
2914000000 8.329300e+03 
2916150000 8.296800e+03 
2918300000 8.336800e+03 
2920450000 8326 
2922600000 8.314600e+03 
2924750000 8.317300e+03 
2926900000 8.315300e+03 
2929050000 8.360350e+03 
2931200000 8.315675e+03 
2933350000 8.337725e+03 
2935500000 8.342825e+03 
2937650000 8.331175e+03 
2939800000 8.314300e+03 
2941950000 8.339475e+03 
2.944100e+09 8.319600e+03 
2946250000 8.339100e+03 
2948400000 8.307450e+03 
2950550000 8.347500e+03 
2952700000 8.344250e+03 
2954850000 8.329475e+03 
2957000000 8.319625e+03 
2959150000 8.340525e+03 
2961300000 8.337350e+03 
2963450000 8.336725e+03 
2965600000 8.306225e+03 
2967750000 8.323900e+03 
2969900000 8.344175e+03 
2972050000 8.349250e+03 
2974200000 8.346925e+03 
2976350000 8.325975e+03 
2978500000 8.310050e+03 
2980650000 8.322325e+03 
2982800000 8.305425e+03 
2984950000 8.316050e+03 
2987100000 8.302900e+03 
2989250000 8.324475e+03 
2991400000 8.294625e+03 
2993550000 8.324275e+03 
2995700000 8.305525e+03 
2997850000 8.313775e+03 
3000000000 8.328700e+03 

END
