IGOR
WAVES/D/O sweep,sig(1) 
BEGIN
2570000000 8.287625e+03 
2.572150e+09 8.261325e+03 
2574300000 8.258725e+03 
2576450000 8.271575e+03 
2578600000 8.259625e+03 
2.580750e+09 8.260500e+03 
2582900000 8.268500e+03 
2585050000 8.254725e+03 
2.587200e+09 8.267900e+03 
2589350000 8.263625e+03 
2591500000 8.285775e+03 
2593650000 8.255875e+03 
2.595800e+09 8.256075e+03 
2597950000 8.245225e+03 
2600100000 8.260900e+03 
2.602250e+09 8.245225e+03 
2604400000 8.263625e+03 
2606550000 8.250625e+03 
2608700000 8.253100e+03 
2.610850e+09 8.237875e+03 
2613000000 8.239875e+03 
2615150000 8.225750e+03 
2.617300e+09 8.245450e+03 
2619450000 8.230175e+03 
2621600000 8.250125e+03 
2623750000 8.240900e+03 
2.625900e+09 8.213100e+03 
2628050000 8.207325e+03 
2630200000 8.205825e+03 
2.632350e+09 8.229250e+03 
2634500000 8.217900e+03 
2636650000 8.227800e+03 
2638800000 8.211925e+03 
2.640950e+09 8.234925e+03 
2643100000 8.241200e+03 
2645250000 8.238475e+03 
2.647400e+09 8.247625e+03 
2649550000 8.245225e+03 
2651700000 8.242850e+03 
2653850000 8.232575e+03 
2.656000e+09 8.250350e+03 
2658150000 8.245750e+03 
2660300000 8.243175e+03 
2.662450e+09 8.234875e+03 
2664600000 8.214900e+03 
2666750000 8.183675e+03 
2668900000 8.169150e+03 
2.671050e+09 8.189625e+03 
2673200000 8.186825e+03 
2675350000 8.199900e+03 
2677500000 8.208975e+03 
2679650000 8.219325e+03 
2681800000 8.229375e+03 
2683950000 8.247800e+03 
2.686100e+09 8.294825e+03 
2688250000 8.269925e+03 
2690400000 8.248125e+03 
2692550000 8.265800e+03 
2694700000 8.242025e+03 
2696850000 8.256825e+03 
2699000000 8.223650e+03 
2.701150e+09 8.206375e+03 
2703300000 8.233250e+03 
2705450000 8.209900e+03 
2707600000 8.206850e+03 
2.709750e+09 8.207500e+03 
2711900000 8.226600e+03 
2714050000 8.233775e+03 
2.716200e+09 8.253625e+03 
2718350000 8.259800e+03 
2720500000 8.260650e+03 
2722650000 8.261250e+03 
2724800000 8.276900e+03 
2726950000 8.257050e+03 
2729100000 8.262625e+03 
2.731250e+09 8.249650e+03 
2733400000 8.251325e+03 
2735550000 8.226050e+03 
2737700000 8.215100e+03 
2.739850e+09 8.211300e+03 
2742000000 8.227750e+03 
2744150000 8.230125e+03 
2.746300e+09 8.227875e+03 
2748450000 8.225550e+03 
2750600000 8.226625e+03 
2752750000 8.249075e+03 
2754900000 8.250975e+03 
2757050000 8.250700e+03 
2759200000 8.279950e+03 
2.761350e+09 8.254975e+03 
2763500000 8.270575e+03 
2765650000 8.269300e+03 
2767800000 8.281175e+03 
2.769950e+09 8.259050e+03 
2772100000 8.276850e+03 
2774250000 8.287525e+03 
2.776400e+09 8.276125e+03 
2778550000 8.283925e+03 
2780700000 8.256500e+03 
2782850000 8.274200e+03 
2785000000 8.270575e+03 
2787150000 8.288375e+03 
2789300000 8.267075e+03 
2791450000 8.273025e+03 
2793600000 8.290300e+03 
2795750000 8.285300e+03 
2797900000 8.295325e+03 
2.800050e+09 8.258775e+03 
2802200000 8.266725e+03 
2804350000 8.292075e+03 
2806500000 8.268800e+03 
2808650000 8.284475e+03 
2810800000 8.262950e+03 
2812950000 8.310125e+03 
2815100000 8.275800e+03 
2817250000 8.272200e+03 
2819400000 8.287075e+03 
2821550000 8.274550e+03 
2823700000 8.267250e+03 
2825850000 8.284650e+03 
2828000000 8.273375e+03 
2.830150e+09 8.272775e+03 
2832300000 8.258700e+03 
2834450000 8.266275e+03 
2836600000 8.291675e+03 
2838750000 8.252600e+03 
2840900000 8.281250e+03 
2843050000 8.283450e+03 
2845200000 8.293900e+03 
2847350000 8.276950e+03 
2849500000 8.260250e+03 
2851650000 8.264350e+03 
2853800000 8.279200e+03 
2855950000 8.272450e+03 
2858100000 8.271600e+03 
2.860250e+09 8.275750e+03 
2862400000 8.278950e+03 
2864550000 8.274900e+03 
2866700000 8.275325e+03 
2868850000 8.280125e+03 
2871000000 8.292275e+03 
2873150000 8.273600e+03 
2875300000 8.284900e+03 
2877450000 8.297275e+03 
2879600000 8.301650e+03 
2881750000 8.301875e+03 
2883900000 8.282250e+03 
2886050000 8.269500e+03 
2888200000 8.285575e+03 
2.890350e+09 8.290425e+03 
2892500000 8.265800e+03 
2894650000 8.284825e+03 
2896800000 8.271800e+03 
2898950000 8.288450e+03 
2901100000 8.293200e+03 
2903250000 8.295225e+03 
2905400000 8.309150e+03 
2907550000 8.296075e+03 
2909700000 8.279725e+03 
2911850000 8.265075e+03 
2914000000 8.269750e+03 
2916150000 8.288675e+03 
2918300000 8.278050e+03 
2920450000 8.267550e+03 
2922600000 8.289500e+03 
2924750000 8.288850e+03 
2926900000 8.291025e+03 
2929050000 8.298025e+03 
2931200000 8.285875e+03 
2933350000 8.287425e+03 
2935500000 8.309875e+03 
2937650000 8.298725e+03 
2939800000 8.301225e+03 
2941950000 8.281725e+03 
2.944100e+09 8.296575e+03 
2946250000 8.290375e+03 
2948400000 8.285475e+03 
2950550000 8.282200e+03 
2952700000 8.261025e+03 
2954850000 8.290375e+03 
2957000000 8.295800e+03 
2959150000 8.278225e+03 
2961300000 8.275600e+03 
2963450000 8.295600e+03 
2965600000 8.289575e+03 
2967750000 8.302825e+03 
2969900000 8.290075e+03 
2972050000 8.267500e+03 
2974200000 8.284400e+03 
2976350000 8.296075e+03 
2978500000 8.289275e+03 
2980650000 8.272350e+03 
2982800000 8.279525e+03 
2984950000 8.288300e+03 
2987100000 8.292475e+03 
2989250000 8.298500e+03 
2991400000 8.270825e+03 
2993550000 8.295675e+03 
2995700000 8.296775e+03 
2997850000 8.291675e+03 
3000000000 8.302750e+03 

END
