IGOR
WAVES/D/O sweep,sig(1) 
BEGIN
2570000000 8.288950e+03 
2.572150e+09 8.315625e+03 
2574300000 8.300525e+03 
2576450000 8.305400e+03 
2578600000 8.308800e+03 
2.580750e+09 8.292450e+03 
2582900000 8.274900e+03 
2585050000 8.311125e+03 
2.587200e+09 8.305400e+03 
2589350000 8.319850e+03 
2591500000 8.302100e+03 
2593650000 8.309700e+03 
2.595800e+09 8.282550e+03 
2597950000 8.316900e+03 
2600100000 8.300625e+03 
2.602250e+09 8.306025e+03 
2604400000 8.312575e+03 
2606550000 8.297425e+03 
2608700000 8.286425e+03 
2.610850e+09 8.288850e+03 
2613000000 8.290475e+03 
2615150000 8.274850e+03 
2.617300e+09 8304 
2619450000 8.293600e+03 
2621600000 8.270200e+03 
2623750000 8258 
2.625900e+09 8.253350e+03 
2628050000 8.268300e+03 
2630200000 8.236400e+03 
2.632350e+09 8.261300e+03 
2634500000 8.243050e+03 
2636650000 8.253675e+03 
2638800000 8250 
2.640950e+09 8.268875e+03 
2643100000 8.280275e+03 
2645250000 8.297325e+03 
2.647400e+09 8.286475e+03 
2649550000 8.319700e+03 
2651700000 8.312925e+03 
2653850000 8.313875e+03 
2.656000e+09 8271 
2658150000 8.295650e+03 
2660300000 8.270775e+03 
2.662450e+09 8.269475e+03 
2664600000 8.244375e+03 
2666750000 8.254750e+03 
2668900000 8.207900e+03 
2.671050e+09 8.216450e+03 
2673200000 8.228625e+03 
2675350000 8.235375e+03 
2677500000 8.241750e+03 
2679650000 8.260600e+03 
2681800000 8.289550e+03 
2683950000 8.290975e+03 
2.686100e+09 8.305800e+03 
2688250000 8.295125e+03 
2690400000 8.270175e+03 
2692550000 8.276675e+03 
2694700000 8.256350e+03 
2696850000 8.263650e+03 
2699000000 8.252150e+03 
2.701150e+09 8.215575e+03 
2703300000 8.234275e+03 
2705450000 8.215175e+03 
2707600000 8.236500e+03 
2.709750e+09 8.231775e+03 
2711900000 8.243775e+03 
2714050000 8.246425e+03 
2.716200e+09 8.273025e+03 
2718350000 8.274025e+03 
2720500000 8.313950e+03 
2722650000 8.283600e+03 
2724800000 8.313550e+03 
2726950000 8.288375e+03 
2729100000 8.253225e+03 
2.731250e+09 8.282375e+03 
2733400000 8.275700e+03 
2735550000 8.263550e+03 
2737700000 8.254800e+03 
2.739850e+09 8.247550e+03 
2742000000 8.255400e+03 
2744150000 8.289225e+03 
2.746300e+09 8.290500e+03 
2748450000 8.280975e+03 
2750600000 8.273750e+03 
2752750000 8.280550e+03 
2754900000 8.284575e+03 
2757050000 8.276775e+03 
2759200000 8.280975e+03 
2.761350e+09 8.296075e+03 
2763500000 8.294725e+03 
2765650000 8.281750e+03 
2767800000 8.311200e+03 
2.769950e+09 8.296775e+03 
2772100000 8.291075e+03 
2774250000 8.270025e+03 
2.776400e+09 8.330050e+03 
2778550000 8.298875e+03 
2780700000 8.289075e+03 
2782850000 8303 
2785000000 8.288100e+03 
2787150000 8.292175e+03 
2789300000 8.275725e+03 
2791450000 8.259750e+03 
2793600000 8.301125e+03 
2795750000 8.268475e+03 
2797900000 8.282850e+03 
2.800050e+09 8.279550e+03 
2802200000 8.278850e+03 
2804350000 8.255750e+03 
2806500000 8.297975e+03 
2808650000 8.305050e+03 
2810800000 8282 
2812950000 8.280850e+03 
2815100000 8.302375e+03 
2817250000 8.252250e+03 
2819400000 8287 
2821550000 8.258050e+03 
2823700000 8.294700e+03 
2825850000 8.296175e+03 
2828000000 8.299575e+03 
2.830150e+09 8.266625e+03 
2832300000 8.286850e+03 
2834450000 8.269575e+03 
2836600000 8.297650e+03 
2838750000 8.271275e+03 
2840900000 8.277225e+03 
2843050000 8.290525e+03 
2845200000 8.295350e+03 
2847350000 8.281750e+03 
2849500000 8.290950e+03 
2851650000 8.281750e+03 
2853800000 8.263875e+03 
2855950000 8.279800e+03 
2858100000 8.291750e+03 
2.860250e+09 8.292800e+03 
2862400000 8.278025e+03 
2864550000 8.253975e+03 
2866700000 8.287400e+03 
2868850000 8.246150e+03 
2871000000 8.265100e+03 
2873150000 8.260325e+03 
2875300000 8.300525e+03 
2877450000 8.254050e+03 
2879600000 8.289875e+03 
2881750000 8.262975e+03 
2883900000 8.306725e+03 
2886050000 8.282800e+03 
2888200000 8.291825e+03 
2.890350e+09 8.289625e+03 
2892500000 8.277100e+03 
2894650000 8.263025e+03 
2896800000 8.272550e+03 
2898950000 8.291275e+03 
2901100000 8.265900e+03 
2903250000 8.281050e+03 
2905400000 8.279225e+03 
2907550000 8.283800e+03 
2909700000 8.293125e+03 
2911850000 8.273125e+03 
2914000000 8.253775e+03 
2916150000 8.293725e+03 
2918300000 8.264125e+03 
2920450000 8290 
2922600000 8.298875e+03 
2924750000 8.286700e+03 
2926900000 8.287975e+03 
2929050000 8.280575e+03 
2931200000 8.287725e+03 
2933350000 8.291725e+03 
2935500000 8.260525e+03 
2937650000 8.258825e+03 
2939800000 8.270075e+03 
2941950000 8.286150e+03 
2.944100e+09 8.291575e+03 
2946250000 8.264125e+03 
2948400000 8.276700e+03 
2950550000 8.280075e+03 
2952700000 8.260800e+03 
2954850000 8.280100e+03 
2957000000 8.253975e+03 
2959150000 8.266225e+03 
2961300000 8270 
2963450000 8.278150e+03 
2965600000 8.251825e+03 
2967750000 8.289200e+03 
2969900000 8.278325e+03 
2972050000 8.268675e+03 
2974200000 8.272550e+03 
2976350000 8.270950e+03 
2978500000 8.266250e+03 
2980650000 8.272050e+03 
2982800000 8.255525e+03 
2984950000 8.261800e+03 
2987100000 8.282625e+03 
2989250000 8.263975e+03 
2991400000 8.260425e+03 
2993550000 8.286075e+03 
2995700000 8.256750e+03 
2997850000 8.282525e+03 
3000000000 8.263800e+03 

END
