IGOR
WAVES/D/O sweep,sig(1) 
BEGIN
2570000000 8.233075e+03 
2.572150e+09 8.205350e+03 
2574300000 8.201150e+03 
2576450000 8.219525e+03 
2578600000 8.231575e+03 
2.580750e+09 8.207700e+03 
2582900000 8.190625e+03 
2585050000 8.204875e+03 
2.587200e+09 8.215850e+03 
2589350000 8.204025e+03 
2591500000 8.231975e+03 
2593650000 8.219550e+03 
2.595800e+09 8.219575e+03 
2597950000 8.202075e+03 
2600100000 8.205675e+03 
2.602250e+09 8.211625e+03 
2604400000 8.237625e+03 
2606550000 8.214500e+03 
2608700000 8.209700e+03 
2.610850e+09 8.224200e+03 
2613000000 8.221675e+03 
2615150000 8.226375e+03 
2.617300e+09 8.206300e+03 
2619450000 8.183950e+03 
2621600000 8.174125e+03 
2623750000 8.174325e+03 
2.625900e+09 8.188350e+03 
2628050000 8.174175e+03 
2630200000 8.167800e+03 
2.632350e+09 8.165200e+03 
2634500000 8.173475e+03 
2636650000 8.203250e+03 
2638800000 8.194825e+03 
2.640950e+09 8.205250e+03 
2643100000 8.190825e+03 
2645250000 8.190650e+03 
2.647400e+09 8.199100e+03 
2649550000 8.196325e+03 
2651700000 8.210075e+03 
2653850000 8.197450e+03 
2.656000e+09 8.197125e+03 
2658150000 8.166650e+03 
2660300000 8.177050e+03 
2.662450e+09 8.154525e+03 
2664600000 8.156275e+03 
2666750000 8.131850e+03 
2668900000 8.116900e+03 
2.671050e+09 8.109650e+03 
2673200000 8.135350e+03 
2675350000 8.133275e+03 
2677500000 8.153300e+03 
2679650000 8172 
2681800000 8.184200e+03 
2683950000 8.215850e+03 
2.686100e+09 8.226825e+03 
2688250000 8.192450e+03 
2690400000 8.224325e+03 
2692550000 8.204700e+03 
2694700000 8.174925e+03 
2696850000 8.169750e+03 
2699000000 8.159250e+03 
2.701150e+09 8.180625e+03 
2703300000 8.144875e+03 
2705450000 8.123600e+03 
2707600000 8114 
2.709750e+09 8.139850e+03 
2711900000 8.167650e+03 
2714050000 8.138725e+03 
2.716200e+09 8.168925e+03 
2718350000 8.196375e+03 
2720500000 8.224775e+03 
2722650000 8.227800e+03 
2724800000 8.214400e+03 
2726950000 8.207675e+03 
2729100000 8.190475e+03 
2.731250e+09 8.182975e+03 
2733400000 8.172650e+03 
2735550000 8.195500e+03 
2737700000 8197 
2.739850e+09 8.158625e+03 
2742000000 8.153675e+03 
2744150000 8.152600e+03 
2.746300e+09 8.178325e+03 
2748450000 8.171175e+03 
2750600000 8.209925e+03 
2752750000 8.193600e+03 
2754900000 8.212300e+03 
2757050000 8.205375e+03 
2759200000 8.218150e+03 
2.761350e+09 8.226900e+03 
2763500000 8.229350e+03 
2765650000 8.192275e+03 
2767800000 8.192550e+03 
2.769950e+09 8.211225e+03 
2772100000 8.206250e+03 
2774250000 8.202600e+03 
2.776400e+09 8.180575e+03 
2778550000 8.194225e+03 
2780700000 8.254275e+03 
2782850000 8.221725e+03 
2785000000 8.201725e+03 
2787150000 8.223600e+03 
2789300000 8.213700e+03 
2791450000 8.198300e+03 
2793600000 8.207950e+03 
2795750000 8.211200e+03 
2797900000 8.226875e+03 
2.800050e+09 8.204475e+03 
2802200000 8.206475e+03 
2804350000 8.188725e+03 
2806500000 8.210225e+03 
2808650000 8.222300e+03 
2810800000 8.205975e+03 
2812950000 8.214925e+03 
2815100000 8.202075e+03 
2817250000 8.217400e+03 
2819400000 8.187550e+03 
2821550000 8.192675e+03 
2823700000 8.207400e+03 
2825850000 8.214475e+03 
2828000000 8.200225e+03 
2.830150e+09 8.189700e+03 
2832300000 8.222075e+03 
2834450000 8.200150e+03 
2836600000 8.201675e+03 
2838750000 8.200750e+03 
2840900000 8.202875e+03 
2843050000 8.215300e+03 
2845200000 8.219175e+03 
2847350000 8.216025e+03 
2849500000 8.223800e+03 
2851650000 8.229200e+03 
2853800000 8.214775e+03 
2855950000 8.174850e+03 
2858100000 8.209250e+03 
2.860250e+09 8.193400e+03 
2862400000 8.205300e+03 
2864550000 8.197025e+03 
2866700000 8.226025e+03 
2868850000 8.200450e+03 
2871000000 8.221950e+03 
2873150000 8.205700e+03 
2875300000 8.214075e+03 
2877450000 8.234075e+03 
2879600000 8.226650e+03 
2881750000 8192 
2883900000 8.216525e+03 
2886050000 8.224200e+03 
2888200000 8.228525e+03 
2.890350e+09 8.208825e+03 
2892500000 8.216750e+03 
2894650000 8.224900e+03 
2896800000 8.246200e+03 
2898950000 8.197550e+03 
2901100000 8.203675e+03 
2903250000 8.206775e+03 
2905400000 8.221500e+03 
2907550000 8.189800e+03 
2909700000 8.188875e+03 
2911850000 8.242625e+03 
2914000000 8.204750e+03 
2916150000 8.178125e+03 
2918300000 8.205200e+03 
2920450000 8.207600e+03 
2922600000 8.196300e+03 
2924750000 8.190450e+03 
2926900000 8.203225e+03 
2929050000 8.203925e+03 
2931200000 8.206075e+03 
2933350000 8.201275e+03 
2935500000 8.213175e+03 
2937650000 8.211175e+03 
2939800000 8.211775e+03 
2941950000 8.230600e+03 
2.944100e+09 8.213925e+03 
2946250000 8.214425e+03 
2948400000 8.210950e+03 
2950550000 8.204750e+03 
2952700000 8.212050e+03 
2954850000 8.219675e+03 
2957000000 8.213750e+03 
2959150000 8.203775e+03 
2961300000 8.210875e+03 
2963450000 8.208175e+03 
2965600000 8.201775e+03 
2967750000 8.207675e+03 
2969900000 8.206475e+03 
2972050000 8.193200e+03 
2974200000 8.184425e+03 
2976350000 8.198875e+03 
2978500000 8.197450e+03 
2980650000 8.202050e+03 
2982800000 8.219875e+03 
2984950000 8.202850e+03 
2987100000 8.222350e+03 
2989250000 8.206300e+03 
2991400000 8.220700e+03 
2993550000 8.185550e+03 
2995700000 8.213225e+03 
2997850000 8.179600e+03 
3000000000 8.202725e+03 

END
