IGOR
WAVES/D/O sweep,sig(1) 
BEGIN
2570000000 8.189125e+03 
2.572150e+09 8.182775e+03 
2574300000 8.186625e+03 
2576450000 8.186775e+03 
2578600000 8.192925e+03 
2.580750e+09 8.194575e+03 
2582900000 8.183825e+03 
2585050000 8.202675e+03 
2.587200e+09 8.196450e+03 
2589350000 8.180875e+03 
2591500000 8.178350e+03 
2593650000 8.186625e+03 
2.595800e+09 8.200400e+03 
2597950000 8.174825e+03 
2600100000 8.170800e+03 
2.602250e+09 8.186400e+03 
2604400000 8.189650e+03 
2606550000 8.200275e+03 
2608700000 8.200625e+03 
2.610850e+09 8.169850e+03 
2613000000 8.182125e+03 
2615150000 8.157150e+03 
2.617300e+09 8.169850e+03 
2619450000 8.176425e+03 
2621600000 8.171400e+03 
2623750000 8.157575e+03 
2.625900e+09 8.154950e+03 
2628050000 8.133925e+03 
2630200000 8.154400e+03 
2.632350e+09 8.157775e+03 
2634500000 8.163925e+03 
2636650000 8.156450e+03 
2638800000 8.157775e+03 
2.640950e+09 8.162650e+03 
2643100000 8.167075e+03 
2645250000 8.168825e+03 
2.647400e+09 8.213275e+03 
2649550000 8.201900e+03 
2651700000 8.185750e+03 
2653850000 8.178950e+03 
2.656000e+09 8.171975e+03 
2658150000 8.191800e+03 
2660300000 8.159700e+03 
2.662450e+09 8.146800e+03 
2664600000 8.140550e+03 
2666750000 8.130950e+03 
2668900000 8.132075e+03 
2.671050e+09 8.112575e+03 
2673200000 8.137500e+03 
2675350000 8.128625e+03 
2677500000 8.154400e+03 
2679650000 8.172650e+03 
2681800000 8.174550e+03 
2683950000 8.190575e+03 
2.686100e+09 8.179825e+03 
2688250000 8.164975e+03 
2690400000 8.200450e+03 
2692550000 8.187100e+03 
2694700000 8.171600e+03 
2696850000 8.163100e+03 
2699000000 8.158575e+03 
2.701150e+09 8.147075e+03 
2703300000 8.133500e+03 
2705450000 8.110275e+03 
2707600000 8.110975e+03 
2.709750e+09 8.113200e+03 
2711900000 8.144225e+03 
2714050000 8.148175e+03 
2.716200e+09 8.173975e+03 
2718350000 8.176500e+03 
2720500000 8.188425e+03 
2722650000 8.186850e+03 
2724800000 8.194975e+03 
2726950000 8.190100e+03 
2729100000 8.182950e+03 
2.731250e+09 8.172725e+03 
2733400000 8.172250e+03 
2735550000 8.159475e+03 
2737700000 8.189450e+03 
2.739850e+09 8.163800e+03 
2742000000 8.166900e+03 
2744150000 8.155525e+03 
2.746300e+09 8.162575e+03 
2748450000 8.164175e+03 
2750600000 8180 
2752750000 8.157625e+03 
2754900000 8.168950e+03 
2757050000 8.179275e+03 
2759200000 8.189550e+03 
2.761350e+09 8.170800e+03 
2763500000 8.189400e+03 
2765650000 8.175250e+03 
2767800000 8.176575e+03 
2.769950e+09 8.176650e+03 
2772100000 8.189250e+03 
2774250000 8.164175e+03 
2.776400e+09 8.174075e+03 
2778550000 8.186175e+03 
2780700000 8.187400e+03 
2782850000 8.174100e+03 
2785000000 8.164575e+03 
2787150000 8.162450e+03 
2789300000 8.175925e+03 
2791450000 8.183675e+03 
2793600000 8.167425e+03 
2795750000 8.196500e+03 
2797900000 8.188025e+03 
2.800050e+09 8.191275e+03 
2802200000 8.189800e+03 
2804350000 8.169875e+03 
2806500000 8.191325e+03 
2808650000 8.185950e+03 
2810800000 8.181750e+03 
2812950000 8.181500e+03 
2815100000 8.187700e+03 
2817250000 8.192550e+03 
2819400000 8.189575e+03 
2821550000 8.189325e+03 
2823700000 8.177625e+03 
2825850000 8.186100e+03 
2828000000 8.185950e+03 
2.830150e+09 8.195650e+03 
2832300000 8.187950e+03 
2834450000 8180 
2836600000 8.202075e+03 
2838750000 8.183900e+03 
2840900000 8.163175e+03 
2843050000 8.197850e+03 
2845200000 8.196550e+03 
2847350000 8.191400e+03 
2849500000 8.203075e+03 
2851650000 8.183825e+03 
2853800000 8.195300e+03 
2855950000 8.198325e+03 
2858100000 8.186425e+03 
2.860250e+09 8.211950e+03 
2862400000 8.199725e+03 
2864550000 8.208275e+03 
2866700000 8.198175e+03 
2868850000 8181 
2871000000 8.190925e+03 
2873150000 8.193950e+03 
2875300000 8.193375e+03 
2877450000 8.190150e+03 
2879600000 8.183975e+03 
2881750000 8.182325e+03 
2883900000 8.192625e+03 
2886050000 8.190175e+03 
2888200000 8.183450e+03 
2.890350e+09 8.193500e+03 
2892500000 8.218400e+03 
2894650000 8.206375e+03 
2896800000 8.192825e+03 
2898950000 8.192975e+03 
2901100000 8.177050e+03 
2903250000 8.198250e+03 
2905400000 8.185475e+03 
2907550000 8.203050e+03 
2909700000 8.191350e+03 
2911850000 8.196800e+03 
2914000000 8.197800e+03 
2916150000 8.190925e+03 
2918300000 8.192175e+03 
2920450000 8.185850e+03 
2922600000 8.194625e+03 
2924750000 8.193900e+03 
2926900000 8.178725e+03 
2929050000 8.204500e+03 
2931200000 8.201075e+03 
2933350000 8.174150e+03 
2935500000 8.170975e+03 
2937650000 8.185300e+03 
2939800000 8.205300e+03 
2941950000 8192 
2.944100e+09 8.185475e+03 
2946250000 8.205950e+03 
2948400000 8.189450e+03 
2950550000 8.206375e+03 
2952700000 8.198325e+03 
2954850000 8.182925e+03 
2957000000 8.196125e+03 
2959150000 8.195525e+03 
2961300000 8.203500e+03 
2963450000 8.192750e+03 
2965600000 8.187900e+03 
2967750000 8212 
2969900000 8.195575e+03 
2972050000 8.196050e+03 
2974200000 8.193300e+03 
2976350000 8.216625e+03 
2978500000 8.197225e+03 
2980650000 8.187075e+03 
2982800000 8.183600e+03 
2984950000 8.180325e+03 
2987100000 8.190575e+03 
2989250000 8.179775e+03 
2991400000 8.196725e+03 
2993550000 8.188100e+03 
2995700000 8.199675e+03 
2997850000 8.206250e+03 
3000000000 8.213500e+03 

END
