IGOR
WAVES/D/O sweep,sig(1) 
BEGIN
2570000000 8.176600e+03 
2.572150e+09 8.205550e+03 
2574300000 8.217925e+03 
2576450000 8.185250e+03 
2578600000 8.207750e+03 
2.580750e+09 8.213475e+03 
2582900000 8.204975e+03 
2585050000 8.186500e+03 
2.587200e+09 8.208275e+03 
2589350000 8193 
2591500000 8.194100e+03 
2593650000 8.204725e+03 
2.595800e+09 8.191400e+03 
2597950000 8.188075e+03 
2600100000 8.201750e+03 
2.602250e+09 8.183375e+03 
2604400000 8.188400e+03 
2606550000 8.184250e+03 
2608700000 8.193800e+03 
2.610850e+09 8.203950e+03 
2613000000 8.198875e+03 
2615150000 8.194100e+03 
2.617300e+09 8.194900e+03 
2619450000 8.182725e+03 
2621600000 8.206075e+03 
2623750000 8.171125e+03 
2.625900e+09 8.175900e+03 
2628050000 8.174900e+03 
2630200000 8.171700e+03 
2.632350e+09 8.177475e+03 
2634500000 8.162400e+03 
2636650000 8.184450e+03 
2638800000 8.161375e+03 
2.640950e+09 8.181200e+03 
2643100000 8.165575e+03 
2645250000 8.228550e+03 
2.647400e+09 8.181375e+03 
2649550000 8.202725e+03 
2651700000 8.189200e+03 
2653850000 8.225575e+03 
2.656000e+09 8.191025e+03 
2658150000 8.164075e+03 
2660300000 8.164325e+03 
2.662450e+09 8.174825e+03 
2664600000 8.149025e+03 
2666750000 8.133900e+03 
2668900000 8.134175e+03 
2.671050e+09 8.126675e+03 
2673200000 8.134175e+03 
2675350000 8.170350e+03 
2677500000 8.158950e+03 
2679650000 8.182300e+03 
2681800000 8.183275e+03 
2683950000 8.213700e+03 
2.686100e+09 8.214750e+03 
2688250000 8.202800e+03 
2690400000 8.210750e+03 
2692550000 8.202475e+03 
2694700000 8.197400e+03 
2696850000 8.181225e+03 
2699000000 8.150750e+03 
2.701150e+09 8.148875e+03 
2703300000 8.122550e+03 
2705450000 8.138475e+03 
2707600000 8.121800e+03 
2.709750e+09 8.149300e+03 
2711900000 8.136275e+03 
2714050000 8.170575e+03 
2.716200e+09 8.185600e+03 
2718350000 8.208100e+03 
2720500000 8.214275e+03 
2722650000 8.201925e+03 
2724800000 8.212550e+03 
2726950000 8.231050e+03 
2729100000 8201 
2.731250e+09 8.205225e+03 
2733400000 8.192575e+03 
2735550000 8.191075e+03 
2737700000 8.170875e+03 
2.739850e+09 8.158925e+03 
2742000000 8.169650e+03 
2744150000 8.179350e+03 
2.746300e+09 8.182025e+03 
2748450000 8.201925e+03 
2750600000 8.222475e+03 
2752750000 8.205975e+03 
2754900000 8.211550e+03 
2757050000 8200 
2759200000 8.221300e+03 
2.761350e+09 8.221075e+03 
2763500000 8.189875e+03 
2765650000 8.184350e+03 
2767800000 8.211025e+03 
2.769950e+09 8.189675e+03 
2772100000 8.204600e+03 
2774250000 8.191950e+03 
2.776400e+09 8.196050e+03 
2778550000 8.222075e+03 
2780700000 8.197775e+03 
2782850000 8.224950e+03 
2785000000 8.221975e+03 
2787150000 8.202375e+03 
2789300000 8.232250e+03 
2791450000 8.210075e+03 
2793600000 8.210875e+03 
2795750000 8.201550e+03 
2797900000 8.197900e+03 
2.800050e+09 8.208775e+03 
2802200000 8.226700e+03 
2804350000 8.216050e+03 
2806500000 8.211425e+03 
2808650000 8.212775e+03 
2810800000 8.221350e+03 
2812950000 8.200050e+03 
2815100000 8.200700e+03 
2817250000 8.199450e+03 
2819400000 8.214825e+03 
2821550000 8.196175e+03 
2823700000 8.233425e+03 
2825850000 8.225925e+03 
2828000000 8.196950e+03 
2.830150e+09 8.209200e+03 
2832300000 8.178575e+03 
2834450000 8.196225e+03 
2836600000 8.196500e+03 
2838750000 8.204125e+03 
2840900000 8.190550e+03 
2843050000 8.198100e+03 
2845200000 8.213950e+03 
2847350000 8.210700e+03 
2849500000 8.205050e+03 
2851650000 8.218100e+03 
2853800000 8.203900e+03 
2855950000 8.218350e+03 
2858100000 8.203575e+03 
2.860250e+09 8.217550e+03 
2862400000 8.220800e+03 
2864550000 8.207125e+03 
2866700000 8.215025e+03 
2868850000 8.210950e+03 
2871000000 8.241025e+03 
2873150000 8.222100e+03 
2875300000 8.200925e+03 
2877450000 8.223325e+03 
2879600000 8.212100e+03 
2881750000 8.186500e+03 
2883900000 8.237200e+03 
2886050000 8.201125e+03 
2888200000 8.203175e+03 
2.890350e+09 8.203775e+03 
2892500000 8.214925e+03 
2894650000 8.230675e+03 
2896800000 8.218825e+03 
2898950000 8.225425e+03 
2901100000 8.219325e+03 
2903250000 8.216275e+03 
2905400000 8.226625e+03 
2907550000 8.240100e+03 
2909700000 8.212675e+03 
2911850000 8.239125e+03 
2914000000 8.258625e+03 
2916150000 8.220325e+03 
2918300000 8.239250e+03 
2920450000 8.199250e+03 
2922600000 8.229975e+03 
2924750000 8.245400e+03 
2926900000 8.222350e+03 
2929050000 8.209150e+03 
2931200000 8.236300e+03 
2933350000 8.228825e+03 
2935500000 8.235125e+03 
2937650000 8.216950e+03 
2939800000 8.220925e+03 
2941950000 8.224975e+03 
2.944100e+09 8.219750e+03 
2946250000 8.238475e+03 
2948400000 8.215925e+03 
2950550000 8.213375e+03 
2952700000 8.243050e+03 
2954850000 8.238450e+03 
2957000000 8.236875e+03 
2959150000 8.230375e+03 
2961300000 8.212900e+03 
2963450000 8.225100e+03 
2965600000 8.234125e+03 
2967750000 8.215750e+03 
2969900000 8.226850e+03 
2972050000 8.225500e+03 
2974200000 8.243325e+03 
2976350000 8.239600e+03 
2978500000 8.251150e+03 
2980650000 8.236925e+03 
2982800000 8.235100e+03 
2984950000 8.224850e+03 
2987100000 8.218700e+03 
2989250000 8.213475e+03 
2991400000 8.217175e+03 
2993550000 8.241600e+03 
2995700000 8.214900e+03 
2997850000 8.235225e+03 
3000000000 8.210900e+03 

END
