IGOR
WAVES/D/O sweep,sig(1) 
BEGIN
2570000000 8.130350e+03 
2.572150e+09 8.137300e+03 
2574300000 8.148975e+03 
2576450000 8.149125e+03 
2578600000 8.142475e+03 
2.580750e+09 8.110050e+03 
2582900000 8.136125e+03 
2585050000 8.165075e+03 
2.587200e+09 8.138050e+03 
2589350000 8.135400e+03 
2591500000 8.109875e+03 
2593650000 8.140825e+03 
2.595800e+09 8.121575e+03 
2597950000 8.125075e+03 
2600100000 8.144125e+03 
2.602250e+09 8.122975e+03 
2604400000 8.145925e+03 
2606550000 8.147675e+03 
2608700000 8.114925e+03 
2.610850e+09 8.154350e+03 
2613000000 8.133975e+03 
2615150000 8.148850e+03 
2.617300e+09 8.127225e+03 
2619450000 8.121325e+03 
2621600000 8.120500e+03 
2623750000 8112 
2.625900e+09 8.123950e+03 
2628050000 8.110475e+03 
2630200000 8.105725e+03 
2.632350e+09 8.122175e+03 
2634500000 8.091875e+03 
2636650000 8.130325e+03 
2638800000 8.106500e+03 
2.640950e+09 8.118875e+03 
2643100000 8.111425e+03 
2645250000 8.143325e+03 
2.647400e+09 8140 
2649550000 8.137675e+03 
2651700000 8.133900e+03 
2653850000 8.152650e+03 
2.656000e+09 8.136775e+03 
2658150000 8.125250e+03 
2660300000 8.107825e+03 
2.662450e+09 8.121125e+03 
2664600000 8.087250e+03 
2666750000 8.057975e+03 
2668900000 8.068500e+03 
2.671050e+09 8.077525e+03 
2673200000 8.071675e+03 
2675350000 8.082600e+03 
2677500000 8.083400e+03 
2679650000 8.121475e+03 
2681800000 8.130750e+03 
2683950000 8.127725e+03 
2.686100e+09 8.128225e+03 
2688250000 8.130850e+03 
2690400000 8.141425e+03 
2692550000 8.140525e+03 
2694700000 8.120925e+03 
2696850000 8078 
2699000000 8.109150e+03 
2.701150e+09 8.073150e+03 
2703300000 8.066625e+03 
2705450000 8.079250e+03 
2707600000 8.061225e+03 
2.709750e+09 8.065275e+03 
2711900000 8.102250e+03 
2714050000 8.096450e+03 
2.716200e+09 8.115775e+03 
2718350000 8.140450e+03 
2720500000 8.121300e+03 
2722650000 8.137225e+03 
2724800000 8.124100e+03 
2726950000 8.130650e+03 
2729100000 8.128050e+03 
2.731250e+09 8.124150e+03 
2733400000 8.118925e+03 
2735550000 8.111925e+03 
2737700000 8.097675e+03 
2.739850e+09 8.085850e+03 
2742000000 8.103450e+03 
2744150000 8.103200e+03 
2.746300e+09 8.105625e+03 
2748450000 8.113950e+03 
2750600000 8.120825e+03 
2752750000 8.127350e+03 
2754900000 8.154050e+03 
2757050000 8.125175e+03 
2759200000 8.136625e+03 
2.761350e+09 8.117250e+03 
2763500000 8.126800e+03 
2765650000 8.140350e+03 
2767800000 8.135025e+03 
2.769950e+09 8.129500e+03 
2772100000 8.141750e+03 
2774250000 8.124400e+03 
2.776400e+09 8.128600e+03 
2778550000 8.130250e+03 
2780700000 8.131925e+03 
2782850000 8.136275e+03 
2785000000 8.131125e+03 
2787150000 8160 
2789300000 8.120625e+03 
2791450000 8.133350e+03 
2793600000 8.139825e+03 
2795750000 8.123700e+03 
2797900000 8.116725e+03 
2.800050e+09 8.139725e+03 
2802200000 8.142650e+03 
2804350000 8.133075e+03 
2806500000 8.157175e+03 
2808650000 8.143900e+03 
2810800000 8.130100e+03 
2812950000 8.144050e+03 
2815100000 8.119625e+03 
2817250000 8.136325e+03 
2819400000 8.133400e+03 
2821550000 8.132550e+03 
2823700000 8.137800e+03 
2825850000 8.151375e+03 
2828000000 8.126525e+03 
2.830150e+09 8.125050e+03 
2832300000 8.141700e+03 
2834450000 8.152850e+03 
2836600000 8.130275e+03 
2838750000 8.111950e+03 
2840900000 8.127175e+03 
2843050000 8.142325e+03 
2845200000 8.136250e+03 
2847350000 8.120575e+03 
2849500000 8.133900e+03 
2851650000 8.125825e+03 
2853800000 8.109100e+03 
2855950000 8.153100e+03 
2858100000 8.125600e+03 
2.860250e+09 8.114325e+03 
2862400000 8.137300e+03 
2864550000 8.107525e+03 
2866700000 8.112750e+03 
2868850000 8.123150e+03 
2871000000 8.129400e+03 
2873150000 8.141975e+03 
2875300000 8.146500e+03 
2877450000 8.139025e+03 
2879600000 8.117800e+03 
2881750000 8.130775e+03 
2883900000 8.131600e+03 
2886050000 8.127200e+03 
2888200000 8.128725e+03 
2.890350e+09 8.127750e+03 
2892500000 8.142875e+03 
2894650000 8.142550e+03 
2896800000 8.123325e+03 
2898950000 8.142250e+03 
2901100000 8.137750e+03 
2903250000 8.130475e+03 
2905400000 8.139675e+03 
2907550000 8.127700e+03 
2909700000 8.130200e+03 
2911850000 8.133775e+03 
2914000000 8.133650e+03 
2916150000 8.130250e+03 
2918300000 8.133050e+03 
2920450000 8.140100e+03 
2922600000 8117 
2924750000 8.123625e+03 
2926900000 8.127250e+03 
2929050000 8.134575e+03 
2931200000 8.123650e+03 
2933350000 8.154725e+03 
2935500000 8.128550e+03 
2937650000 8.134750e+03 
2939800000 8.107725e+03 
2941950000 8.123600e+03 
2.944100e+09 8.118275e+03 
2946250000 8.135925e+03 
2948400000 8.125900e+03 
2950550000 8.122825e+03 
2952700000 8.162300e+03 
2954850000 8.132650e+03 
2957000000 8.129950e+03 
2959150000 8.142025e+03 
2961300000 8.133025e+03 
2963450000 8.150350e+03 
2965600000 8.144100e+03 
2967750000 8.136675e+03 
2969900000 8.131300e+03 
2972050000 8.125075e+03 
2974200000 8.137350e+03 
2976350000 8.111175e+03 
2978500000 8.147475e+03 
2980650000 8.141975e+03 
2982800000 8.161300e+03 
2984950000 8.130300e+03 
2987100000 8.130575e+03 
2989250000 8.153900e+03 
2991400000 8.151900e+03 
2993550000 8.131550e+03 
2995700000 8.150575e+03 
2997850000 8.123225e+03 
3000000000 8.133125e+03 

END
