IGOR
WAVES/D/O sweep,sig(1) 
BEGIN
2570000000 8.295450e+03 
2.572150e+09 8.311075e+03 
2574300000 8.317450e+03 
2576450000 8.292375e+03 
2578600000 8.307975e+03 
2.580750e+09 8.314350e+03 
2582900000 8.305300e+03 
2585050000 8.294425e+03 
2.587200e+09 8.300300e+03 
2589350000 8.300450e+03 
2591500000 8.309125e+03 
2593650000 8.299900e+03 
2.595800e+09 8.294750e+03 
2597950000 8.316900e+03 
2600100000 8.296600e+03 
2.602250e+09 8.318550e+03 
2604400000 8.314025e+03 
2606550000 8.302525e+03 
2608700000 8.306775e+03 
2.610850e+09 8.313575e+03 
2613000000 8.296525e+03 
2615150000 8.288450e+03 
2.617300e+09 8299 
2619450000 8.289275e+03 
2621600000 8.299050e+03 
2623750000 8.276625e+03 
2.625900e+09 8.267650e+03 
2628050000 8.262125e+03 
2630200000 8.269325e+03 
2.632350e+09 8.253375e+03 
2634500000 8.242075e+03 
2636650000 8.271600e+03 
2638800000 8.264125e+03 
2.640950e+09 8.276675e+03 
2643100000 8.271100e+03 
2645250000 8303 
2.647400e+09 8.298250e+03 
2649550000 8.280475e+03 
2651700000 8.278575e+03 
2653850000 8.312875e+03 
2.656000e+09 8.296600e+03 
2658150000 8.280450e+03 
2660300000 8.279875e+03 
2.662450e+09 8.243400e+03 
2664600000 8.239025e+03 
2666750000 8216 
2668900000 8.224075e+03 
2.671050e+09 8.219175e+03 
2673200000 8.230750e+03 
2675350000 8.235225e+03 
2677500000 8.239625e+03 
2679650000 8.275575e+03 
2681800000 8.291925e+03 
2683950000 8.278025e+03 
2.686100e+09 8.289950e+03 
2688250000 8.295750e+03 
2690400000 8.321175e+03 
2692550000 8.284650e+03 
2694700000 8.289500e+03 
2696850000 8.274800e+03 
2699000000 8.264450e+03 
2.701150e+09 8.236425e+03 
2703300000 8.229675e+03 
2705450000 8.228850e+03 
2707600000 8.263575e+03 
2.709750e+09 8.236650e+03 
2711900000 8.238850e+03 
2714050000 8.269175e+03 
2.716200e+09 8.286175e+03 
2718350000 8.281275e+03 
2720500000 8.292300e+03 
2722650000 8.275900e+03 
2724800000 8.306275e+03 
2726950000 8.285125e+03 
2729100000 8.280550e+03 
2.731250e+09 8.299250e+03 
2733400000 8.289875e+03 
2735550000 8.260200e+03 
2737700000 8.277775e+03 
2.739850e+09 8.264150e+03 
2742000000 8.248450e+03 
2744150000 8.278550e+03 
2.746300e+09 8.262950e+03 
2748450000 8.290175e+03 
2750600000 8.294025e+03 
2752750000 8.285050e+03 
2754900000 8.289350e+03 
2757050000 8.297375e+03 
2759200000 8.302950e+03 
2.761350e+09 8.285750e+03 
2763500000 8.291675e+03 
2765650000 8.287550e+03 
2767800000 8.277425e+03 
2.769950e+09 8.291875e+03 
2772100000 8.293825e+03 
2774250000 8.317275e+03 
2.776400e+09 8.305950e+03 
2778550000 8.288050e+03 
2780700000 8.288025e+03 
2782850000 8.285775e+03 
2785000000 8.270600e+03 
2787150000 8.262200e+03 
2789300000 8.277250e+03 
2791450000 8.279400e+03 
2793600000 8.276625e+03 
2795750000 8.298775e+03 
2797900000 8.294825e+03 
2.800050e+09 8.270950e+03 
2802200000 8.288275e+03 
2804350000 8.271375e+03 
2806500000 8.276400e+03 
2808650000 8.297150e+03 
2810800000 8.276475e+03 
2812950000 8.278150e+03 
2815100000 8.286100e+03 
2817250000 8.307225e+03 
2819400000 8.290275e+03 
2821550000 8.300900e+03 
2823700000 8.299550e+03 
2825850000 8.286325e+03 
2828000000 8.284575e+03 
2.830150e+09 8.305775e+03 
2832300000 8.300475e+03 
2834450000 8.296650e+03 
2836600000 8.290300e+03 
2838750000 8.280475e+03 
2840900000 8.303400e+03 
2843050000 8.308875e+03 
2845200000 8.286025e+03 
2847350000 8.298850e+03 
2849500000 8.282225e+03 
2851650000 8.309075e+03 
2853800000 8.321700e+03 
2855950000 8.297675e+03 
2858100000 8.295750e+03 
2.860250e+09 8.303225e+03 
2862400000 8.282825e+03 
2864550000 8.306825e+03 
2866700000 8.287125e+03 
2868850000 8.301500e+03 
2871000000 8.275275e+03 
2873150000 8.302675e+03 
2875300000 8.294550e+03 
2877450000 8.291325e+03 
2879600000 8.301925e+03 
2881750000 8.310675e+03 
2883900000 8.280400e+03 
2886050000 8.284675e+03 
2888200000 8.273825e+03 
2.890350e+09 8.308925e+03 
2892500000 8.305550e+03 
2894650000 8.284425e+03 
2896800000 8.281200e+03 
2898950000 8.299900e+03 
2901100000 8.302100e+03 
2903250000 8.309600e+03 
2905400000 8278 
2907550000 8.291100e+03 
2909700000 8289 
2911850000 8.282650e+03 
2914000000 8.304175e+03 
2916150000 8.286700e+03 
2918300000 8.292925e+03 
2920450000 8.289825e+03 
2922600000 8.297225e+03 
2924750000 8.286075e+03 
2926900000 8319 
2929050000 8.307075e+03 
2931200000 8.291650e+03 
2933350000 8.291475e+03 
2935500000 8.312750e+03 
2937650000 8.312250e+03 
2939800000 8.309750e+03 
2941950000 8.315425e+03 
2.944100e+09 8.300250e+03 
2946250000 8.294950e+03 
2948400000 8.321075e+03 
2950550000 8.305150e+03 
2952700000 8.310500e+03 
2954850000 8.310100e+03 
2957000000 8.309200e+03 
2959150000 8.298975e+03 
2961300000 8.294225e+03 
2963450000 8.318375e+03 
2965600000 8.308175e+03 
2967750000 8.289700e+03 
2969900000 8.319075e+03 
2972050000 8.308700e+03 
2974200000 8.283225e+03 
2976350000 8.324875e+03 
2978500000 8.294075e+03 
2980650000 8.306150e+03 
2982800000 8.322225e+03 
2984950000 8.338500e+03 
2987100000 8335 
2989250000 8.312700e+03 
2991400000 8.327875e+03 
2993550000 8.320325e+03 
2995700000 8.308500e+03 
2997850000 8.301275e+03 
3000000000 8.296475e+03 

END
