IGOR
WAVES/D/O sweep,sig(1) 
BEGIN
2570000000 8.370275e+03 
2.572150e+09 8.345350e+03 
2574300000 8.346200e+03 
2576450000 8.332475e+03 
2578600000 8.343850e+03 
2.580750e+09 8.348525e+03 
2582900000 8.337075e+03 
2585050000 8.333800e+03 
2.587200e+09 8.359200e+03 
2589350000 8.348075e+03 
2591500000 8.340450e+03 
2593650000 8.346325e+03 
2.595800e+09 8.339225e+03 
2597950000 8.359375e+03 
2600100000 8.364850e+03 
2.602250e+09 8.360625e+03 
2604400000 8.335675e+03 
2606550000 8.363925e+03 
2608700000 8.332775e+03 
2.610850e+09 8.363375e+03 
2613000000 8.341925e+03 
2615150000 8.354250e+03 
2.617300e+09 8.341750e+03 
2619450000 8.334425e+03 
2621600000 8.332150e+03 
2623750000 8.304225e+03 
2.625900e+09 8.302325e+03 
2628050000 8.310750e+03 
2630200000 8.293975e+03 
2.632350e+09 8.299175e+03 
2634500000 8.284975e+03 
2636650000 8.297225e+03 
2638800000 8.299475e+03 
2.640950e+09 8.335950e+03 
2643100000 8.339900e+03 
2645250000 8.320625e+03 
2.647400e+09 8.332500e+03 
2649550000 8.307975e+03 
2651700000 8.336375e+03 
2653850000 8.348800e+03 
2.656000e+09 8.328500e+03 
2658150000 8.353075e+03 
2660300000 8.343725e+03 
2.662450e+09 8.301100e+03 
2664600000 8304 
2666750000 8.289700e+03 
2668900000 8.285650e+03 
2.671050e+09 8.283800e+03 
2673200000 8.304125e+03 
2675350000 8.296100e+03 
2677500000 8.301400e+03 
2679650000 8.310550e+03 
2681800000 8.335150e+03 
2683950000 8.338975e+03 
2.686100e+09 8.360375e+03 
2688250000 8.353925e+03 
2690400000 8.350275e+03 
2692550000 8.331025e+03 
2694700000 8.343750e+03 
2696850000 8.321750e+03 
2699000000 8.296650e+03 
2.701150e+09 8.290075e+03 
2703300000 8.286675e+03 
2705450000 8.270850e+03 
2707600000 8.280975e+03 
2.709750e+09 8.277125e+03 
2711900000 8.279750e+03 
2714050000 8.316475e+03 
2.716200e+09 8.340875e+03 
2718350000 8.342150e+03 
2720500000 8.342275e+03 
2722650000 8.357550e+03 
2724800000 8.368500e+03 
2726950000 8.352525e+03 
2729100000 8.359275e+03 
2.731250e+09 8.358825e+03 
2733400000 8.347125e+03 
2735550000 8.323550e+03 
2737700000 8.323325e+03 
2.739850e+09 8.321150e+03 
2742000000 8.320775e+03 
2744150000 8.316925e+03 
2.746300e+09 8.331825e+03 
2748450000 8.341350e+03 
2750600000 8.344550e+03 
2752750000 8.344450e+03 
2754900000 8.343200e+03 
2757050000 8.382200e+03 
2759200000 8.371100e+03 
2.761350e+09 8.353325e+03 
2763500000 8.364650e+03 
2765650000 8.388800e+03 
2767800000 8.367850e+03 
2.769950e+09 8.376550e+03 
2772100000 8.346375e+03 
2774250000 8.346900e+03 
2.776400e+09 8.350750e+03 
2778550000 8.357100e+03 
2780700000 8.355125e+03 
2782850000 8.383250e+03 
2785000000 8.367075e+03 
2787150000 8.368225e+03 
2789300000 8.384375e+03 
2791450000 8.354500e+03 
2793600000 8.362800e+03 
2795750000 8.347275e+03 
2797900000 8.358800e+03 
2.800050e+09 8.379450e+03 
2802200000 8.357450e+03 
2804350000 8.373925e+03 
2806500000 8.381275e+03 
2808650000 8.356075e+03 
2810800000 8.356475e+03 
2812950000 8.370175e+03 
2815100000 8.376275e+03 
2817250000 8.368125e+03 
2819400000 8.395800e+03 
2821550000 8.362950e+03 
2823700000 8.364925e+03 
2825850000 8.363650e+03 
2828000000 8.361800e+03 
2.830150e+09 8.346400e+03 
2832300000 8.362875e+03 
2834450000 8.368175e+03 
2836600000 8.381125e+03 
2838750000 8.373050e+03 
2840900000 8.356800e+03 
2843050000 8.340625e+03 
2845200000 8.356025e+03 
2847350000 8.337525e+03 
2849500000 8.346850e+03 
2851650000 8.377325e+03 
2853800000 8.358125e+03 
2855950000 8.362050e+03 
2858100000 8.373450e+03 
2.860250e+09 8.350800e+03 
2862400000 8.375425e+03 
2864550000 8.366625e+03 
2866700000 8.359175e+03 
2868850000 8.339475e+03 
2871000000 8.380225e+03 
2873150000 8.375825e+03 
2875300000 8.370350e+03 
2877450000 8.362025e+03 
2879600000 8.368175e+03 
2881750000 8.366850e+03 
2883900000 8371 
2886050000 8.381950e+03 
2888200000 8.353525e+03 
2.890350e+09 8.353700e+03 
2892500000 8.366350e+03 
2894650000 8375 
2896800000 8.349450e+03 
2898950000 8.356350e+03 
2901100000 8.375825e+03 
2903250000 8.357900e+03 
2905400000 8.343975e+03 
2907550000 8.374325e+03 
2909700000 8.346225e+03 
2911850000 8.361575e+03 
2914000000 8.374150e+03 
2916150000 8.366275e+03 
2918300000 8.364125e+03 
2920450000 8.361825e+03 
2922600000 8.366575e+03 
2924750000 8.358725e+03 
2926900000 8.357175e+03 
2929050000 8.366700e+03 
2931200000 8.366250e+03 
2933350000 8350 
2935500000 8.364825e+03 
2937650000 8.380725e+03 
2939800000 8.356775e+03 
2941950000 8.355700e+03 
2.944100e+09 8.341675e+03 
2946250000 8.355525e+03 
2948400000 8.374800e+03 
2950550000 8.361175e+03 
2952700000 8.395400e+03 
2954850000 8378 
2957000000 8.346075e+03 
2959150000 8.379950e+03 
2961300000 8.355225e+03 
2963450000 8.354775e+03 
2965600000 8.357375e+03 
2967750000 8.360400e+03 
2969900000 8.358475e+03 
2972050000 8.353075e+03 
2974200000 8.345475e+03 
2976350000 8.372450e+03 
2978500000 8.347175e+03 
2980650000 8.369925e+03 
2982800000 8.358425e+03 
2984950000 8.343675e+03 
2987100000 8.381975e+03 
2989250000 8.370825e+03 
2991400000 8.366100e+03 
2993550000 8.356700e+03 
2995700000 8.372725e+03 
2997850000 8.377325e+03 
3000000000 8.334050e+03 

END
