IGOR
WAVES/D/O sweep,sig(1) 
BEGIN
2570000000 8.206275e+03 
2.572150e+09 8.253625e+03 
2574300000 8.250450e+03 
2576450000 8.242275e+03 
2578600000 8.237725e+03 
2.580750e+09 8.237450e+03 
2582900000 8.233950e+03 
2585050000 8.239825e+03 
2.587200e+09 8.216775e+03 
2589350000 8.228600e+03 
2591500000 8.247725e+03 
2593650000 8.229175e+03 
2.595800e+09 8.243400e+03 
2597950000 8.250650e+03 
2600100000 8.230200e+03 
2.602250e+09 8.224500e+03 
2604400000 8.246225e+03 
2606550000 8.205650e+03 
2608700000 8.249775e+03 
2.610850e+09 8.220075e+03 
2613000000 8.234100e+03 
2615150000 8.235650e+03 
2.617300e+09 8.237575e+03 
2619450000 8.235650e+03 
2621600000 8.210700e+03 
2623750000 8.221125e+03 
2.625900e+09 8.206625e+03 
2628050000 8.196400e+03 
2630200000 8.191050e+03 
2.632350e+09 8.198525e+03 
2634500000 8.189700e+03 
2636650000 8.183950e+03 
2638800000 8.205700e+03 
2.640950e+09 8.201200e+03 
2643100000 8.208425e+03 
2645250000 8.216800e+03 
2.647400e+09 8.229900e+03 
2649550000 8.231725e+03 
2651700000 8.235050e+03 
2653850000 8.236550e+03 
2.656000e+09 8.231100e+03 
2658150000 8.227400e+03 
2660300000 8.219650e+03 
2.662450e+09 8.196475e+03 
2664600000 8.190700e+03 
2666750000 8.171350e+03 
2668900000 8.143725e+03 
2.671050e+09 8.165775e+03 
2673200000 8.167750e+03 
2675350000 8.186500e+03 
2677500000 8.182175e+03 
2679650000 8.199800e+03 
2681800000 8.225550e+03 
2683950000 8.222475e+03 
2.686100e+09 8.214950e+03 
2688250000 8.224675e+03 
2690400000 8.233925e+03 
2692550000 8.235275e+03 
2694700000 8.194525e+03 
2696850000 8.205225e+03 
2699000000 8.188375e+03 
2.701150e+09 8.156675e+03 
2703300000 8.161550e+03 
2705450000 8.144100e+03 
2707600000 8.181825e+03 
2.709750e+09 8.136475e+03 
2711900000 8.179075e+03 
2714050000 8.187600e+03 
2.716200e+09 8.222775e+03 
2718350000 8.219325e+03 
2720500000 8.205925e+03 
2722650000 8.201750e+03 
2724800000 8.215050e+03 
2726950000 8.197525e+03 
2729100000 8.228100e+03 
2.731250e+09 8.207725e+03 
2733400000 8.211850e+03 
2735550000 8.194125e+03 
2737700000 8.186475e+03 
2.739850e+09 8.156450e+03 
2742000000 8.199025e+03 
2744150000 8.162650e+03 
2.746300e+09 8.181675e+03 
2748450000 8.207450e+03 
2750600000 8.198325e+03 
2752750000 8.194825e+03 
2754900000 8.187600e+03 
2757050000 8.201325e+03 
2759200000 8.228375e+03 
2.761350e+09 8.215950e+03 
2763500000 8.208600e+03 
2765650000 8.236725e+03 
2767800000 8.234475e+03 
2.769950e+09 8.251950e+03 
2772100000 8.216625e+03 
2774250000 8.192550e+03 
2.776400e+09 8.224400e+03 
2778550000 8.207050e+03 
2780700000 8.210175e+03 
2782850000 8.218125e+03 
2785000000 8.211575e+03 
2787150000 8.186675e+03 
2789300000 8.221675e+03 
2791450000 8.210200e+03 
2793600000 8.201225e+03 
2795750000 8.196775e+03 
2797900000 8.200850e+03 
2.800050e+09 8.209425e+03 
2802200000 8.222725e+03 
2804350000 8.202275e+03 
2806500000 8.221125e+03 
2808650000 8.218200e+03 
2810800000 8.209025e+03 
2812950000 8.213775e+03 
2815100000 8.193025e+03 
2817250000 8.195775e+03 
2819400000 8.211400e+03 
2821550000 8.204425e+03 
2823700000 8.212700e+03 
2825850000 8.212200e+03 
2828000000 8.192400e+03 
2.830150e+09 8.233625e+03 
2832300000 8.221400e+03 
2834450000 8.194200e+03 
2836600000 8.230500e+03 
2838750000 8.221150e+03 
2840900000 8.213600e+03 
2843050000 8.193300e+03 
2845200000 8.221450e+03 
2847350000 8.213825e+03 
2849500000 8.183250e+03 
2851650000 8.210850e+03 
2853800000 8.204200e+03 
2855950000 8.213675e+03 
2858100000 8.190500e+03 
2.860250e+09 8.190300e+03 
2862400000 8.221050e+03 
2864550000 8.204675e+03 
2866700000 8.221150e+03 
2868850000 8.198375e+03 
2871000000 8230 
2873150000 8.239300e+03 
2875300000 8.205625e+03 
2877450000 8.224350e+03 
2879600000 8.197125e+03 
2881750000 8.195875e+03 
2883900000 8.209875e+03 
2886050000 8.198750e+03 
2888200000 8.207700e+03 
2.890350e+09 8.225225e+03 
2892500000 8.215675e+03 
2894650000 8.216600e+03 
2896800000 8.202475e+03 
2898950000 8.204375e+03 
2901100000 8.203425e+03 
2903250000 8.199900e+03 
2905400000 8.195550e+03 
2907550000 8.218525e+03 
2909700000 8.214450e+03 
2911850000 8.193600e+03 
2914000000 8.191625e+03 
2916150000 8.218975e+03 
2918300000 8.187425e+03 
2920450000 8.186575e+03 
2922600000 8.176575e+03 
2924750000 8.217975e+03 
2926900000 8.184425e+03 
2929050000 8.185675e+03 
2931200000 8.199150e+03 
2933350000 8.221200e+03 
2935500000 8.237825e+03 
2937650000 8.196900e+03 
2939800000 8.186500e+03 
2941950000 8.194625e+03 
2.944100e+09 8.192975e+03 
2946250000 8.200125e+03 
2948400000 8.183650e+03 
2950550000 8.203050e+03 
2952700000 8.222225e+03 
2954850000 8.206800e+03 
2957000000 8.201325e+03 
2959150000 8.196275e+03 
2961300000 8.200725e+03 
2963450000 8.233575e+03 
2965600000 8.183725e+03 
2967750000 8.214825e+03 
2969900000 8.204175e+03 
2972050000 8.208675e+03 
2974200000 8203 
2976350000 8.178075e+03 
2978500000 8.206375e+03 
2980650000 8.228850e+03 
2982800000 8.184350e+03 
2984950000 8.191575e+03 
2987100000 8.217275e+03 
2989250000 8.192100e+03 
2991400000 8.199900e+03 
2993550000 8.204375e+03 
2995700000 8188 
2997850000 8.219375e+03 
3000000000 8.176675e+03 

END
