IGOR
WAVES/D/O sweep,sig(1) 
BEGIN
2570000000 8.274850e+03 
2.572150e+09 8.291275e+03 
2574300000 8.297525e+03 
2576450000 8.264275e+03 
2578600000 8.277800e+03 
2.580750e+09 8.276025e+03 
2582900000 8.298375e+03 
2585050000 8.287100e+03 
2.587200e+09 8.275700e+03 
2589350000 8.270025e+03 
2591500000 8.309100e+03 
2593650000 8.298425e+03 
2.595800e+09 8.279475e+03 
2597950000 8.279775e+03 
2600100000 8.279850e+03 
2.602250e+09 8.278600e+03 
2604400000 8.265675e+03 
2606550000 8.259075e+03 
2608700000 8.275425e+03 
2.610850e+09 8.273900e+03 
2613000000 8.279575e+03 
2615150000 8.284700e+03 
2.617300e+09 8.283175e+03 
2619450000 8.278125e+03 
2621600000 8.271550e+03 
2623750000 8.253825e+03 
2.625900e+09 8.235400e+03 
2628050000 8.232650e+03 
2630200000 8.259950e+03 
2.632350e+09 8.233975e+03 
2634500000 8.242025e+03 
2636650000 8.252400e+03 
2638800000 8.259750e+03 
2.640950e+09 8.270375e+03 
2643100000 8.271025e+03 
2645250000 8.290475e+03 
2.647400e+09 8.293450e+03 
2649550000 8.258375e+03 
2651700000 8.297950e+03 
2653850000 8.280325e+03 
2.656000e+09 8.259450e+03 
2658150000 8.280975e+03 
2660300000 8.286225e+03 
2.662450e+09 8.234175e+03 
2664600000 8.224400e+03 
2666750000 8.220875e+03 
2668900000 8.194725e+03 
2.671050e+09 8.207750e+03 
2673200000 8.210125e+03 
2675350000 8.233200e+03 
2677500000 8.241125e+03 
2679650000 8.244050e+03 
2681800000 8.251350e+03 
2683950000 8.261825e+03 
2.686100e+09 8279 
2688250000 8.286425e+03 
2690400000 8.282600e+03 
2692550000 8.257900e+03 
2694700000 8.282150e+03 
2696850000 8.223600e+03 
2699000000 8.225375e+03 
2.701150e+09 8.242275e+03 
2703300000 8.234750e+03 
2705450000 8.224950e+03 
2707600000 8.212025e+03 
2.709750e+09 8.232250e+03 
2711900000 8.232375e+03 
2714050000 8.262825e+03 
2.716200e+09 8.277925e+03 
2718350000 8.252175e+03 
2720500000 8.280500e+03 
2722650000 8.256025e+03 
2724800000 8.281875e+03 
2726950000 8.281125e+03 
2729100000 8.285225e+03 
2.731250e+09 8.279575e+03 
2733400000 8.275175e+03 
2735550000 8.261650e+03 
2737700000 8.251800e+03 
2.739850e+09 8.278325e+03 
2742000000 8.263075e+03 
2744150000 8.261825e+03 
2.746300e+09 8.264375e+03 
2748450000 8.259400e+03 
2750600000 8.261750e+03 
2752750000 8.277975e+03 
2754900000 8.286825e+03 
2757050000 8.274400e+03 
2759200000 8.281850e+03 
2.761350e+09 8.275350e+03 
2763500000 8.284250e+03 
2765650000 8.325125e+03 
2767800000 8.294875e+03 
2.769950e+09 8.268050e+03 
2772100000 8.278025e+03 
2774250000 8.298725e+03 
2.776400e+09 8.265550e+03 
2778550000 8.298825e+03 
2780700000 8.292500e+03 
2782850000 8.282600e+03 
2785000000 8.270825e+03 
2787150000 8.277975e+03 
2789300000 8.269050e+03 
2791450000 8.269975e+03 
2793600000 8.266875e+03 
2795750000 8.292800e+03 
2797900000 8.274100e+03 
2.800050e+09 8.281550e+03 
2802200000 8.290675e+03 
2804350000 8.257875e+03 
2806500000 8.285850e+03 
2808650000 8.302475e+03 
2810800000 8.260975e+03 
2812950000 8.297375e+03 
2815100000 8.305450e+03 
2817250000 8.288875e+03 
2819400000 8.276350e+03 
2821550000 8.284325e+03 
2823700000 8.290950e+03 
2825850000 8.291800e+03 
2828000000 8.300850e+03 
2.830150e+09 8.282375e+03 
2832300000 8.271350e+03 
2834450000 8.296950e+03 
2836600000 8.295025e+03 
2838750000 8.286675e+03 
2840900000 8.284550e+03 
2843050000 8.269550e+03 
2845200000 8.290600e+03 
2847350000 8.287450e+03 
2849500000 8.296875e+03 
2851650000 8.294425e+03 
2853800000 8.276600e+03 
2855950000 8.287475e+03 
2858100000 8.272300e+03 
2.860250e+09 8.293975e+03 
2862400000 8.279600e+03 
2864550000 8.290850e+03 
2866700000 8.290625e+03 
2868850000 8.252325e+03 
2871000000 8.286375e+03 
2873150000 8.290275e+03 
2875300000 8.294400e+03 
2877450000 8.291250e+03 
2879600000 8.279350e+03 
2881750000 8.263875e+03 
2883900000 8.281175e+03 
2886050000 8.264375e+03 
2888200000 8.262325e+03 
2.890350e+09 8.298450e+03 
2892500000 8.283125e+03 
2894650000 8.268875e+03 
2896800000 8.284175e+03 
2898950000 8.280500e+03 
2901100000 8.278850e+03 
2903250000 8.281075e+03 
2905400000 8.287175e+03 
2907550000 8289 
2909700000 8.287275e+03 
2911850000 8.288750e+03 
2914000000 8.271875e+03 
2916150000 8.252625e+03 
2918300000 8.300175e+03 
2920450000 8.252700e+03 
2922600000 8273 
2924750000 8.290625e+03 
2926900000 8.270850e+03 
2929050000 8.261900e+03 
2931200000 8.291750e+03 
2933350000 8.289075e+03 
2935500000 8.274675e+03 
2937650000 8.283750e+03 
2939800000 8284 
2941950000 8.243500e+03 
2.944100e+09 8.301075e+03 
2946250000 8.267925e+03 
2948400000 8.274025e+03 
2950550000 8.269200e+03 
2952700000 8.286925e+03 
2954850000 8.272800e+03 
2957000000 8.283275e+03 
2959150000 8.295950e+03 
2961300000 8.255500e+03 
2963450000 8.287500e+03 
2965600000 8.274225e+03 
2967750000 8.273700e+03 
2969900000 8.293950e+03 
2972050000 8.273750e+03 
2974200000 8.306700e+03 
2976350000 8.294625e+03 
2978500000 8.280950e+03 
2980650000 8.298725e+03 
2982800000 8287 
2984950000 8.295800e+03 
2987100000 8.299475e+03 
2989250000 8.270925e+03 
2991400000 8.283275e+03 
2993550000 8.274325e+03 
2995700000 8.296925e+03 
2997850000 8.280175e+03 
3000000000 8.309725e+03 

END
