IGOR
WAVES/D/O sweep,sig(1) 
BEGIN
2570000000 8.355725e+03 
2.572150e+09 8.374375e+03 
2574300000 8.359950e+03 
2576450000 8.358275e+03 
2578600000 8.346825e+03 
2.580750e+09 8.341425e+03 
2582900000 8.342250e+03 
2585050000 8.353675e+03 
2.587200e+09 8.343700e+03 
2589350000 8.356625e+03 
2591500000 8.373700e+03 
2593650000 8.348025e+03 
2.595800e+09 8.341275e+03 
2597950000 8.337650e+03 
2600100000 8.355325e+03 
2.602250e+09 8.340575e+03 
2604400000 8.356200e+03 
2606550000 8.346300e+03 
2608700000 8.335025e+03 
2.610850e+09 8.343225e+03 
2613000000 8340 
2615150000 8.355575e+03 
2.617300e+09 8.352375e+03 
2619450000 8.355375e+03 
2621600000 8.343150e+03 
2623750000 8.324825e+03 
2.625900e+09 8.313250e+03 
2628050000 8.331250e+03 
2630200000 8.308725e+03 
2.632350e+09 8.314725e+03 
2634500000 8.333550e+03 
2636650000 8.333100e+03 
2638800000 8.315200e+03 
2.640950e+09 8.327275e+03 
2643100000 8.350125e+03 
2645250000 8.344325e+03 
2.647400e+09 8.355525e+03 
2649550000 8.363675e+03 
2651700000 8353 
2653850000 8.357625e+03 
2.656000e+09 8.329775e+03 
2658150000 8.349725e+03 
2660300000 8.321900e+03 
2.662450e+09 8.309450e+03 
2664600000 8.299325e+03 
2666750000 8.279950e+03 
2668900000 8.272925e+03 
2.671050e+09 8.282500e+03 
2673200000 8.278300e+03 
2675350000 8.311100e+03 
2677500000 8.304875e+03 
2679650000 8.328475e+03 
2681800000 8.326850e+03 
2683950000 8.347900e+03 
2.686100e+09 8.357725e+03 
2688250000 8.371900e+03 
2690400000 8.343750e+03 
2692550000 8.335925e+03 
2694700000 8.328475e+03 
2696850000 8.320600e+03 
2699000000 8.308750e+03 
2.701150e+09 8.305850e+03 
2703300000 8.272975e+03 
2705450000 8.286375e+03 
2707600000 8.293650e+03 
2.709750e+09 8.285800e+03 
2711900000 8.296625e+03 
2714050000 8.337025e+03 
2.716200e+09 8.333350e+03 
2718350000 8.339175e+03 
2720500000 8.364550e+03 
2722650000 8.352375e+03 
2724800000 8352 
2726950000 8.367950e+03 
2729100000 8.350225e+03 
2.731250e+09 8337 
2733400000 8.325750e+03 
2735550000 8.311325e+03 
2737700000 8.312400e+03 
2.739850e+09 8.299900e+03 
2742000000 8.316650e+03 
2744150000 8.318800e+03 
2.746300e+09 8.301450e+03 
2748450000 8.321975e+03 
2750600000 8.315225e+03 
2752750000 8.344300e+03 
2754900000 8.337375e+03 
2757050000 8.333300e+03 
2759200000 8.340650e+03 
2.761350e+09 8.336150e+03 
2763500000 8.345900e+03 
2765650000 8.336675e+03 
2767800000 8.357650e+03 
2.769950e+09 8.335800e+03 
2772100000 8.350375e+03 
2774250000 8.345450e+03 
2.776400e+09 8.314525e+03 
2778550000 8.327600e+03 
2780700000 8.333925e+03 
2782850000 8.321350e+03 
2785000000 8.329675e+03 
2787150000 8.337100e+03 
2789300000 8.330400e+03 
2791450000 8.325025e+03 
2793600000 8.327825e+03 
2795750000 8.340675e+03 
2797900000 8.330875e+03 
2.800050e+09 8.310550e+03 
2802200000 8.307600e+03 
2804350000 8.316350e+03 
2806500000 8.331225e+03 
2808650000 8.322175e+03 
2810800000 8.335700e+03 
2812950000 8.324325e+03 
2815100000 8.330725e+03 
2817250000 8.355150e+03 
2819400000 8.336250e+03 
2821550000 8.353050e+03 
2823700000 8.330850e+03 
2825850000 8.338025e+03 
2828000000 8.357950e+03 
2.830150e+09 8.324375e+03 
2832300000 8.325800e+03 
2834450000 8.345250e+03 
2836600000 8.347925e+03 
2838750000 8.329325e+03 
2840900000 8.309650e+03 
2843050000 8.333725e+03 
2845200000 8.341650e+03 
2847350000 8.325375e+03 
2849500000 8.338575e+03 
2851650000 8.342325e+03 
2853800000 8.319550e+03 
2855950000 8.352200e+03 
2858100000 8.325925e+03 
2.860250e+09 8.361025e+03 
2862400000 8.327450e+03 
2864550000 8.318725e+03 
2866700000 8.324425e+03 
2868850000 8.323550e+03 
2871000000 8.329550e+03 
2873150000 8.343525e+03 
2875300000 8.335525e+03 
2877450000 8347 
2879600000 8.342450e+03 
2881750000 8.325500e+03 
2883900000 8.343225e+03 
2886050000 8.347725e+03 
2888200000 8.326875e+03 
2.890350e+09 8.332950e+03 
2892500000 8.339550e+03 
2894650000 8.336925e+03 
2896800000 8.316775e+03 
2898950000 8.337200e+03 
2901100000 8.360300e+03 
2903250000 8.342400e+03 
2905400000 8.328800e+03 
2907550000 8.346325e+03 
2909700000 8.328350e+03 
2911850000 8.341550e+03 
2914000000 8.363100e+03 
2916150000 8.329750e+03 
2918300000 8.335400e+03 
2920450000 8.314300e+03 
2922600000 8.348275e+03 
2924750000 8.343250e+03 
2926900000 8.350075e+03 
2929050000 8.327350e+03 
2931200000 8.332825e+03 
2933350000 8.350425e+03 
2935500000 8.334225e+03 
2937650000 8.336300e+03 
2939800000 8.336150e+03 
2941950000 8.336225e+03 
2.944100e+09 8.327525e+03 
2946250000 8.319875e+03 
2948400000 8.316975e+03 
2950550000 8.336875e+03 
2952700000 8.339075e+03 
2954850000 8.314450e+03 
2957000000 8.330200e+03 
2959150000 8.330175e+03 
2961300000 8.328200e+03 
2963450000 8343 
2965600000 8.328700e+03 
2967750000 8.339525e+03 
2969900000 8320 
2972050000 8.349800e+03 
2974200000 8.351475e+03 
2976350000 8.339525e+03 
2978500000 8.324950e+03 
2980650000 8.312750e+03 
2982800000 8.336525e+03 
2984950000 8.349500e+03 
2987100000 8.331900e+03 
2989250000 8.335725e+03 
2991400000 8.338400e+03 
2993550000 8.308825e+03 
2995700000 8.318900e+03 
2997850000 8.335325e+03 
3000000000 8.322325e+03 

END
