IGOR
WAVES/D/O sweep,sig(1) 
BEGIN
2570000000 8.203050e+03 
2.572150e+09 8.216450e+03 
2574300000 8.210100e+03 
2576450000 8.205300e+03 
2578600000 8.193425e+03 
2.580750e+09 8.211750e+03 
2582900000 8.211800e+03 
2585050000 8.198100e+03 
2.587200e+09 8.189900e+03 
2589350000 8.196200e+03 
2591500000 8.219325e+03 
2593650000 8.196700e+03 
2.595800e+09 8.208100e+03 
2597950000 8.199575e+03 
2600100000 8.172600e+03 
2.602250e+09 8.193025e+03 
2604400000 8.198050e+03 
2606550000 8.203150e+03 
2608700000 8.207600e+03 
2.610850e+09 8.202900e+03 
2613000000 8.197975e+03 
2615150000 8.186200e+03 
2.617300e+09 8.198175e+03 
2619450000 8.198250e+03 
2621600000 8.171600e+03 
2623750000 8.172625e+03 
2.625900e+09 8.142025e+03 
2628050000 8.151500e+03 
2630200000 8.148025e+03 
2.632350e+09 8.153875e+03 
2634500000 8.154350e+03 
2636650000 8.175575e+03 
2638800000 8.179950e+03 
2.640950e+09 8.163425e+03 
2643100000 8.207325e+03 
2645250000 8.223600e+03 
2.647400e+09 8.206175e+03 
2649550000 8.180500e+03 
2651700000 8.187850e+03 
2653850000 8.201475e+03 
2.656000e+09 8.174300e+03 
2658150000 8.189525e+03 
2660300000 8.206025e+03 
2.662450e+09 8.176575e+03 
2664600000 8.146700e+03 
2666750000 8.151900e+03 
2668900000 8.137400e+03 
2.671050e+09 8.136700e+03 
2673200000 8.118175e+03 
2675350000 8.155500e+03 
2677500000 8.182975e+03 
2679650000 8.155550e+03 
2681800000 8.208875e+03 
2683950000 8.192250e+03 
2.686100e+09 8.200125e+03 
2688250000 8.191975e+03 
2690400000 8.179400e+03 
2692550000 8.189925e+03 
2694700000 8.205650e+03 
2696850000 8.171825e+03 
2699000000 8.152350e+03 
2.701150e+09 8.134250e+03 
2703300000 8.136375e+03 
2705450000 8.117375e+03 
2707600000 8.127400e+03 
2.709750e+09 8.143425e+03 
2711900000 8.169275e+03 
2714050000 8.172275e+03 
2.716200e+09 8.171875e+03 
2718350000 8.185725e+03 
2720500000 8.201275e+03 
2722650000 8197 
2724800000 8.195475e+03 
2726950000 8.178850e+03 
2729100000 8.183650e+03 
2.731250e+09 8.163625e+03 
2733400000 8.166575e+03 
2735550000 8.173900e+03 
2737700000 8.182425e+03 
2.739850e+09 8.171025e+03 
2742000000 8.158800e+03 
2744150000 8.148025e+03 
2.746300e+09 8.143275e+03 
2748450000 8.161325e+03 
2750600000 8.166650e+03 
2752750000 8.199050e+03 
2754900000 8.184275e+03 
2757050000 8.189800e+03 
2759200000 8.192950e+03 
2.761350e+09 8.179300e+03 
2763500000 8.180125e+03 
2765650000 8.189475e+03 
2767800000 8.194700e+03 
2.769950e+09 8.182600e+03 
2772100000 8.200200e+03 
2774250000 8.221275e+03 
2.776400e+09 8.200550e+03 
2778550000 8.197850e+03 
2780700000 8.176425e+03 
2782850000 8.196550e+03 
2785000000 8.197925e+03 
2787150000 8.207600e+03 
2789300000 8.182225e+03 
2791450000 8.200775e+03 
2793600000 8.200700e+03 
2795750000 8.214525e+03 
2797900000 8.191675e+03 
2.800050e+09 8.197250e+03 
2802200000 8.211125e+03 
2804350000 8.212025e+03 
2806500000 8.188575e+03 
2808650000 8.196850e+03 
2810800000 8.192900e+03 
2812950000 8.205250e+03 
2815100000 8.214875e+03 
2817250000 8.192100e+03 
2819400000 8.193825e+03 
2821550000 8201 
2823700000 8.210750e+03 
2825850000 8.200250e+03 
2828000000 8.206950e+03 
2.830150e+09 8223 
2832300000 8.209175e+03 
2834450000 8.200200e+03 
2836600000 8.207500e+03 
2838750000 8.196550e+03 
2840900000 8.209750e+03 
2843050000 8.207475e+03 
2845200000 8.223550e+03 
2847350000 8.192275e+03 
2849500000 8.173875e+03 
2851650000 8.187500e+03 
2853800000 8.192550e+03 
2855950000 8.219625e+03 
2858100000 8.202625e+03 
2.860250e+09 8.210900e+03 
2862400000 8.193750e+03 
2864550000 8.222725e+03 
2866700000 8.195475e+03 
2868850000 8.219575e+03 
2871000000 8207 
2873150000 8.201500e+03 
2875300000 8202 
2877450000 8.212600e+03 
2879600000 8.187600e+03 
2881750000 8.214900e+03 
2883900000 8.215325e+03 
2886050000 8.183550e+03 
2888200000 8.208250e+03 
2.890350e+09 8.212800e+03 
2892500000 8.217850e+03 
2894650000 8.182525e+03 
2896800000 8.221400e+03 
2898950000 8.209400e+03 
2901100000 8.199925e+03 
2903250000 8.207250e+03 
2905400000 8.217850e+03 
2907550000 8.199125e+03 
2909700000 8.237050e+03 
2911850000 8.208100e+03 
2914000000 8.224200e+03 
2916150000 8.220800e+03 
2918300000 8.197250e+03 
2920450000 8209 
2922600000 8.199575e+03 
2924750000 8.206775e+03 
2926900000 8.217025e+03 
2929050000 8.213250e+03 
2931200000 8.234950e+03 
2933350000 8.241375e+03 
2935500000 8.217600e+03 
2937650000 8.215800e+03 
2939800000 8.217800e+03 
2941950000 8.192275e+03 
2.944100e+09 8.217350e+03 
2946250000 8.220375e+03 
2948400000 8.227350e+03 
2950550000 8.247025e+03 
2952700000 8.209525e+03 
2954850000 8.224400e+03 
2957000000 8.204475e+03 
2959150000 8.199325e+03 
2961300000 8.212950e+03 
2963450000 8.205675e+03 
2965600000 8.207500e+03 
2967750000 8.234350e+03 
2969900000 8.195325e+03 
2972050000 8219 
2974200000 8.224100e+03 
2976350000 8.215450e+03 
2978500000 8.232225e+03 
2980650000 8.220050e+03 
2982800000 8.238975e+03 
2984950000 8.239100e+03 
2987100000 8.214375e+03 
2989250000 8.238650e+03 
2991400000 8.243050e+03 
2993550000 8.216750e+03 
2995700000 8.215375e+03 
2997850000 8.214800e+03 
3000000000 8.226600e+03 

END
