IGOR
WAVES/D/O sweep,sig(1) 
BEGIN
2570000000 8.132425e+03 
2.572150e+09 8.123200e+03 
2574300000 8.147150e+03 
2576450000 8.153500e+03 
2578600000 8.146075e+03 
2.580750e+09 8.132400e+03 
2582900000 8.159200e+03 
2585050000 8.148400e+03 
2.587200e+09 8.138950e+03 
2589350000 8.133675e+03 
2591500000 8.147650e+03 
2593650000 8.127900e+03 
2.595800e+09 8.121525e+03 
2597950000 8.128175e+03 
2600100000 8.135425e+03 
2.602250e+09 8.130350e+03 
2604400000 8.139250e+03 
2606550000 8.144625e+03 
2608700000 8.151625e+03 
2.610850e+09 8.148800e+03 
2613000000 8.138200e+03 
2615150000 8.154250e+03 
2.617300e+09 8.161825e+03 
2619450000 8.127150e+03 
2621600000 8.125250e+03 
2623750000 8.114950e+03 
2.625900e+09 8.093975e+03 
2628050000 8.098150e+03 
2630200000 8.091175e+03 
2.632350e+09 8.084125e+03 
2634500000 8.095875e+03 
2636650000 8.106275e+03 
2638800000 8.081675e+03 
2.640950e+09 8.096675e+03 
2643100000 8.122025e+03 
2645250000 8.137250e+03 
2.647400e+09 8.139725e+03 
2649550000 8.136650e+03 
2651700000 8.139050e+03 
2653850000 8.131900e+03 
2.656000e+09 8.140925e+03 
2658150000 8.132550e+03 
2660300000 8.132100e+03 
2.662450e+09 8.103350e+03 
2664600000 8.079550e+03 
2666750000 8.087200e+03 
2668900000 8.074650e+03 
2.671050e+09 8.086275e+03 
2673200000 8.084375e+03 
2675350000 8.053475e+03 
2677500000 8.078275e+03 
2679650000 8.104350e+03 
2681800000 8.113125e+03 
2683950000 8.131675e+03 
2.686100e+09 8.149275e+03 
2688250000 8.139025e+03 
2690400000 8132 
2692550000 8.140125e+03 
2694700000 8.133550e+03 
2696850000 8.089175e+03 
2699000000 8.106050e+03 
2.701150e+09 8.065200e+03 
2703300000 8.089650e+03 
2705450000 8.063100e+03 
2707600000 8.056900e+03 
2.709750e+09 8.067025e+03 
2711900000 8.073225e+03 
2714050000 8.109875e+03 
2.716200e+09 8.136825e+03 
2718350000 8.145200e+03 
2720500000 8.147275e+03 
2722650000 8.143350e+03 
2724800000 8.138175e+03 
2726950000 8.133700e+03 
2729100000 8.112950e+03 
2.731250e+09 8.122950e+03 
2733400000 8.109550e+03 
2735550000 8.097800e+03 
2737700000 8.086375e+03 
2.739850e+09 8.110600e+03 
2742000000 8.097925e+03 
2744150000 8.091575e+03 
2.746300e+09 8.076725e+03 
2748450000 8.115300e+03 
2750600000 8.125925e+03 
2752750000 8.122975e+03 
2754900000 8.133350e+03 
2757050000 8.099975e+03 
2759200000 8.130450e+03 
2.761350e+09 8.132600e+03 
2763500000 8.103750e+03 
2765650000 8.140400e+03 
2767800000 8.146425e+03 
2.769950e+09 8.105400e+03 
2772100000 8.113025e+03 
2774250000 8.122025e+03 
2.776400e+09 8.152950e+03 
2778550000 8.118200e+03 
2780700000 8.133400e+03 
2782850000 8.109350e+03 
2785000000 8.123600e+03 
2787150000 8.135650e+03 
2789300000 8.131925e+03 
2791450000 8.105375e+03 
2793600000 8.119550e+03 
2795750000 8.116100e+03 
2797900000 8.144225e+03 
2.800050e+09 8.104125e+03 
2802200000 8.132725e+03 
2804350000 8.125375e+03 
2806500000 8.113450e+03 
2808650000 8.125800e+03 
2810800000 8.100075e+03 
2812950000 8116 
2815100000 8.122525e+03 
2817250000 8.131050e+03 
2819400000 8.122550e+03 
2821550000 8.151750e+03 
2823700000 8.115025e+03 
2825850000 8.146425e+03 
2828000000 8.115075e+03 
2.830150e+09 8.137400e+03 
2832300000 8.149325e+03 
2834450000 8.131175e+03 
2836600000 8.131825e+03 
2838750000 8.142825e+03 
2840900000 8.135050e+03 
2843050000 8.124425e+03 
2845200000 8.142950e+03 
2847350000 8.170225e+03 
2849500000 8.123675e+03 
2851650000 8.130025e+03 
2853800000 8.119600e+03 
2855950000 8.120900e+03 
2858100000 8.111625e+03 
2.860250e+09 8.133800e+03 
2862400000 8.125125e+03 
2864550000 8.117975e+03 
2866700000 8.124200e+03 
2868850000 8.134150e+03 
2871000000 8.130425e+03 
2873150000 8.114100e+03 
2875300000 8.147650e+03 
2877450000 8.136075e+03 
2879600000 8.112275e+03 
2881750000 8.144175e+03 
2883900000 8.126075e+03 
2886050000 8.111075e+03 
2888200000 8.111900e+03 
2.890350e+09 8.136650e+03 
2892500000 8.101875e+03 
2894650000 8.108550e+03 
2896800000 8.098925e+03 
2898950000 8.121300e+03 
2901100000 8.138850e+03 
2903250000 8115 
2905400000 8.120400e+03 
2907550000 8.116400e+03 
2909700000 8.127575e+03 
2911850000 8.147600e+03 
2914000000 8.103425e+03 
2916150000 8.127675e+03 
2918300000 8.123200e+03 
2920450000 8.118275e+03 
2922600000 8.120975e+03 
2924750000 8.114075e+03 
2926900000 8.120775e+03 
2929050000 8.114075e+03 
2931200000 8.095950e+03 
2933350000 8.116075e+03 
2935500000 8.117100e+03 
2937650000 8.144700e+03 
2939800000 8.121875e+03 
2941950000 8.149600e+03 
2.944100e+09 8.149275e+03 
2946250000 8.118025e+03 
2948400000 8.121325e+03 
2950550000 8.120750e+03 
2952700000 8.131700e+03 
2954850000 8.148450e+03 
2957000000 8.128525e+03 
2959150000 8.141350e+03 
2961300000 8.151500e+03 
2963450000 8.140475e+03 
2965600000 8.114450e+03 
2967750000 8.114700e+03 
2969900000 8.125400e+03 
2972050000 8.122825e+03 
2974200000 8.111425e+03 
2976350000 8.145800e+03 
2978500000 8.113600e+03 
2980650000 8.125100e+03 
2982800000 8.127075e+03 
2984950000 8.140350e+03 
2987100000 8.137175e+03 
2989250000 8.136725e+03 
2991400000 8.131450e+03 
2993550000 8.107900e+03 
2995700000 8.133925e+03 
2997850000 8.129925e+03 
3000000000 8.120625e+03 

END
