IGOR
WAVES/D/O sweep,sig(1) 
BEGIN
2570000000 8.101875e+03 
2.572150e+09 8.090900e+03 
2574300000 8.107625e+03 
2576450000 8.109500e+03 
2578600000 8.120200e+03 
2.580750e+09 8.106450e+03 
2582900000 8.089650e+03 
2585050000 8.091900e+03 
2.587200e+09 8.099050e+03 
2589350000 8.115550e+03 
2591500000 8.102125e+03 
2593650000 8.125125e+03 
2.595800e+09 8.103775e+03 
2597950000 8.100775e+03 
2600100000 8.115200e+03 
2.602250e+09 8.110675e+03 
2604400000 8.106200e+03 
2606550000 8.105700e+03 
2608700000 8.095250e+03 
2.610850e+09 8.122900e+03 
2613000000 8.088300e+03 
2615150000 8.107125e+03 
2.617300e+09 8.081675e+03 
2619450000 8.114825e+03 
2621600000 8.116325e+03 
2623750000 8.088575e+03 
2.625900e+09 8.092925e+03 
2628050000 8.065075e+03 
2630200000 8.059375e+03 
2.632350e+09 8.049875e+03 
2634500000 8.061975e+03 
2636650000 8.063975e+03 
2638800000 8.105175e+03 
2.640950e+09 8.113275e+03 
2643100000 8114 
2645250000 8.109200e+03 
2.647400e+09 8.121300e+03 
2649550000 8.102300e+03 
2651700000 8.107900e+03 
2653850000 8.114500e+03 
2.656000e+09 8.097975e+03 
2658150000 8.084400e+03 
2660300000 8.100200e+03 
2.662450e+09 8.070400e+03 
2664600000 8.056275e+03 
2666750000 8.025775e+03 
2668900000 8.026950e+03 
2.671050e+09 8.037400e+03 
2673200000 8.050425e+03 
2675350000 8.071950e+03 
2677500000 8.054100e+03 
2679650000 8.089550e+03 
2681800000 8.111425e+03 
2683950000 8113 
2.686100e+09 8.113475e+03 
2688250000 8.099675e+03 
2690400000 8.106625e+03 
2692550000 8.115725e+03 
2694700000 8.096350e+03 
2696850000 8.102600e+03 
2699000000 8.069150e+03 
2.701150e+09 8.066950e+03 
2703300000 8.051475e+03 
2705450000 8.047100e+03 
2707600000 8.042525e+03 
2.709750e+09 8.058075e+03 
2711900000 8103 
2714050000 8.113625e+03 
2.716200e+09 8.095275e+03 
2718350000 8.102575e+03 
2720500000 8.120825e+03 
2722650000 8.104275e+03 
2724800000 8.088650e+03 
2726950000 8.129675e+03 
2729100000 8.114975e+03 
2.731250e+09 8.099575e+03 
2733400000 8.079600e+03 
2735550000 8.078175e+03 
2737700000 8.086975e+03 
2.739850e+09 8.099050e+03 
2742000000 8.077350e+03 
2744150000 8.095900e+03 
2.746300e+09 8.108475e+03 
2748450000 8.106150e+03 
2750600000 8.092425e+03 
2752750000 8.136750e+03 
2754900000 8.120175e+03 
2757050000 8.097425e+03 
2759200000 8.125850e+03 
2.761350e+09 8.115400e+03 
2763500000 8.130725e+03 
2765650000 8.129125e+03 
2767800000 8.101925e+03 
2.769950e+09 8.102050e+03 
2772100000 8.119050e+03 
2774250000 8.140525e+03 
2.776400e+09 8.114750e+03 
2778550000 8.100850e+03 
2780700000 8.144800e+03 
2782850000 8.113850e+03 
2785000000 8.112725e+03 
2787150000 8.127700e+03 
2789300000 8.126650e+03 
2791450000 8.122100e+03 
2793600000 8.107825e+03 
2795750000 8.124875e+03 
2797900000 8.098225e+03 
2.800050e+09 8.103250e+03 
2802200000 8134 
2804350000 8.119175e+03 
2806500000 8.123325e+03 
2808650000 8.115600e+03 
2810800000 8.133100e+03 
2812950000 8.135650e+03 
2815100000 8.147975e+03 
2817250000 8.123175e+03 
2819400000 8.119525e+03 
2821550000 8.115275e+03 
2823700000 8.105650e+03 
2825850000 8.116975e+03 
2828000000 8.124700e+03 
2.830150e+09 8.123750e+03 
2832300000 8.114100e+03 
2834450000 8.129900e+03 
2836600000 8119 
2838750000 8.114075e+03 
2840900000 8.128250e+03 
2843050000 8.132100e+03 
2845200000 8.121225e+03 
2847350000 8.095650e+03 
2849500000 8.108325e+03 
2851650000 8.133175e+03 
2853800000 8.120575e+03 
2855950000 8.124300e+03 
2858100000 8.118525e+03 
2.860250e+09 8.123450e+03 
2862400000 8.132375e+03 
2864550000 8.120575e+03 
2866700000 8.099775e+03 
2868850000 8.117175e+03 
2871000000 8.102200e+03 
2873150000 8.106975e+03 
2875300000 8.110875e+03 
2877450000 8.140725e+03 
2879600000 8.119075e+03 
2881750000 8.102550e+03 
2883900000 8.125725e+03 
2886050000 8.133775e+03 
2888200000 8.111950e+03 
2.890350e+09 8.112225e+03 
2892500000 8.122675e+03 
2894650000 8.109850e+03 
2896800000 8.099650e+03 
2898950000 8.119850e+03 
2901100000 8.122725e+03 
2903250000 8.110825e+03 
2905400000 8.123375e+03 
2907550000 8.118225e+03 
2909700000 8.104600e+03 
2911850000 8.119850e+03 
2914000000 8.108200e+03 
2916150000 8.122675e+03 
2918300000 8.127975e+03 
2920450000 8.117950e+03 
2922600000 8.122675e+03 
2924750000 8.138775e+03 
2926900000 8.120100e+03 
2929050000 8.123950e+03 
2931200000 8.126600e+03 
2933350000 8.128300e+03 
2935500000 8.106650e+03 
2937650000 8.129800e+03 
2939800000 8.113800e+03 
2941950000 8.121325e+03 
2.944100e+09 8.098400e+03 
2946250000 8.122375e+03 
2948400000 8119 
2950550000 8.118150e+03 
2952700000 8118 
2954850000 8.122225e+03 
2957000000 8.117850e+03 
2959150000 8.110900e+03 
2961300000 8.134350e+03 
2963450000 8.136600e+03 
2965600000 8.105125e+03 
2967750000 8.121850e+03 
2969900000 8.123675e+03 
2972050000 8.114450e+03 
2974200000 8.117025e+03 
2976350000 8.129475e+03 
2978500000 8.126275e+03 
2980650000 8.107350e+03 
2982800000 8.119325e+03 
2984950000 8.123575e+03 
2987100000 8.115400e+03 
2989250000 8.114050e+03 
2991400000 8.136900e+03 
2993550000 8.142400e+03 
2995700000 8.109775e+03 
2997850000 8.095175e+03 
3000000000 8.140350e+03 

END
