IGOR
WAVES/D/O sweep,sig(1) 
BEGIN
2570000000 8.173425e+03 
2.572150e+09 8.176125e+03 
2574300000 8.131200e+03 
2576450000 8.146875e+03 
2578600000 8.180800e+03 
2.580750e+09 8.187425e+03 
2582900000 8.178400e+03 
2585050000 8.146550e+03 
2.587200e+09 8.177075e+03 
2589350000 8.169150e+03 
2591500000 8.166050e+03 
2593650000 8.186625e+03 
2.595800e+09 8.170025e+03 
2597950000 8.168075e+03 
2600100000 8.172875e+03 
2.602250e+09 8.164975e+03 
2604400000 8.171475e+03 
2606550000 8.184200e+03 
2608700000 8.162200e+03 
2.610850e+09 8.174500e+03 
2613000000 8.179625e+03 
2615150000 8.151050e+03 
2.617300e+09 8.159950e+03 
2619450000 8.172425e+03 
2621600000 8.160525e+03 
2623750000 8.166600e+03 
2.625900e+09 8.125575e+03 
2628050000 8.144125e+03 
2630200000 8.120525e+03 
2.632350e+09 8.142775e+03 
2634500000 8.144625e+03 
2636650000 8.162925e+03 
2638800000 8.157975e+03 
2.640950e+09 8.144200e+03 
2643100000 8.167300e+03 
2645250000 8.169450e+03 
2.647400e+09 8.158300e+03 
2649550000 8.173950e+03 
2651700000 8.167175e+03 
2653850000 8.174725e+03 
2.656000e+09 8.187050e+03 
2658150000 8.186625e+03 
2660300000 8.143050e+03 
2.662450e+09 8.144025e+03 
2664600000 8.131150e+03 
2666750000 8.118200e+03 
2668900000 8.100775e+03 
2.671050e+09 8.118100e+03 
2673200000 8.107225e+03 
2675350000 8.133250e+03 
2677500000 8.141100e+03 
2679650000 8.139500e+03 
2681800000 8.150200e+03 
2683950000 8.173525e+03 
2.686100e+09 8.159400e+03 
2688250000 8.203250e+03 
2690400000 8.190225e+03 
2692550000 8.197875e+03 
2694700000 8.166100e+03 
2696850000 8.146250e+03 
2699000000 8.152150e+03 
2.701150e+09 8.126675e+03 
2703300000 8.096900e+03 
2705450000 8.128950e+03 
2707600000 8.108650e+03 
2.709750e+09 8148 
2711900000 8.156525e+03 
2714050000 8.146350e+03 
2.716200e+09 8.159525e+03 
2718350000 8.153100e+03 
2720500000 8.170050e+03 
2722650000 8.164900e+03 
2724800000 8.161850e+03 
2726950000 8.193250e+03 
2729100000 8.165525e+03 
2.731250e+09 8.135100e+03 
2733400000 8.158400e+03 
2735550000 8.148725e+03 
2737700000 8145 
2.739850e+09 8.121450e+03 
2742000000 8.115750e+03 
2744150000 8.128950e+03 
2.746300e+09 8.152550e+03 
2748450000 8151 
2750600000 8.153625e+03 
2752750000 8.172875e+03 
2754900000 8.176950e+03 
2757050000 8.184450e+03 
2759200000 8.143075e+03 
2.761350e+09 8.172450e+03 
2763500000 8.175350e+03 
2765650000 8.160875e+03 
2767800000 8.163625e+03 
2.769950e+09 8.167325e+03 
2772100000 8.171950e+03 
2774250000 8.162150e+03 
2.776400e+09 8184 
2778550000 8.166650e+03 
2780700000 8.182100e+03 
2782850000 8.177125e+03 
2785000000 8.153600e+03 
2787150000 8.161375e+03 
2789300000 8.180700e+03 
2791450000 8.165925e+03 
2793600000 8.178450e+03 
2795750000 8.143175e+03 
2797900000 8.168800e+03 
2.800050e+09 8.160075e+03 
2802200000 8.151850e+03 
2804350000 8.149525e+03 
2806500000 8.168300e+03 
2808650000 8.163650e+03 
2810800000 8.128425e+03 
2812950000 8.158200e+03 
2815100000 8.157950e+03 
2817250000 8.172475e+03 
2819400000 8.171525e+03 
2821550000 8.157125e+03 
2823700000 8.190800e+03 
2825850000 8.152850e+03 
2828000000 8.162750e+03 
2.830150e+09 8.174250e+03 
2832300000 8.160700e+03 
2834450000 8.167850e+03 
2836600000 8.171125e+03 
2838750000 8.159475e+03 
2840900000 8.166425e+03 
2843050000 8.170200e+03 
2845200000 8.179225e+03 
2847350000 8.160875e+03 
2849500000 8.188675e+03 
2851650000 8.175800e+03 
2853800000 8.162475e+03 
2855950000 8.155675e+03 
2858100000 8152 
2.860250e+09 8.167925e+03 
2862400000 8.146625e+03 
2864550000 8.166525e+03 
2866700000 8.150675e+03 
2868850000 8175 
2871000000 8.155050e+03 
2873150000 8.164800e+03 
2875300000 8.171450e+03 
2877450000 8.155225e+03 
2879600000 8.155350e+03 
2881750000 8.169900e+03 
2883900000 8.160450e+03 
2886050000 8.156925e+03 
2888200000 8.155700e+03 
2.890350e+09 8134 
2892500000 8.168775e+03 
2894650000 8.175075e+03 
2896800000 8161 
2898950000 8.151075e+03 
2901100000 8.134925e+03 
2903250000 8.165775e+03 
2905400000 8.189600e+03 
2907550000 8.157225e+03 
2909700000 8.142625e+03 
2911850000 8.168525e+03 
2914000000 8.178575e+03 
2916150000 8.161975e+03 
2918300000 8.168350e+03 
2920450000 8.166375e+03 
2922600000 8.163500e+03 
2924750000 8.174825e+03 
2926900000 8.143525e+03 
2929050000 8.154050e+03 
2931200000 8.155575e+03 
2933350000 8.149350e+03 
2935500000 8.160500e+03 
2937650000 8.177850e+03 
2939800000 8.191750e+03 
2941950000 8.165725e+03 
2.944100e+09 8.164875e+03 
2946250000 8.160600e+03 
2948400000 8.165550e+03 
2950550000 8.148500e+03 
2952700000 8.161350e+03 
2954850000 8.162825e+03 
2957000000 8.156375e+03 
2959150000 8.173500e+03 
2961300000 8.185525e+03 
2963450000 8.163725e+03 
2965600000 8.172925e+03 
2967750000 8.167925e+03 
2969900000 8.155300e+03 
2972050000 8.152250e+03 
2974200000 8175 
2976350000 8.171375e+03 
2978500000 8.157025e+03 
2980650000 8170 
2982800000 8.169475e+03 
2984950000 8.154850e+03 
2987100000 8.155825e+03 
2989250000 8.170825e+03 
2991400000 8.162825e+03 
2993550000 8.157175e+03 
2995700000 8.179225e+03 
2997850000 8.157050e+03 
3000000000 8.167975e+03 

END
