IGOR
WAVES/D/O sweep,sig(1) 
BEGIN
2570000000 8.293400e+03 
2.572150e+09 8.310575e+03 
2574300000 8.293750e+03 
2576450000 8.329375e+03 
2578600000 8.309125e+03 
2.580750e+09 8.339775e+03 
2582900000 8.317525e+03 
2585050000 8.318525e+03 
2.587200e+09 8.306500e+03 
2589350000 8.302650e+03 
2591500000 8.299900e+03 
2593650000 8.315125e+03 
2.595800e+09 8.289650e+03 
2597950000 8.321950e+03 
2600100000 8.311400e+03 
2.602250e+09 8.317750e+03 
2604400000 8.311550e+03 
2606550000 8.338900e+03 
2608700000 8.322200e+03 
2.610850e+09 8.305300e+03 
2613000000 8.307600e+03 
2615150000 8.320475e+03 
2.617300e+09 8.333025e+03 
2619450000 8.329525e+03 
2621600000 8.299075e+03 
2623750000 8.280925e+03 
2.625900e+09 8.293075e+03 
2628050000 8.287075e+03 
2630200000 8.246975e+03 
2.632350e+09 8.264075e+03 
2634500000 8.266875e+03 
2636650000 8.268550e+03 
2638800000 8.286975e+03 
2.640950e+09 8.288900e+03 
2643100000 8.300925e+03 
2645250000 8.332475e+03 
2.647400e+09 8.319200e+03 
2649550000 8.310275e+03 
2651700000 8.330500e+03 
2653850000 8.309525e+03 
2.656000e+09 8.311500e+03 
2658150000 8.309075e+03 
2660300000 8.288600e+03 
2.662450e+09 8.279675e+03 
2664600000 8.277375e+03 
2666750000 8.278400e+03 
2668900000 8.255250e+03 
2.671050e+09 8.253475e+03 
2673200000 8.253075e+03 
2675350000 8.252175e+03 
2677500000 8.280750e+03 
2679650000 8.279025e+03 
2681800000 8.303950e+03 
2683950000 8.312050e+03 
2.686100e+09 8.313825e+03 
2688250000 8.301525e+03 
2690400000 8.328425e+03 
2692550000 8.307575e+03 
2694700000 8327 
2696850000 8.292700e+03 
2699000000 8.261100e+03 
2.701150e+09 8.263825e+03 
2703300000 8.252175e+03 
2705450000 8.256550e+03 
2707600000 8.239875e+03 
2.709750e+09 8.281050e+03 
2711900000 8.268650e+03 
2714050000 8.282625e+03 
2.716200e+09 8.287250e+03 
2718350000 8.286425e+03 
2720500000 8.302325e+03 
2722650000 8.317450e+03 
2724800000 8.304325e+03 
2726950000 8.321125e+03 
2729100000 8.321425e+03 
2.731250e+09 8.300500e+03 
2733400000 8.296600e+03 
2735550000 8.290850e+03 
2737700000 8.286175e+03 
2.739850e+09 8.277900e+03 
2742000000 8.273950e+03 
2744150000 8.281800e+03 
2.746300e+09 8.301525e+03 
2748450000 8.297350e+03 
2750600000 8.304225e+03 
2752750000 8.302950e+03 
2754900000 8.312900e+03 
2757050000 8.318475e+03 
2759200000 8.303450e+03 
2.761350e+09 8.312550e+03 
2763500000 8.272575e+03 
2765650000 8.279775e+03 
2767800000 8.296950e+03 
2.769950e+09 8.317775e+03 
2772100000 8.290850e+03 
2774250000 8.300375e+03 
2.776400e+09 8.316325e+03 
2778550000 8.325975e+03 
2780700000 8.294950e+03 
2782850000 8314 
2785000000 8.312525e+03 
2787150000 8.297650e+03 
2789300000 8.307775e+03 
2791450000 8.299500e+03 
2793600000 8.317775e+03 
2795750000 8.305275e+03 
2797900000 8.307200e+03 
2.800050e+09 8.293475e+03 
2802200000 8.302150e+03 
2804350000 8.315050e+03 
2806500000 8.316075e+03 
2808650000 8.300475e+03 
2810800000 8.333075e+03 
2812950000 8.330825e+03 
2815100000 8.283500e+03 
2817250000 8.306625e+03 
2819400000 8.326350e+03 
2821550000 8.315025e+03 
2823700000 8.299575e+03 
2825850000 8.319450e+03 
2828000000 8.315950e+03 
2.830150e+09 8.297075e+03 
2832300000 8.306925e+03 
2834450000 8.317375e+03 
2836600000 8.302600e+03 
2838750000 8.286200e+03 
2840900000 8.281725e+03 
2843050000 8.309775e+03 
2845200000 8.309200e+03 
2847350000 8.301100e+03 
2849500000 8.317900e+03 
2851650000 8.296550e+03 
2853800000 8.338675e+03 
2855950000 8.310450e+03 
2858100000 8.331450e+03 
2.860250e+09 8.300075e+03 
2862400000 8.290975e+03 
2864550000 8.299775e+03 
2866700000 8.326075e+03 
2868850000 8.332650e+03 
2871000000 8.308725e+03 
2873150000 8310 
2875300000 8.311700e+03 
2877450000 8.332225e+03 
2879600000 8.325225e+03 
2881750000 8.297200e+03 
2883900000 8.287575e+03 
2886050000 8.321975e+03 
2888200000 8.315225e+03 
2.890350e+09 8.339625e+03 
2892500000 8.299600e+03 
2894650000 8.308150e+03 
2896800000 8.315225e+03 
2898950000 8.295775e+03 
2901100000 8.305400e+03 
2903250000 8.311150e+03 
2905400000 8.286100e+03 
2907550000 8.317600e+03 
2909700000 8.303625e+03 
2911850000 8.301825e+03 
2914000000 8.305650e+03 
2916150000 8.312150e+03 
2918300000 8.305225e+03 
2920450000 8.317300e+03 
2922600000 8.315750e+03 
2924750000 8.308575e+03 
2926900000 8.324300e+03 
2929050000 8.331100e+03 
2931200000 8.300400e+03 
2933350000 8.307575e+03 
2935500000 8.315050e+03 
2937650000 8.342950e+03 
2939800000 8.323950e+03 
2941950000 8308 
2.944100e+09 8.305125e+03 
2946250000 8.318250e+03 
2948400000 8.303950e+03 
2950550000 8.326125e+03 
2952700000 8.314200e+03 
2954850000 8.335325e+03 
2957000000 8.292550e+03 
2959150000 8.325625e+03 
2961300000 8.319825e+03 
2963450000 8.338600e+03 
2965600000 8.297100e+03 
2967750000 8.312350e+03 
2969900000 8.336625e+03 
2972050000 8.315950e+03 
2974200000 8.320225e+03 
2976350000 8.327575e+03 
2978500000 8.322450e+03 
2980650000 8.330300e+03 
2982800000 8.310875e+03 
2984950000 8.327300e+03 
2987100000 8.304150e+03 
2989250000 8.314325e+03 
2991400000 8.317675e+03 
2993550000 8.313550e+03 
2995700000 8.323225e+03 
2997850000 8.325850e+03 
3000000000 8.321600e+03 

END
