IGOR
WAVES/D/O sweep,sig(1) 
BEGIN
2570000000 8.150275e+03 
2.572150e+09 8.123625e+03 
2574300000 8.146850e+03 
2576450000 8.172200e+03 
2578600000 8.149525e+03 
2.580750e+09 8.168850e+03 
2582900000 8.140750e+03 
2585050000 8.147450e+03 
2.587200e+09 8.158100e+03 
2589350000 8.124425e+03 
2591500000 8.129950e+03 
2593650000 8.150425e+03 
2.595800e+09 8.126575e+03 
2597950000 8.132775e+03 
2600100000 8.146975e+03 
2.602250e+09 8.133625e+03 
2604400000 8.163075e+03 
2606550000 8.139950e+03 
2608700000 8.152450e+03 
2.610850e+09 8.125300e+03 
2613000000 8.142825e+03 
2615150000 8.146150e+03 
2.617300e+09 8.129050e+03 
2619450000 8.114075e+03 
2621600000 8.133500e+03 
2623750000 8.111775e+03 
2.625900e+09 8.106125e+03 
2628050000 8.089925e+03 
2630200000 8.112475e+03 
2.632350e+09 8.100100e+03 
2634500000 8.113800e+03 
2636650000 8.116900e+03 
2638800000 8.118650e+03 
2.640950e+09 8.112475e+03 
2643100000 8.113475e+03 
2645250000 8.107300e+03 
2.647400e+09 8.136950e+03 
2649550000 8.102375e+03 
2651700000 8.133525e+03 
2653850000 8.140425e+03 
2.656000e+09 8.135825e+03 
2658150000 8.129125e+03 
2660300000 8.117025e+03 
2.662450e+09 8.092925e+03 
2664600000 8.089275e+03 
2666750000 8.079300e+03 
2668900000 8.078100e+03 
2.671050e+09 8.073325e+03 
2673200000 8.067350e+03 
2675350000 8.071625e+03 
2677500000 8093 
2679650000 8.122175e+03 
2681800000 8.138550e+03 
2683950000 8.117550e+03 
2.686100e+09 8.136150e+03 
2688250000 8.132225e+03 
2690400000 8.131200e+03 
2692550000 8.136925e+03 
2694700000 8.131075e+03 
2696850000 8.112475e+03 
2699000000 8.080025e+03 
2.701150e+09 8.078450e+03 
2703300000 8.086075e+03 
2705450000 8.075775e+03 
2707600000 8.051725e+03 
2.709750e+09 8.057800e+03 
2711900000 8.076350e+03 
2714050000 8.119225e+03 
2.716200e+09 8.110125e+03 
2718350000 8.126275e+03 
2720500000 8.114400e+03 
2722650000 8.135975e+03 
2724800000 8.122575e+03 
2726950000 8.135600e+03 
2729100000 8.111925e+03 
2.731250e+09 8.132650e+03 
2733400000 8.106025e+03 
2735550000 8.111525e+03 
2737700000 8.098425e+03 
2.739850e+09 8.097200e+03 
2742000000 8.068575e+03 
2744150000 8.092075e+03 
2.746300e+09 8.092325e+03 
2748450000 8.112225e+03 
2750600000 8.092775e+03 
2752750000 8.082375e+03 
2754900000 8.121825e+03 
2757050000 8.113150e+03 
2759200000 8.113150e+03 
2.761350e+09 8.116025e+03 
2763500000 8.117050e+03 
2765650000 8.130125e+03 
2767800000 8.103125e+03 
2.769950e+09 8.124750e+03 
2772100000 8.120375e+03 
2774250000 8.123275e+03 
2.776400e+09 8.133175e+03 
2778550000 8.107900e+03 
2780700000 8.135500e+03 
2782850000 8.120825e+03 
2785000000 8.140525e+03 
2787150000 8.121025e+03 
2789300000 8.124175e+03 
2791450000 8.111625e+03 
2793600000 8.121725e+03 
2795750000 8.121175e+03 
2797900000 8.112025e+03 
2.800050e+09 8.142750e+03 
2802200000 8.127375e+03 
2804350000 8.088800e+03 
2806500000 8.094650e+03 
2808650000 8.120975e+03 
2810800000 8.117775e+03 
2812950000 8.098875e+03 
2815100000 8.108675e+03 
2817250000 8.125750e+03 
2819400000 8.128500e+03 
2821550000 8.140650e+03 
2823700000 8.118400e+03 
2825850000 8.125850e+03 
2828000000 8.103700e+03 
2.830150e+09 8.095400e+03 
2832300000 8.101100e+03 
2834450000 8.121550e+03 
2836600000 8.122975e+03 
2838750000 8.147725e+03 
2840900000 8.124050e+03 
2843050000 8.117250e+03 
2845200000 8.129275e+03 
2847350000 8.140575e+03 
2849500000 8.127525e+03 
2851650000 8.143325e+03 
2853800000 8.120225e+03 
2855950000 8.129650e+03 
2858100000 8.132025e+03 
2.860250e+09 8.139500e+03 
2862400000 8130 
2864550000 8.126900e+03 
2866700000 8.141600e+03 
2868850000 8.130850e+03 
2871000000 8.127825e+03 
2873150000 8.113900e+03 
2875300000 8.121500e+03 
2877450000 8.128275e+03 
2879600000 8.103650e+03 
2881750000 8.142475e+03 
2883900000 8.099025e+03 
2886050000 8.114525e+03 
2888200000 8.139500e+03 
2.890350e+09 8.134800e+03 
2892500000 8.136800e+03 
2894650000 8.115125e+03 
2896800000 8.124400e+03 
2898950000 8.124925e+03 
2901100000 8.129775e+03 
2903250000 8.131975e+03 
2905400000 8.117275e+03 
2907550000 8.125575e+03 
2909700000 8.153500e+03 
2911850000 8.121600e+03 
2914000000 8.125600e+03 
2916150000 8.112825e+03 
2918300000 8.129600e+03 
2920450000 8.116725e+03 
2922600000 8.106275e+03 
2924750000 8.116225e+03 
2926900000 8.117925e+03 
2929050000 8.120900e+03 
2931200000 8.125975e+03 
2933350000 8.119200e+03 
2935500000 8.107725e+03 
2937650000 8.105850e+03 
2939800000 8.125175e+03 
2941950000 8109 
2.944100e+09 8.133675e+03 
2946250000 8.143625e+03 
2948400000 8.110300e+03 
2950550000 8.140500e+03 
2952700000 8.123225e+03 
2954850000 8.122675e+03 
2957000000 8.103550e+03 
2959150000 8114 
2961300000 8.127500e+03 
2963450000 8.112250e+03 
2965600000 8.124425e+03 
2967750000 8.109450e+03 
2969900000 8.124525e+03 
2972050000 8.119875e+03 
2974200000 8.102400e+03 
2976350000 8.130750e+03 
2978500000 8.115125e+03 
2980650000 8.140325e+03 
2982800000 8.110950e+03 
2984950000 8128 
2987100000 8.113075e+03 
2989250000 8.118450e+03 
2991400000 8.125575e+03 
2993550000 8.115025e+03 
2995700000 8.126075e+03 
2997850000 8.139375e+03 
3000000000 8.111425e+03 

END
