IGOR
WAVES/D/O sweep,sig(1) 
BEGIN
2570000000 8.243375e+03 
2.572150e+09 8.229275e+03 
2574300000 8.240950e+03 
2576450000 8.253775e+03 
2578600000 8.223525e+03 
2.580750e+09 8.224825e+03 
2582900000 8.241325e+03 
2585050000 8.243200e+03 
2.587200e+09 8.248725e+03 
2589350000 8.230375e+03 
2591500000 8.218100e+03 
2593650000 8.233775e+03 
2.595800e+09 8.229525e+03 
2597950000 8.236775e+03 
2600100000 8.241850e+03 
2.602250e+09 8.228675e+03 
2604400000 8249 
2606550000 8.249475e+03 
2608700000 8.244475e+03 
2.610850e+09 8.252750e+03 
2613000000 8.236375e+03 
2615150000 8.234700e+03 
2.617300e+09 8.228950e+03 
2619450000 8.222325e+03 
2621600000 8.215475e+03 
2623750000 8.190300e+03 
2.625900e+09 8.201550e+03 
2628050000 8.202450e+03 
2630200000 8.187600e+03 
2.632350e+09 8.188075e+03 
2634500000 8.193425e+03 
2636650000 8.192800e+03 
2638800000 8.209125e+03 
2.640950e+09 8.225325e+03 
2643100000 8.213300e+03 
2645250000 8.245125e+03 
2.647400e+09 8.247975e+03 
2649550000 8.247375e+03 
2651700000 8.238475e+03 
2653850000 8.223475e+03 
2.656000e+09 8.215775e+03 
2658150000 8.237125e+03 
2660300000 8.221900e+03 
2.662450e+09 8.205300e+03 
2664600000 8.197575e+03 
2666750000 8.170800e+03 
2668900000 8.171250e+03 
2.671050e+09 8.174275e+03 
2673200000 8.154175e+03 
2675350000 8.192500e+03 
2677500000 8.184925e+03 
2679650000 8.170475e+03 
2681800000 8.205525e+03 
2683950000 8.217250e+03 
2.686100e+09 8.234775e+03 
2688250000 8.211075e+03 
2690400000 8.255425e+03 
2692550000 8.225375e+03 
2694700000 8.217850e+03 
2696850000 8.199875e+03 
2699000000 8.171850e+03 
2.701150e+09 8.195550e+03 
2703300000 8.177875e+03 
2705450000 8.162475e+03 
2707600000 8.177300e+03 
2.709750e+09 8.160300e+03 
2711900000 8.181700e+03 
2714050000 8.191675e+03 
2.716200e+09 8.207325e+03 
2718350000 8.226650e+03 
2720500000 8.235425e+03 
2722650000 8.222075e+03 
2724800000 8.220650e+03 
2726950000 8.255475e+03 
2729100000 8.234525e+03 
2.731250e+09 8.245050e+03 
2733400000 8.231275e+03 
2735550000 8.216050e+03 
2737700000 8.231800e+03 
2.739850e+09 8.200900e+03 
2742000000 8.186575e+03 
2744150000 8.209775e+03 
2.746300e+09 8.212850e+03 
2748450000 8.219275e+03 
2750600000 8.210075e+03 
2752750000 8.236550e+03 
2754900000 8.219150e+03 
2757050000 8.238800e+03 
2759200000 8.257800e+03 
2.761350e+09 8.244050e+03 
2763500000 8.234675e+03 
2765650000 8.235050e+03 
2767800000 8.233125e+03 
2.769950e+09 8.248575e+03 
2772100000 8.251475e+03 
2774250000 8.253325e+03 
2.776400e+09 8.224525e+03 
2778550000 8.211375e+03 
2780700000 8.236725e+03 
2782850000 8.266275e+03 
2785000000 8.228825e+03 
2787150000 8.242750e+03 
2789300000 8.227650e+03 
2791450000 8.239800e+03 
2793600000 8.226250e+03 
2795750000 8.225450e+03 
2797900000 8.231400e+03 
2.800050e+09 8.227300e+03 
2802200000 8.227525e+03 
2804350000 8.227050e+03 
2806500000 8.247925e+03 
2808650000 8.225275e+03 
2810800000 8.223600e+03 
2812950000 8.238450e+03 
2815100000 8.229225e+03 
2817250000 8.222200e+03 
2819400000 8.250200e+03 
2821550000 8.247700e+03 
2823700000 8.229975e+03 
2825850000 8.235100e+03 
2828000000 8.234750e+03 
2.830150e+09 8.220850e+03 
2832300000 8.235200e+03 
2834450000 8.209125e+03 
2836600000 8.248925e+03 
2838750000 8.212725e+03 
2840900000 8.231525e+03 
2843050000 8.238875e+03 
2845200000 8.233125e+03 
2847350000 8.223825e+03 
2849500000 8221 
2851650000 8.257300e+03 
2853800000 8.215175e+03 
2855950000 8.223975e+03 
2858100000 8.211925e+03 
2.860250e+09 8.221575e+03 
2862400000 8.220175e+03 
2864550000 8.233425e+03 
2866700000 8.208850e+03 
2868850000 8221 
2871000000 8.228675e+03 
2873150000 8.224825e+03 
2875300000 8.235175e+03 
2877450000 8.225825e+03 
2879600000 8.238175e+03 
2881750000 8.226625e+03 
2883900000 8.227200e+03 
2886050000 8.228200e+03 
2888200000 8.224025e+03 
2.890350e+09 8.247825e+03 
2892500000 8.226400e+03 
2894650000 8.239100e+03 
2896800000 8.207700e+03 
2898950000 8.206800e+03 
2901100000 8.204825e+03 
2903250000 8.231300e+03 
2905400000 8.229950e+03 
2907550000 8.255250e+03 
2909700000 8.229450e+03 
2911850000 8.227825e+03 
2914000000 8.222700e+03 
2916150000 8.229800e+03 
2918300000 8.219750e+03 
2920450000 8.243475e+03 
2922600000 8.233575e+03 
2924750000 8.254875e+03 
2926900000 8.244800e+03 
2929050000 8.243300e+03 
2931200000 8.212825e+03 
2933350000 8.208350e+03 
2935500000 8.232775e+03 
2937650000 8.202125e+03 
2939800000 8.217725e+03 
2941950000 8.227575e+03 
2.944100e+09 8.234600e+03 
2946250000 8.244775e+03 
2948400000 8.221125e+03 
2950550000 8.242650e+03 
2952700000 8.224650e+03 
2954850000 8.201275e+03 
2957000000 8.224375e+03 
2959150000 8.241725e+03 
2961300000 8.251250e+03 
2963450000 8.223925e+03 
2965600000 8.242225e+03 
2967750000 8.240125e+03 
2969900000 8.216725e+03 
2972050000 8.252275e+03 
2974200000 8.234050e+03 
2976350000 8.218425e+03 
2978500000 8.235425e+03 
2980650000 8.247775e+03 
2982800000 8.226925e+03 
2984950000 8.227250e+03 
2987100000 8.237525e+03 
2989250000 8.225900e+03 
2991400000 8.238925e+03 
2993550000 8.258175e+03 
2995700000 8.239525e+03 
2997850000 8.250850e+03 
3000000000 8.227875e+03 

END
