IGOR
WAVES/D/O sweep,sig(1) 
BEGIN
2570000000 8114 
2.572150e+09 8.147450e+03 
2574300000 8.135125e+03 
2576450000 8.156025e+03 
2578600000 8.142350e+03 
2.580750e+09 8.172900e+03 
2582900000 8164 
2585050000 8.122425e+03 
2.587200e+09 8.133450e+03 
2589350000 8.128400e+03 
2591500000 8.126025e+03 
2593650000 8.113750e+03 
2.595800e+09 8.109275e+03 
2597950000 8.131200e+03 
2600100000 8.157100e+03 
2.602250e+09 8.118100e+03 
2604400000 8.121725e+03 
2606550000 8.148900e+03 
2608700000 8.141500e+03 
2.610850e+09 8.120950e+03 
2613000000 8.130425e+03 
2615150000 8.132625e+03 
2.617300e+09 8.114250e+03 
2619450000 8.146400e+03 
2621600000 8.103775e+03 
2623750000 8.105950e+03 
2.625900e+09 8.102475e+03 
2628050000 8.094550e+03 
2630200000 8.097375e+03 
2.632350e+09 8.076900e+03 
2634500000 8.074100e+03 
2636650000 8.094775e+03 
2638800000 8.081175e+03 
2.640950e+09 8.083650e+03 
2643100000 8.114175e+03 
2645250000 8.129200e+03 
2.647400e+09 8.122325e+03 
2649550000 8.137525e+03 
2651700000 8.124175e+03 
2653850000 8.128500e+03 
2.656000e+09 8.107550e+03 
2658150000 8.128300e+03 
2660300000 8.102400e+03 
2.662450e+09 8.083225e+03 
2664600000 8.047525e+03 
2666750000 8047 
2668900000 8.077075e+03 
2.671050e+09 8.071375e+03 
2673200000 8.037225e+03 
2675350000 8.057225e+03 
2677500000 8.098650e+03 
2679650000 8.137825e+03 
2681800000 8.109150e+03 
2683950000 8.113575e+03 
2.686100e+09 8.110675e+03 
2688250000 8.120650e+03 
2690400000 8.121925e+03 
2692550000 8.103675e+03 
2694700000 8.104525e+03 
2696850000 8.107050e+03 
2699000000 8.061900e+03 
2.701150e+09 8.069525e+03 
2703300000 8.081225e+03 
2705450000 8.070200e+03 
2707600000 8.088725e+03 
2.709750e+09 8.080100e+03 
2711900000 8.055175e+03 
2714050000 8.107800e+03 
2.716200e+09 8.097175e+03 
2718350000 8.099975e+03 
2720500000 8.139700e+03 
2722650000 8.115700e+03 
2724800000 8.108925e+03 
2726950000 8.132175e+03 
2729100000 8.108425e+03 
2.731250e+09 8.147675e+03 
2733400000 8.113875e+03 
2735550000 8.079875e+03 
2737700000 8.102075e+03 
2.739850e+09 8.087025e+03 
2742000000 8.089700e+03 
2744150000 8.113900e+03 
2.746300e+09 8.095250e+03 
2748450000 8.118300e+03 
2750600000 8.133450e+03 
2752750000 8.095700e+03 
2754900000 8.107675e+03 
2757050000 8.116500e+03 
2759200000 8.149400e+03 
2.761350e+09 8.111525e+03 
2763500000 8.136525e+03 
2765650000 8.151250e+03 
2767800000 8.129975e+03 
2.769950e+09 8.131025e+03 
2772100000 8.105050e+03 
2774250000 8.135750e+03 
2.776400e+09 8.151475e+03 
2778550000 8.119600e+03 
2780700000 8.120425e+03 
2782850000 8.103950e+03 
2785000000 8.148375e+03 
2787150000 8.122675e+03 
2789300000 8.125275e+03 
2791450000 8.141900e+03 
2793600000 8.146750e+03 
2795750000 8.133850e+03 
2797900000 8.116525e+03 
2.800050e+09 8142 
2802200000 8.144200e+03 
2804350000 8.111150e+03 
2806500000 8.113650e+03 
2808650000 8.088775e+03 
2810800000 8.126400e+03 
2812950000 8.103875e+03 
2815100000 8.099975e+03 
2817250000 8.096575e+03 
2819400000 8.133525e+03 
2821550000 8.121275e+03 
2823700000 8.091525e+03 
2825850000 8107 
2828000000 8.105700e+03 
2.830150e+09 8.109450e+03 
2832300000 8.098750e+03 
2834450000 8.142075e+03 
2836600000 8.112900e+03 
2838750000 8.122450e+03 
2840900000 8.099850e+03 
2843050000 8.094650e+03 
2845200000 8.126875e+03 
2847350000 8.111650e+03 
2849500000 8.096500e+03 
2851650000 8.089925e+03 
2853800000 8.098775e+03 
2855950000 8.097200e+03 
2858100000 8.099575e+03 
2.860250e+09 8.107650e+03 
2862400000 8.098375e+03 
2864550000 8.100600e+03 
2866700000 8.110650e+03 
2868850000 8.091075e+03 
2871000000 8.102125e+03 
2873150000 8.095575e+03 
2875300000 8.098450e+03 
2877450000 8.079550e+03 
2879600000 8.078175e+03 
2881750000 8.103725e+03 
2883900000 8.085200e+03 
2886050000 8.098050e+03 
2888200000 8.076750e+03 
2.890350e+09 8119 
2892500000 8.082975e+03 
2894650000 8.107100e+03 
2896800000 8.095825e+03 
2898950000 8.105225e+03 
2901100000 8.098125e+03 
2903250000 8.105125e+03 
2905400000 8.105600e+03 
2907550000 8.092550e+03 
2909700000 8.097675e+03 
2911850000 8.083950e+03 
2914000000 8.093675e+03 
2916150000 8.097725e+03 
2918300000 8.096325e+03 
2920450000 8.103025e+03 
2922600000 8.086900e+03 
2924750000 8.085225e+03 
2926900000 8096 
2929050000 8.065150e+03 
2931200000 8.106550e+03 
2933350000 8.113200e+03 
2935500000 8.114500e+03 
2937650000 8.090650e+03 
2939800000 8.083350e+03 
2941950000 8.101175e+03 
2.944100e+09 8.114225e+03 
2946250000 8.094675e+03 
2948400000 8.123075e+03 
2950550000 8.107600e+03 
2952700000 8.118375e+03 
2954850000 8.099400e+03 
2957000000 8.089050e+03 
2959150000 8.083075e+03 
2961300000 8.089350e+03 
2963450000 8.068275e+03 
2965600000 8.070275e+03 
2967750000 8.085600e+03 
2969900000 8.096575e+03 
2972050000 8.075450e+03 
2974200000 8.093925e+03 
2976350000 8.088400e+03 
2978500000 8.101975e+03 
2980650000 8.104525e+03 
2982800000 8.094150e+03 
2984950000 8.104975e+03 
2987100000 8.112425e+03 
2989250000 8.096700e+03 
2991400000 8.094850e+03 
2993550000 8.088975e+03 
2995700000 8.095275e+03 
2997850000 8.091225e+03 
3000000000 8.075025e+03 

END
