IGOR
WAVES/D/O sweep,sig(1) 
BEGIN
2570000000 8.211175e+03 
2.572150e+09 8.243300e+03 
2574300000 8.260700e+03 
2576450000 8.208075e+03 
2578600000 8.221900e+03 
2.580750e+09 8.269775e+03 
2582900000 8.238100e+03 
2585050000 8.248075e+03 
2.587200e+09 8.228825e+03 
2589350000 8.236100e+03 
2591500000 8.242350e+03 
2593650000 8.244375e+03 
2.595800e+09 8.223500e+03 
2597950000 8.227575e+03 
2600100000 8.233675e+03 
2.602250e+09 8.233325e+03 
2604400000 8.247025e+03 
2606550000 8.259550e+03 
2608700000 8.220950e+03 
2.610850e+09 8.235475e+03 
2613000000 8.242350e+03 
2615150000 8.239500e+03 
2.617300e+09 8.233950e+03 
2619450000 8.224275e+03 
2621600000 8.218775e+03 
2623750000 8.225775e+03 
2.625900e+09 8.222750e+03 
2628050000 8.193900e+03 
2630200000 8.210425e+03 
2.632350e+09 8.186800e+03 
2634500000 8.200575e+03 
2636650000 8.205225e+03 
2638800000 8.206025e+03 
2.640950e+09 8.207225e+03 
2643100000 8.209725e+03 
2645250000 8.207250e+03 
2.647400e+09 8.233300e+03 
2649550000 8.250775e+03 
2651700000 8.224450e+03 
2653850000 8.215075e+03 
2.656000e+09 8.228100e+03 
2658150000 8.221050e+03 
2660300000 8207 
2.662450e+09 8.185125e+03 
2664600000 8.189400e+03 
2666750000 8.173975e+03 
2668900000 8.157050e+03 
2.671050e+09 8.163525e+03 
2673200000 8.169725e+03 
2675350000 8.162450e+03 
2677500000 8.144600e+03 
2679650000 8.177850e+03 
2681800000 8.209475e+03 
2683950000 8.211100e+03 
2.686100e+09 8.194125e+03 
2688250000 8.230200e+03 
2690400000 8.222650e+03 
2692550000 8.209900e+03 
2694700000 8.249075e+03 
2696850000 8.187350e+03 
2699000000 8.154575e+03 
2.701150e+09 8.156375e+03 
2703300000 8.156300e+03 
2705450000 8.156625e+03 
2707600000 8.163825e+03 
2.709750e+09 8.161650e+03 
2711900000 8.152450e+03 
2714050000 8.185850e+03 
2.716200e+09 8.246475e+03 
2718350000 8.227625e+03 
2720500000 8.237125e+03 
2722650000 8.244150e+03 
2724800000 8.249825e+03 
2726950000 8.209050e+03 
2729100000 8.234275e+03 
2.731250e+09 8.204700e+03 
2733400000 8.206600e+03 
2735550000 8.214325e+03 
2737700000 8.195125e+03 
2.739850e+09 8.191575e+03 
2742000000 8.194400e+03 
2744150000 8.215150e+03 
2.746300e+09 8.201750e+03 
2748450000 8.205650e+03 
2750600000 8.195800e+03 
2752750000 8.220225e+03 
2754900000 8.228725e+03 
2757050000 8.213850e+03 
2759200000 8.246850e+03 
2.761350e+09 8.226025e+03 
2763500000 8239 
2765650000 8.239075e+03 
2767800000 8.232025e+03 
2.769950e+09 8.222975e+03 
2772100000 8.254625e+03 
2774250000 8.235625e+03 
2.776400e+09 8.226075e+03 
2778550000 8.234550e+03 
2780700000 8.238475e+03 
2782850000 8.227325e+03 
2785000000 8.244300e+03 
2787150000 8.233975e+03 
2789300000 8.230700e+03 
2791450000 8.224325e+03 
2793600000 8.242400e+03 
2795750000 8.245200e+03 
2797900000 8.239850e+03 
2.800050e+09 8.221675e+03 
2802200000 8.239300e+03 
2804350000 8.236375e+03 
2806500000 8.247775e+03 
2808650000 8.246750e+03 
2810800000 8.231500e+03 
2812950000 8.243275e+03 
2815100000 8.270700e+03 
2817250000 8.243625e+03 
2819400000 8.224650e+03 
2821550000 8.248750e+03 
2823700000 8.250925e+03 
2825850000 8216 
2828000000 8.222600e+03 
2.830150e+09 8.240875e+03 
2832300000 8.230150e+03 
2834450000 8.218375e+03 
2836600000 8.229525e+03 
2838750000 8.244675e+03 
2840900000 8.213075e+03 
2843050000 8.238125e+03 
2845200000 8.233950e+03 
2847350000 8.249350e+03 
2849500000 8.233675e+03 
2851650000 8.233800e+03 
2853800000 8.217200e+03 
2855950000 8.213350e+03 
2858100000 8.237900e+03 
2.860250e+09 8.247050e+03 
2862400000 8.237600e+03 
2864550000 8.254200e+03 
2866700000 8.237025e+03 
2868850000 8.248050e+03 
2871000000 8.210450e+03 
2873150000 8.218275e+03 
2875300000 8.222175e+03 
2877450000 8.216850e+03 
2879600000 8.220275e+03 
2881750000 8.229775e+03 
2883900000 8.220700e+03 
2886050000 8.243725e+03 
2888200000 8.242500e+03 
2.890350e+09 8.244050e+03 
2892500000 8.245725e+03 
2894650000 8.262225e+03 
2896800000 8.235225e+03 
2898950000 8.234100e+03 
2901100000 8.259250e+03 
2903250000 8.228450e+03 
2905400000 8.247275e+03 
2907550000 8.248250e+03 
2909700000 8.243700e+03 
2911850000 8.241475e+03 
2914000000 8.238750e+03 
2916150000 8.237725e+03 
2918300000 8.234325e+03 
2920450000 8.253325e+03 
2922600000 8.247025e+03 
2924750000 8.230400e+03 
2926900000 8.257300e+03 
2929050000 8.228500e+03 
2931200000 8.229325e+03 
2933350000 8.246200e+03 
2935500000 8.263275e+03 
2937650000 8.272775e+03 
2939800000 8.252400e+03 
2941950000 8.241225e+03 
2.944100e+09 8.244300e+03 
2946250000 8.270775e+03 
2948400000 8.247800e+03 
2950550000 8.268550e+03 
2952700000 8.254500e+03 
2954850000 8.267600e+03 
2957000000 8.237375e+03 
2959150000 8.257875e+03 
2961300000 8.264475e+03 
2963450000 8.258075e+03 
2965600000 8.261550e+03 
2967750000 8.250125e+03 
2969900000 8.243625e+03 
2972050000 8.224650e+03 
2974200000 8.261650e+03 
2976350000 8.237950e+03 
2978500000 8.232275e+03 
2980650000 8.238900e+03 
2982800000 8.248125e+03 
2984950000 8.239100e+03 
2987100000 8.266600e+03 
2989250000 8.253250e+03 
2991400000 8.267275e+03 
2993550000 8.261150e+03 
2995700000 8.252425e+03 
2997850000 8244 
3000000000 8.276150e+03 

END
