IGOR
WAVES/D/O sweep,sig(1) 
BEGIN
2570000000 8.283325e+03 
2.572150e+09 8.298625e+03 
2574300000 8.305675e+03 
2576450000 8.273425e+03 
2578600000 8.290250e+03 
2.580750e+09 8.274025e+03 
2582900000 8.273425e+03 
2585050000 8.281400e+03 
2.587200e+09 8.282575e+03 
2589350000 8.275300e+03 
2591500000 8.287500e+03 
2593650000 8.286725e+03 
2.595800e+09 8.289150e+03 
2597950000 8.274725e+03 
2600100000 8.292600e+03 
2.602250e+09 8.273025e+03 
2604400000 8.292425e+03 
2606550000 8.291075e+03 
2608700000 8.297025e+03 
2.610850e+09 8.317400e+03 
2613000000 8.280225e+03 
2615150000 8.280550e+03 
2.617300e+09 8.294075e+03 
2619450000 8.265125e+03 
2621600000 8.287425e+03 
2623750000 8.277450e+03 
2.625900e+09 8.254500e+03 
2628050000 8.248825e+03 
2630200000 8.257550e+03 
2.632350e+09 8.244600e+03 
2634500000 8.229025e+03 
2636650000 8.228950e+03 
2638800000 8263 
2.640950e+09 8.275900e+03 
2643100000 8.289650e+03 
2645250000 8.280775e+03 
2.647400e+09 8.272400e+03 
2649550000 8.284900e+03 
2651700000 8.287175e+03 
2653850000 8.278675e+03 
2.656000e+09 8.300225e+03 
2658150000 8.279300e+03 
2660300000 8.246200e+03 
2.662450e+09 8255 
2664600000 8.209550e+03 
2666750000 8.234475e+03 
2668900000 8.228325e+03 
2.671050e+09 8.215100e+03 
2673200000 8.208375e+03 
2675350000 8.220050e+03 
2677500000 8.232875e+03 
2679650000 8.272825e+03 
2681800000 8.268150e+03 
2683950000 8.308850e+03 
2.686100e+09 8.279750e+03 
2688250000 8.288850e+03 
2690400000 8.290925e+03 
2692550000 8.284625e+03 
2694700000 8.262275e+03 
2696850000 8.258675e+03 
2699000000 8.245225e+03 
2.701150e+09 8.247625e+03 
2703300000 8.220525e+03 
2705450000 8.218250e+03 
2707600000 8.228150e+03 
2.709750e+09 8.243500e+03 
2711900000 8.234775e+03 
2714050000 8.273525e+03 
2.716200e+09 8.280025e+03 
2718350000 8.263775e+03 
2720500000 8.275225e+03 
2722650000 8.282675e+03 
2724800000 8.305700e+03 
2726950000 8.290025e+03 
2729100000 8.284350e+03 
2.731250e+09 8.311875e+03 
2733400000 8.280900e+03 
2735550000 8.277050e+03 
2737700000 8.264375e+03 
2.739850e+09 8.237125e+03 
2742000000 8.285950e+03 
2744150000 8.252575e+03 
2.746300e+09 8.266750e+03 
2748450000 8.286750e+03 
2750600000 8.276325e+03 
2752750000 8.275725e+03 
2754900000 8.313900e+03 
2757050000 8.283150e+03 
2759200000 8.274125e+03 
2.761350e+09 8300 
2763500000 8.282175e+03 
2765650000 8.295875e+03 
2767800000 8.294300e+03 
2.769950e+09 8.283075e+03 
2772100000 8.298750e+03 
2774250000 8.301700e+03 
2.776400e+09 8304 
2778550000 8.293325e+03 
2780700000 8.293175e+03 
2782850000 8.277275e+03 
2785000000 8.293275e+03 
2787150000 8.303675e+03 
2789300000 8.289200e+03 
2791450000 8.286850e+03 
2793600000 8.298750e+03 
2795750000 8.300025e+03 
2797900000 8.272050e+03 
2.800050e+09 8.306650e+03 
2802200000 8.287175e+03 
2804350000 8.287800e+03 
2806500000 8.298700e+03 
2808650000 8.291150e+03 
2810800000 8.285300e+03 
2812950000 8.287475e+03 
2815100000 8.301050e+03 
2817250000 8.270525e+03 
2819400000 8.285200e+03 
2821550000 8.289750e+03 
2823700000 8.269700e+03 
2825850000 8.274475e+03 
2828000000 8.262725e+03 
2.830150e+09 8.288250e+03 
2832300000 8.282075e+03 
2834450000 8.284475e+03 
2836600000 8.264700e+03 
2838750000 8.293025e+03 
2840900000 8.282250e+03 
2843050000 8.282475e+03 
2845200000 8.286300e+03 
2847350000 8.272200e+03 
2849500000 8.285050e+03 
2851650000 8.269400e+03 
2853800000 8.275175e+03 
2855950000 8.271025e+03 
2858100000 8.267875e+03 
2.860250e+09 8.277025e+03 
2862400000 8.285700e+03 
2864550000 8.284725e+03 
2866700000 8.267775e+03 
2868850000 8.255975e+03 
2871000000 8.262900e+03 
2873150000 8.276950e+03 
2875300000 8.260850e+03 
2877450000 8.287925e+03 
2879600000 8.275350e+03 
2881750000 8.276125e+03 
2883900000 8.288675e+03 
2886050000 8.280475e+03 
2888200000 8.284525e+03 
2.890350e+09 8.278825e+03 
2892500000 8.274975e+03 
2894650000 8.264075e+03 
2896800000 8.260975e+03 
2898950000 8.273875e+03 
2901100000 8.288100e+03 
2903250000 8.282200e+03 
2905400000 8.283125e+03 
2907550000 8.286900e+03 
2909700000 8.274150e+03 
2911850000 8.277275e+03 
2914000000 8.275325e+03 
2916150000 8.276725e+03 
2918300000 8.254025e+03 
2920450000 8.281825e+03 
2922600000 8.277050e+03 
2924750000 8278 
2926900000 8.294775e+03 
2929050000 8.278350e+03 
2931200000 8.260450e+03 
2933350000 8.259350e+03 
2935500000 8.288900e+03 
2937650000 8.280625e+03 
2939800000 8.293525e+03 
2941950000 8.267250e+03 
2.944100e+09 8.272800e+03 
2946250000 8.276375e+03 
2948400000 8.262100e+03 
2950550000 8.262650e+03 
2952700000 8.280775e+03 
2954850000 8.286150e+03 
2957000000 8.284375e+03 
2959150000 8.249075e+03 
2961300000 8.267950e+03 
2963450000 8.274725e+03 
2965600000 8.273350e+03 
2967750000 8.277950e+03 
2969900000 8.259275e+03 
2972050000 8.268250e+03 
2974200000 8.262400e+03 
2976350000 8.276500e+03 
2978500000 8.254200e+03 
2980650000 8.282050e+03 
2982800000 8.261650e+03 
2984950000 8.261400e+03 
2987100000 8.261875e+03 
2989250000 8.250700e+03 
2991400000 8.261675e+03 
2993550000 8.290825e+03 
2995700000 8.270900e+03 
2997850000 8.275625e+03 
3000000000 8.265025e+03 

END
