IGOR
WAVES/D/O sweep,sig(1) 
BEGIN
2570000000 8.207450e+03 
2.572150e+09 8.167325e+03 
2574300000 8.182125e+03 
2576450000 8.193200e+03 
2578600000 8.191900e+03 
2.580750e+09 8.176150e+03 
2582900000 8.197775e+03 
2585050000 8.187125e+03 
2.587200e+09 8.188450e+03 
2589350000 8.189125e+03 
2591500000 8.201750e+03 
2593650000 8.185450e+03 
2.595800e+09 8.169925e+03 
2597950000 8.190250e+03 
2600100000 8.171325e+03 
2.602250e+09 8.179750e+03 
2604400000 8.186250e+03 
2606550000 8.160750e+03 
2608700000 8.186850e+03 
2.610850e+09 8.172975e+03 
2613000000 8.177675e+03 
2615150000 8.173875e+03 
2.617300e+09 8.179275e+03 
2619450000 8.170475e+03 
2621600000 8.194075e+03 
2623750000 8.164575e+03 
2.625900e+09 8.159125e+03 
2628050000 8.145050e+03 
2630200000 8.143325e+03 
2.632350e+09 8.153625e+03 
2634500000 8.145450e+03 
2636650000 8.166875e+03 
2638800000 8.150100e+03 
2.640950e+09 8.167650e+03 
2643100000 8.180975e+03 
2645250000 8.190700e+03 
2.647400e+09 8.179525e+03 
2649550000 8.213750e+03 
2651700000 8.195300e+03 
2653850000 8.195925e+03 
2.656000e+09 8.192375e+03 
2658150000 8.192850e+03 
2660300000 8.160225e+03 
2.662450e+09 8.144425e+03 
2664600000 8.128625e+03 
2666750000 8.128975e+03 
2668900000 8.121350e+03 
2.671050e+09 8.116500e+03 
2673200000 8.125975e+03 
2675350000 8.121275e+03 
2677500000 8.135700e+03 
2679650000 8.143200e+03 
2681800000 8.188225e+03 
2683950000 8.177150e+03 
2.686100e+09 8.172050e+03 
2688250000 8.174875e+03 
2690400000 8.177575e+03 
2692550000 8.158625e+03 
2694700000 8.164925e+03 
2696850000 8.154925e+03 
2699000000 8.124050e+03 
2.701150e+09 8.123525e+03 
2703300000 8.105775e+03 
2705450000 8.122075e+03 
2707600000 8.111450e+03 
2.709750e+09 8.132450e+03 
2711900000 8.125725e+03 
2714050000 8.149825e+03 
2.716200e+09 8.179500e+03 
2718350000 8.152275e+03 
2720500000 8.189050e+03 
2722650000 8.165150e+03 
2724800000 8.169475e+03 
2726950000 8.148350e+03 
2729100000 8.161425e+03 
2.731250e+09 8.173075e+03 
2733400000 8.135225e+03 
2735550000 8.160600e+03 
2737700000 8113 
2.739850e+09 8.134525e+03 
2742000000 8.138625e+03 
2744150000 8.117575e+03 
2.746300e+09 8.113100e+03 
2748450000 8.148575e+03 
2750600000 8.157250e+03 
2752750000 8.165350e+03 
2754900000 8.180025e+03 
2757050000 8.171725e+03 
2759200000 8.156750e+03 
2.761350e+09 8.144125e+03 
2763500000 8.165425e+03 
2765650000 8.164075e+03 
2767800000 8.161500e+03 
2.769950e+09 8.144550e+03 
2772100000 8.148900e+03 
2774250000 8.191650e+03 
2.776400e+09 8.158575e+03 
2778550000 8.167025e+03 
2780700000 8.165275e+03 
2782850000 8.151800e+03 
2785000000 8.135750e+03 
2787150000 8.143500e+03 
2789300000 8.155925e+03 
2791450000 8.173200e+03 
2793600000 8.153025e+03 
2795750000 8.132650e+03 
2797900000 8.153175e+03 
2.800050e+09 8.154700e+03 
2802200000 8.139025e+03 
2804350000 8.153525e+03 
2806500000 8.138950e+03 
2808650000 8.129275e+03 
2810800000 8.130050e+03 
2812950000 8.145925e+03 
2815100000 8.158975e+03 
2817250000 8.156475e+03 
2819400000 8.164325e+03 
2821550000 8.151950e+03 
2823700000 8.142800e+03 
2825850000 8.135575e+03 
2828000000 8.143375e+03 
2.830150e+09 8.149650e+03 
2832300000 8.160100e+03 
2834450000 8.159925e+03 
2836600000 8.138625e+03 
2838750000 8.133750e+03 
2840900000 8.150925e+03 
2843050000 8.150850e+03 
2845200000 8.134525e+03 
2847350000 8.149725e+03 
2849500000 8.152550e+03 
2851650000 8.154875e+03 
2853800000 8160 
2855950000 8.152600e+03 
2858100000 8.145350e+03 
2.860250e+09 8.133875e+03 
2862400000 8.118525e+03 
2864550000 8.152750e+03 
2866700000 8.153450e+03 
2868850000 8.152875e+03 
2871000000 8165 
2873150000 8.157625e+03 
2875300000 8.167375e+03 
2877450000 8.129325e+03 
2879600000 8.154725e+03 
2881750000 8.142975e+03 
2883900000 8.166375e+03 
2886050000 8.139875e+03 
2888200000 8.159325e+03 
2.890350e+09 8.150875e+03 
2892500000 8.135175e+03 
2894650000 8.139975e+03 
2896800000 8.151900e+03 
2898950000 8.139125e+03 
2901100000 8.164800e+03 
2903250000 8.132250e+03 
2905400000 8.133700e+03 
2907550000 8.143575e+03 
2909700000 8.151525e+03 
2911850000 8.135650e+03 
2914000000 8.153500e+03 
2916150000 8.131625e+03 
2918300000 8.159125e+03 
2920450000 8.150775e+03 
2922600000 8.142400e+03 
2924750000 8.145275e+03 
2926900000 8.147675e+03 
2929050000 8.130075e+03 
2931200000 8.135925e+03 
2933350000 8.161800e+03 
2935500000 8.153100e+03 
2937650000 8.139900e+03 
2939800000 8.137575e+03 
2941950000 8.143275e+03 
2.944100e+09 8.136675e+03 
2946250000 8.159125e+03 
2948400000 8.127450e+03 
2950550000 8.140275e+03 
2952700000 8151 
2954850000 8.150175e+03 
2957000000 8.161425e+03 
2959150000 8.173925e+03 
2961300000 8168 
2963450000 8.147850e+03 
2965600000 8.157975e+03 
2967750000 8.144250e+03 
2969900000 8.143350e+03 
2972050000 8.146975e+03 
2974200000 8.143200e+03 
2976350000 8.172750e+03 
2978500000 8.134150e+03 
2980650000 8.162225e+03 
2982800000 8.133750e+03 
2984950000 8.167475e+03 
2987100000 8.162250e+03 
2989250000 8.177275e+03 
2991400000 8.169575e+03 
2993550000 8.154775e+03 
2995700000 8146 
2997850000 8.157775e+03 
3000000000 8.146850e+03 

END
