IGOR
WAVES/D/O sweep,sig(1) 
BEGIN
2570000000 8.238300e+03 
2.572150e+09 8.244450e+03 
2574300000 8.250150e+03 
2576450000 8.229200e+03 
2578600000 8.256900e+03 
2.580750e+09 8.250975e+03 
2582900000 8.246550e+03 
2585050000 8.243750e+03 
2.587200e+09 8.233700e+03 
2589350000 8.240075e+03 
2591500000 8.248475e+03 
2593650000 8.242650e+03 
2.595800e+09 8.226875e+03 
2597950000 8.258525e+03 
2600100000 8.223125e+03 
2.602250e+09 8.247925e+03 
2604400000 8.238950e+03 
2606550000 8.246925e+03 
2608700000 8.247600e+03 
2.610850e+09 8.228925e+03 
2613000000 8.224825e+03 
2615150000 8.259925e+03 
2.617300e+09 8.242275e+03 
2619450000 8233 
2621600000 8.233950e+03 
2623750000 8.229375e+03 
2.625900e+09 8.220075e+03 
2628050000 8.212325e+03 
2630200000 8.190300e+03 
2.632350e+09 8.184875e+03 
2634500000 8.211800e+03 
2636650000 8.200350e+03 
2638800000 8.211150e+03 
2.640950e+09 8.223125e+03 
2643100000 8.246625e+03 
2645250000 8.251150e+03 
2.647400e+09 8.241700e+03 
2649550000 8.220725e+03 
2651700000 8.218600e+03 
2653850000 8.222400e+03 
2.656000e+09 8.249850e+03 
2658150000 8.237500e+03 
2660300000 8.235700e+03 
2.662450e+09 8.226400e+03 
2664600000 8.187200e+03 
2666750000 8.171250e+03 
2668900000 8.191200e+03 
2.671050e+09 8.163575e+03 
2673200000 8.188750e+03 
2675350000 8.197650e+03 
2677500000 8.200200e+03 
2679650000 8.198350e+03 
2681800000 8.231900e+03 
2683950000 8.200550e+03 
2.686100e+09 8.234975e+03 
2688250000 8.246125e+03 
2690400000 8.235175e+03 
2692550000 8.222150e+03 
2694700000 8.236625e+03 
2696850000 8.203250e+03 
2699000000 8.204875e+03 
2.701150e+09 8.174650e+03 
2703300000 8.172900e+03 
2705450000 8.172325e+03 
2707600000 8.169225e+03 
2.709750e+09 8.178175e+03 
2711900000 8.187250e+03 
2714050000 8.204975e+03 
2.716200e+09 8.206675e+03 
2718350000 8.218625e+03 
2720500000 8.238875e+03 
2722650000 8.247850e+03 
2724800000 8.254200e+03 
2726950000 8.239300e+03 
2729100000 8.257250e+03 
2.731250e+09 8.246175e+03 
2733400000 8.224475e+03 
2735550000 8.237625e+03 
2737700000 8.211825e+03 
2.739850e+09 8.204175e+03 
2742000000 8.213900e+03 
2744150000 8.195825e+03 
2.746300e+09 8.213400e+03 
2748450000 8.218325e+03 
2750600000 8.214575e+03 
2752750000 8.234975e+03 
2754900000 8.241875e+03 
2757050000 8.257800e+03 
2759200000 8.248725e+03 
2.761350e+09 8.243250e+03 
2763500000 8.233350e+03 
2765650000 8.258050e+03 
2767800000 8.241825e+03 
2.769950e+09 8.249275e+03 
2772100000 8.242125e+03 
2774250000 8.237225e+03 
2.776400e+09 8.252300e+03 
2778550000 8.260550e+03 
2780700000 8.240500e+03 
2782850000 8.263600e+03 
2785000000 8.212525e+03 
2787150000 8.263575e+03 
2789300000 8.242675e+03 
2791450000 8.241675e+03 
2793600000 8.234500e+03 
2795750000 8.229850e+03 
2797900000 8.223300e+03 
2.800050e+09 8234 
2802200000 8.244800e+03 
2804350000 8.243025e+03 
2806500000 8.239525e+03 
2808650000 8.260225e+03 
2810800000 8.247825e+03 
2812950000 8.244750e+03 
2815100000 8.229375e+03 
2817250000 8.240775e+03 
2819400000 8.256275e+03 
2821550000 8.249475e+03 
2823700000 8.236275e+03 
2825850000 8.254775e+03 
2828000000 8.260825e+03 
2.830150e+09 8.228575e+03 
2832300000 8.243575e+03 
2834450000 8.235525e+03 
2836600000 8.252325e+03 
2838750000 8.249900e+03 
2840900000 8.237375e+03 
2843050000 8245 
2845200000 8.247300e+03 
2847350000 8.246450e+03 
2849500000 8.244450e+03 
2851650000 8.229450e+03 
2853800000 8.230850e+03 
2855950000 8.265125e+03 
2858100000 8.251625e+03 
2.860250e+09 8.232225e+03 
2862400000 8.245525e+03 
2864550000 8.254700e+03 
2866700000 8.245325e+03 
2868850000 8.252225e+03 
2871000000 8.247225e+03 
2873150000 8.248300e+03 
2875300000 8.237450e+03 
2877450000 8.236450e+03 
2879600000 8.249225e+03 
2881750000 8.230250e+03 
2883900000 8.233975e+03 
2886050000 8.234250e+03 
2888200000 8.244300e+03 
2.890350e+09 8.240150e+03 
2892500000 8.236025e+03 
2894650000 8.246475e+03 
2896800000 8.245025e+03 
2898950000 8.265675e+03 
2901100000 8.267825e+03 
2903250000 8.240700e+03 
2905400000 8.250050e+03 
2907550000 8.267175e+03 
2909700000 8.248675e+03 
2911850000 8.234525e+03 
2914000000 8.251525e+03 
2916150000 8.237700e+03 
2918300000 8.255825e+03 
2920450000 8.237700e+03 
2922600000 8.242775e+03 
2924750000 8.249225e+03 
2926900000 8.245825e+03 
2929050000 8.251750e+03 
2931200000 8.247300e+03 
2933350000 8.254250e+03 
2935500000 8.252875e+03 
2937650000 8.224150e+03 
2939800000 8.233750e+03 
2941950000 8.248900e+03 
2.944100e+09 8.245375e+03 
2946250000 8.250875e+03 
2948400000 8.253425e+03 
2950550000 8.254100e+03 
2952700000 8.261850e+03 
2954850000 8.261825e+03 
2957000000 8.236600e+03 
2959150000 8.242300e+03 
2961300000 8.237775e+03 
2963450000 8.231850e+03 
2965600000 8.246500e+03 
2967750000 8.244525e+03 
2969900000 8.244300e+03 
2972050000 8.245950e+03 
2974200000 8.243675e+03 
2976350000 8.240925e+03 
2978500000 8.273250e+03 
2980650000 8.269150e+03 
2982800000 8.256875e+03 
2984950000 8.245750e+03 
2987100000 8.240700e+03 
2989250000 8.250875e+03 
2991400000 8.259725e+03 
2993550000 8.230650e+03 
2995700000 8.249900e+03 
2997850000 8.240150e+03 
3000000000 8231 

END
