IGOR
WAVES/D/O sweep,sig(1) 
BEGIN
2570000000 8.200200e+03 
2.572150e+09 8.199800e+03 
2574300000 8.208150e+03 
2576450000 8.195050e+03 
2578600000 8.216300e+03 
2.580750e+09 8.190675e+03 
2582900000 8.208125e+03 
2585050000 8.213700e+03 
2.587200e+09 8.197400e+03 
2589350000 8.191125e+03 
2591500000 8.207400e+03 
2593650000 8.213800e+03 
2.595800e+09 8.222625e+03 
2597950000 8203 
2600100000 8.238775e+03 
2.602250e+09 8.204975e+03 
2604400000 8.214475e+03 
2606550000 8.229200e+03 
2608700000 8.191800e+03 
2.610850e+09 8.195825e+03 
2613000000 8.212325e+03 
2615150000 8.201925e+03 
2.617300e+09 8.239525e+03 
2619450000 8.216950e+03 
2621600000 8.187750e+03 
2623750000 8.184925e+03 
2.625900e+09 8.162800e+03 
2628050000 8.149675e+03 
2630200000 8.174500e+03 
2.632350e+09 8.147050e+03 
2634500000 8.158675e+03 
2636650000 8.184150e+03 
2638800000 8.181550e+03 
2.640950e+09 8.179350e+03 
2643100000 8.205550e+03 
2645250000 8.191325e+03 
2.647400e+09 8.186775e+03 
2649550000 8.212950e+03 
2651700000 8.201150e+03 
2653850000 8.208650e+03 
2.656000e+09 8.208275e+03 
2658150000 8.200600e+03 
2660300000 8.203600e+03 
2.662450e+09 8.167650e+03 
2664600000 8.161500e+03 
2666750000 8.142300e+03 
2668900000 8.141075e+03 
2.671050e+09 8.130975e+03 
2673200000 8.146800e+03 
2675350000 8.154900e+03 
2677500000 8.159250e+03 
2679650000 8.180850e+03 
2681800000 8.213975e+03 
2683950000 8.179300e+03 
2.686100e+09 8.199550e+03 
2688250000 8.224475e+03 
2690400000 8.216400e+03 
2692550000 8.184700e+03 
2694700000 8.185275e+03 
2696850000 8.189500e+03 
2699000000 8.152350e+03 
2.701150e+09 8.168225e+03 
2703300000 8.159425e+03 
2705450000 8.135275e+03 
2707600000 8.144675e+03 
2.709750e+09 8.165725e+03 
2711900000 8.152425e+03 
2714050000 8.171400e+03 
2.716200e+09 8.202100e+03 
2718350000 8.198750e+03 
2720500000 8.216875e+03 
2722650000 8.212025e+03 
2724800000 8.213750e+03 
2726950000 8.224250e+03 
2729100000 8.195850e+03 
2.731250e+09 8.211600e+03 
2733400000 8.204525e+03 
2735550000 8.171525e+03 
2737700000 8.166325e+03 
2.739850e+09 8.166450e+03 
2742000000 8.176925e+03 
2744150000 8.189100e+03 
2.746300e+09 8.202850e+03 
2748450000 8199 
2750600000 8.195375e+03 
2752750000 8.180800e+03 
2754900000 8.208475e+03 
2757050000 8.223875e+03 
2759200000 8.212850e+03 
2.761350e+09 8.213125e+03 
2763500000 8.221250e+03 
2765650000 8.215400e+03 
2767800000 8.235900e+03 
2.769950e+09 8.213900e+03 
2772100000 8.223200e+03 
2774250000 8.223200e+03 
2.776400e+09 8.235775e+03 
2778550000 8.250400e+03 
2780700000 8.249025e+03 
2782850000 8.228875e+03 
2785000000 8247 
2787150000 8.214925e+03 
2789300000 8.221250e+03 
2791450000 8.224175e+03 
2793600000 8.223100e+03 
2795750000 8.232025e+03 
2797900000 8.224250e+03 
2.800050e+09 8.219200e+03 
2802200000 8.231500e+03 
2804350000 8.209025e+03 
2806500000 8.242075e+03 
2808650000 8.225400e+03 
2810800000 8.246850e+03 
2812950000 8.235300e+03 
2815100000 8.230700e+03 
2817250000 8.241600e+03 
2819400000 8.252200e+03 
2821550000 8.227400e+03 
2823700000 8.253675e+03 
2825850000 8.211200e+03 
2828000000 8.231225e+03 
2.830150e+09 8.235925e+03 
2832300000 8.247550e+03 
2834450000 8.201500e+03 
2836600000 8.235775e+03 
2838750000 8.220850e+03 
2840900000 8.227050e+03 
2843050000 8.220325e+03 
2845200000 8.213950e+03 
2847350000 8.237750e+03 
2849500000 8.240075e+03 
2851650000 8.231175e+03 
2853800000 8.242800e+03 
2855950000 8.255100e+03 
2858100000 8.243825e+03 
2.860250e+09 8.247800e+03 
2862400000 8.223300e+03 
2864550000 8.241100e+03 
2866700000 8.258325e+03 
2868850000 8.261875e+03 
2871000000 8.230075e+03 
2873150000 8.249225e+03 
2875300000 8.210350e+03 
2877450000 8.232975e+03 
2879600000 8.232500e+03 
2881750000 8.234175e+03 
2883900000 8.241525e+03 
2886050000 8.217950e+03 
2888200000 8.261200e+03 
2.890350e+09 8.229925e+03 
2892500000 8.217525e+03 
2894650000 8.221600e+03 
2896800000 8.222325e+03 
2898950000 8.200875e+03 
2901100000 8.248750e+03 
2903250000 8.220225e+03 
2905400000 8.241725e+03 
2907550000 8.208325e+03 
2909700000 8.241325e+03 
2911850000 8.240150e+03 
2914000000 8.233750e+03 
2916150000 8.243300e+03 
2918300000 8.236525e+03 
2920450000 8.249525e+03 
2922600000 8.231650e+03 
2924750000 8.215300e+03 
2926900000 8.228200e+03 
2929050000 8.231100e+03 
2931200000 8.232525e+03 
2933350000 8.223125e+03 
2935500000 8.246025e+03 
2937650000 8.223950e+03 
2939800000 8.229100e+03 
2941950000 8.238325e+03 
2.944100e+09 8.228350e+03 
2946250000 8.227725e+03 
2948400000 8.216750e+03 
2950550000 8.228925e+03 
2952700000 8.231475e+03 
2954850000 8.248100e+03 
2957000000 8.244975e+03 
2959150000 8.226275e+03 
2961300000 8.213850e+03 
2963450000 8.251025e+03 
2965600000 8.238350e+03 
2967750000 8.210675e+03 
2969900000 8.218650e+03 
2972050000 8.229675e+03 
2974200000 8.241900e+03 
2976350000 8.212775e+03 
2978500000 8.253200e+03 
2980650000 8.232325e+03 
2982800000 8.199550e+03 
2984950000 8.253825e+03 
2987100000 8.262650e+03 
2989250000 8.242525e+03 
2991400000 8.250600e+03 
2993550000 8.242225e+03 
2995700000 8.224125e+03 
2997850000 8.225525e+03 
3000000000 8.217425e+03 

END
