IGOR
WAVES/D/O sweep,sig(1) 
BEGIN
2570000000 8.212450e+03 
2.572150e+09 8.216250e+03 
2574300000 8.234550e+03 
2576450000 8.233225e+03 
2578600000 8.214900e+03 
2.580750e+09 8.230675e+03 
2582900000 8.230625e+03 
2585050000 8.217775e+03 
2.587200e+09 8.236075e+03 
2589350000 8.227275e+03 
2591500000 8.229750e+03 
2593650000 8.201775e+03 
2.595800e+09 8.218750e+03 
2597950000 8.214625e+03 
2600100000 8.223650e+03 
2.602250e+09 8.202625e+03 
2604400000 8.212300e+03 
2606550000 8.222200e+03 
2608700000 8213 
2.610850e+09 8.207525e+03 
2613000000 8.225825e+03 
2615150000 8.232400e+03 
2.617300e+09 8.215325e+03 
2619450000 8.225150e+03 
2621600000 8.194425e+03 
2623750000 8.190050e+03 
2.625900e+09 8.194025e+03 
2628050000 8.200875e+03 
2630200000 8.205325e+03 
2.632350e+09 8.165675e+03 
2634500000 8.165325e+03 
2636650000 8.172125e+03 
2638800000 8.206100e+03 
2.640950e+09 8.203300e+03 
2643100000 8.225650e+03 
2645250000 8.228100e+03 
2.647400e+09 8.225325e+03 
2649550000 8.225750e+03 
2651700000 8.216625e+03 
2653850000 8.239150e+03 
2.656000e+09 8.228225e+03 
2658150000 8.194125e+03 
2660300000 8.194775e+03 
2.662450e+09 8.173925e+03 
2664600000 8.159125e+03 
2666750000 8.169750e+03 
2668900000 8.151775e+03 
2.671050e+09 8.152550e+03 
2673200000 8.160325e+03 
2675350000 8.137150e+03 
2677500000 8.187650e+03 
2679650000 8.182150e+03 
2681800000 8.183375e+03 
2683950000 8.214575e+03 
2.686100e+09 8.213250e+03 
2688250000 8.193675e+03 
2690400000 8.215450e+03 
2692550000 8.206675e+03 
2694700000 8.196150e+03 
2696850000 8.171800e+03 
2699000000 8.159550e+03 
2.701150e+09 8.160925e+03 
2703300000 8136 
2705450000 8.143300e+03 
2707600000 8.150550e+03 
2.709750e+09 8.158475e+03 
2711900000 8.171125e+03 
2714050000 8.185300e+03 
2.716200e+09 8.192175e+03 
2718350000 8.191150e+03 
2720500000 8.210050e+03 
2722650000 8.203725e+03 
2724800000 8.214275e+03 
2726950000 8.197775e+03 
2729100000 8.203600e+03 
2.731250e+09 8.200450e+03 
2733400000 8202 
2735550000 8.184975e+03 
2737700000 8.168475e+03 
2.739850e+09 8.194525e+03 
2742000000 8.197175e+03 
2744150000 8.203250e+03 
2.746300e+09 8.174525e+03 
2748450000 8.183225e+03 
2750600000 8.198300e+03 
2752750000 8.206675e+03 
2754900000 8.203325e+03 
2757050000 8.206350e+03 
2759200000 8.217900e+03 
2.761350e+09 8.196700e+03 
2763500000 8.219375e+03 
2765650000 8.216325e+03 
2767800000 8.219800e+03 
2.769950e+09 8.214825e+03 
2772100000 8.249525e+03 
2774250000 8.227450e+03 
2.776400e+09 8.211675e+03 
2778550000 8.227275e+03 
2780700000 8.225100e+03 
2782850000 8.203575e+03 
2785000000 8209 
2787150000 8.203900e+03 
2789300000 8.222550e+03 
2791450000 8.227950e+03 
2793600000 8231 
2795750000 8.216425e+03 
2797900000 8.224725e+03 
2.800050e+09 8.236625e+03 
2802200000 8.234075e+03 
2804350000 8.234450e+03 
2806500000 8.211375e+03 
2808650000 8.217950e+03 
2810800000 8.228525e+03 
2812950000 8.213575e+03 
2815100000 8.241325e+03 
2817250000 8.227200e+03 
2819400000 8.231750e+03 
2821550000 8.245025e+03 
2823700000 8.229575e+03 
2825850000 8.222825e+03 
2828000000 8.246850e+03 
2.830150e+09 8.228825e+03 
2832300000 8.225025e+03 
2834450000 8.230375e+03 
2836600000 8.241225e+03 
2838750000 8.238725e+03 
2840900000 8.227950e+03 
2843050000 8.212825e+03 
2845200000 8.244375e+03 
2847350000 8.232450e+03 
2849500000 8.233450e+03 
2851650000 8.227200e+03 
2853800000 8.238050e+03 
2855950000 8.226250e+03 
2858100000 8.245225e+03 
2.860250e+09 8.249075e+03 
2862400000 8.245300e+03 
2864550000 8.217750e+03 
2866700000 8.224175e+03 
2868850000 8.226075e+03 
2871000000 8.250375e+03 
2873150000 8.236125e+03 
2875300000 8.215250e+03 
2877450000 8.227775e+03 
2879600000 8.210025e+03 
2881750000 8.230600e+03 
2883900000 8.222025e+03 
2886050000 8.247225e+03 
2888200000 8.217275e+03 
2.890350e+09 8.244950e+03 
2892500000 8.238450e+03 
2894650000 8.239600e+03 
2896800000 8.223925e+03 
2898950000 8.254125e+03 
2901100000 8.227575e+03 
2903250000 8.234425e+03 
2905400000 8.238450e+03 
2907550000 8.246175e+03 
2909700000 8.241900e+03 
2911850000 8.225175e+03 
2914000000 8.247450e+03 
2916150000 8.236275e+03 
2918300000 8.244150e+03 
2920450000 8.221050e+03 
2922600000 8.237325e+03 
2924750000 8.235575e+03 
2926900000 8.225775e+03 
2929050000 8.235100e+03 
2931200000 8.241625e+03 
2933350000 8.248500e+03 
2935500000 8.252400e+03 
2937650000 8.238125e+03 
2939800000 8.219300e+03 
2941950000 8262 
2.944100e+09 8.242425e+03 
2946250000 8.252100e+03 
2948400000 8.232200e+03 
2950550000 8.254350e+03 
2952700000 8.232550e+03 
2954850000 8.235400e+03 
2957000000 8.246075e+03 
2959150000 8.224500e+03 
2961300000 8.254925e+03 
2963450000 8234 
2965600000 8.232200e+03 
2967750000 8.234125e+03 
2969900000 8.231975e+03 
2972050000 8.261875e+03 
2974200000 8.226150e+03 
2976350000 8.225300e+03 
2978500000 8.233225e+03 
2980650000 8.229700e+03 
2982800000 8.245325e+03 
2984950000 8.230450e+03 
2987100000 8.227525e+03 
2989250000 8.235450e+03 
2991400000 8.234750e+03 
2993550000 8.245725e+03 
2995700000 8.230575e+03 
2997850000 8.260375e+03 
3000000000 8.245850e+03 

END
