IGOR
WAVES/D/O sweep,sig(1) 
BEGIN
2570000000 8.251425e+03 
2.572150e+09 8.247225e+03 
2574300000 8.272500e+03 
2576450000 8.264875e+03 
2578600000 8.281300e+03 
2.580750e+09 8.249975e+03 
2582900000 8.277600e+03 
2585050000 8.273575e+03 
2.587200e+09 8.263050e+03 
2589350000 8.254225e+03 
2591500000 8258 
2593650000 8.265925e+03 
2.595800e+09 8.293400e+03 
2597950000 8.260700e+03 
2600100000 8.284725e+03 
2.602250e+09 8.276975e+03 
2604400000 8.264600e+03 
2606550000 8.264825e+03 
2608700000 8.274225e+03 
2.610850e+09 8.274325e+03 
2613000000 8.266800e+03 
2615150000 8.264325e+03 
2.617300e+09 8.265500e+03 
2619450000 8.257075e+03 
2621600000 8.234800e+03 
2623750000 8.230225e+03 
2.625900e+09 8.251400e+03 
2628050000 8.217375e+03 
2630200000 8.243200e+03 
2.632350e+09 8.230175e+03 
2634500000 8.246425e+03 
2636650000 8.222125e+03 
2638800000 8.260075e+03 
2.640950e+09 8.247575e+03 
2643100000 8.264100e+03 
2645250000 8.263375e+03 
2.647400e+09 8.282700e+03 
2649550000 8.282100e+03 
2651700000 8.269125e+03 
2653850000 8.263925e+03 
2.656000e+09 8.283200e+03 
2658150000 8.263075e+03 
2660300000 8.256950e+03 
2.662450e+09 8.221200e+03 
2664600000 8.229775e+03 
2666750000 8.219300e+03 
2668900000 8.211450e+03 
2.671050e+09 8.203275e+03 
2673200000 8.195225e+03 
2675350000 8.204450e+03 
2677500000 8.256725e+03 
2679650000 8.258200e+03 
2681800000 8.276725e+03 
2683950000 8.280850e+03 
2.686100e+09 8.252325e+03 
2688250000 8.259650e+03 
2690400000 8.230275e+03 
2692550000 8.248150e+03 
2694700000 8.270800e+03 
2696850000 8.228275e+03 
2699000000 8.232700e+03 
2.701150e+09 8.217475e+03 
2703300000 8.199600e+03 
2705450000 8.202725e+03 
2707600000 8.198100e+03 
2.709750e+09 8.203750e+03 
2711900000 8.235750e+03 
2714050000 8.226450e+03 
2.716200e+09 8.253050e+03 
2718350000 8.253775e+03 
2720500000 8275 
2722650000 8.264175e+03 
2724800000 8.252150e+03 
2726950000 8.255125e+03 
2729100000 8.268225e+03 
2.731250e+09 8.262925e+03 
2733400000 8.251675e+03 
2735550000 8.252850e+03 
2737700000 8.238800e+03 
2.739850e+09 8.236275e+03 
2742000000 8.242075e+03 
2744150000 8.232525e+03 
2.746300e+09 8.254675e+03 
2748450000 8.257150e+03 
2750600000 8.232925e+03 
2752750000 8.237200e+03 
2754900000 8.273500e+03 
2757050000 8.280775e+03 
2759200000 8.267900e+03 
2.761350e+09 8.263400e+03 
2763500000 8.297550e+03 
2765650000 8.267700e+03 
2767800000 8.272375e+03 
2.769950e+09 8.304825e+03 
2772100000 8.305600e+03 
2774250000 8.264600e+03 
2.776400e+09 8.269400e+03 
2778550000 8.264950e+03 
2780700000 8.293200e+03 
2782850000 8.289975e+03 
2785000000 8.244225e+03 
2787150000 8.283825e+03 
2789300000 8.279850e+03 
2791450000 8283 
2793600000 8.264950e+03 
2795750000 8.285075e+03 
2797900000 8.281675e+03 
2.800050e+09 8.270700e+03 
2802200000 8.278525e+03 
2804350000 8.274625e+03 
2806500000 8.293425e+03 
2808650000 8.295825e+03 
2810800000 8.282825e+03 
2812950000 8.270300e+03 
2815100000 8.270750e+03 
2817250000 8.261150e+03 
2819400000 8.289825e+03 
2821550000 8.269550e+03 
2823700000 8.250600e+03 
2825850000 8.295275e+03 
2828000000 8.241550e+03 
2.830150e+09 8.269425e+03 
2832300000 8.255750e+03 
2834450000 8.239950e+03 
2836600000 8.266850e+03 
2838750000 8.249600e+03 
2840900000 8.258600e+03 
2843050000 8.263375e+03 
2845200000 8.255850e+03 
2847350000 8.283300e+03 
2849500000 8.268525e+03 
2851650000 8.254550e+03 
2853800000 8.271425e+03 
2855950000 8.272175e+03 
2858100000 8.267575e+03 
2.860250e+09 8.258725e+03 
2862400000 8.291175e+03 
2864550000 8.293625e+03 
2866700000 8.247775e+03 
2868850000 8.271750e+03 
2871000000 8.268175e+03 
2873150000 8.272025e+03 
2875300000 8.268250e+03 
2877450000 8.269725e+03 
2879600000 8.282925e+03 
2881750000 8.300100e+03 
2883900000 8.279825e+03 
2886050000 8.253450e+03 
2888200000 8.260650e+03 
2.890350e+09 8.279900e+03 
2892500000 8.288650e+03 
2894650000 8.272150e+03 
2896800000 8.259100e+03 
2898950000 8.280200e+03 
2901100000 8.253400e+03 
2903250000 8.259250e+03 
2905400000 8.266100e+03 
2907550000 8.284250e+03 
2909700000 8.272850e+03 
2911850000 8.263425e+03 
2914000000 8.278125e+03 
2916150000 8.282625e+03 
2918300000 8.262200e+03 
2920450000 8.262275e+03 
2922600000 8.266375e+03 
2924750000 8.274900e+03 
2926900000 8.261375e+03 
2929050000 8.234625e+03 
2931200000 8.260975e+03 
2933350000 8.256675e+03 
2935500000 8.265775e+03 
2937650000 8.293600e+03 
2939800000 8.274050e+03 
2941950000 8.257525e+03 
2.944100e+09 8.270900e+03 
2946250000 8.268850e+03 
2948400000 8.264450e+03 
2950550000 8.281950e+03 
2952700000 8.256125e+03 
2954850000 8.271975e+03 
2957000000 8.263700e+03 
2959150000 8.264925e+03 
2961300000 8.257950e+03 
2963450000 8.266250e+03 
2965600000 8.274575e+03 
2967750000 8.270775e+03 
2969900000 8.283475e+03 
2972050000 8.250025e+03 
2974200000 8273 
2976350000 8.296050e+03 
2978500000 8.296250e+03 
2980650000 8269 
2982800000 8.257525e+03 
2984950000 8.260375e+03 
2987100000 8.260775e+03 
2989250000 8.268275e+03 
2991400000 8270 
2993550000 8.279700e+03 
2995700000 8.284800e+03 
2997850000 8.274375e+03 
3000000000 8.270475e+03 

END
