IGOR
WAVES/D/O sweep,sig(1) 
BEGIN
2570000000 8.244775e+03 
2.572150e+09 8.247175e+03 
2574300000 8.262425e+03 
2576450000 8.276475e+03 
2578600000 8.251800e+03 
2.580750e+09 8.268800e+03 
2582900000 8.263125e+03 
2585050000 8.268900e+03 
2.587200e+09 8.244675e+03 
2589350000 8.237800e+03 
2591500000 8.239300e+03 
2593650000 8.265575e+03 
2.595800e+09 8.267125e+03 
2597950000 8.255150e+03 
2600100000 8.289075e+03 
2.602250e+09 8.271150e+03 
2604400000 8.240700e+03 
2606550000 8.262350e+03 
2608700000 8.254025e+03 
2.610850e+09 8.243700e+03 
2613000000 8.261800e+03 
2615150000 8.253250e+03 
2.617300e+09 8.276400e+03 
2619450000 8.271250e+03 
2621600000 8.264125e+03 
2623750000 8.224975e+03 
2.625900e+09 8.250225e+03 
2628050000 8.247350e+03 
2630200000 8.210200e+03 
2.632350e+09 8.227650e+03 
2634500000 8.241125e+03 
2636650000 8251 
2638800000 8.240625e+03 
2.640950e+09 8252 
2643100000 8.275225e+03 
2645250000 8.249575e+03 
2.647400e+09 8.277250e+03 
2649550000 8.256300e+03 
2651700000 8.267750e+03 
2653850000 8.267025e+03 
2.656000e+09 8.246650e+03 
2658150000 8.240875e+03 
2660300000 8.247200e+03 
2.662450e+09 8.243900e+03 
2664600000 8.227025e+03 
2666750000 8.190925e+03 
2668900000 8.193125e+03 
2.671050e+09 8.198825e+03 
2673200000 8.179025e+03 
2675350000 8.202475e+03 
2677500000 8.222475e+03 
2679650000 8.244525e+03 
2681800000 8.245575e+03 
2683950000 8.250325e+03 
2.686100e+09 8.248675e+03 
2688250000 8.239050e+03 
2690400000 8.270100e+03 
2692550000 8.251600e+03 
2694700000 8236 
2696850000 8.245050e+03 
2699000000 8.235350e+03 
2.701150e+09 8.201325e+03 
2703300000 8.194500e+03 
2705450000 8.180425e+03 
2707600000 8.190750e+03 
2.709750e+09 8.191475e+03 
2711900000 8.193300e+03 
2714050000 8.238325e+03 
2.716200e+09 8.239650e+03 
2718350000 8.248625e+03 
2720500000 8.238825e+03 
2722650000 8.271525e+03 
2724800000 8.266025e+03 
2726950000 8262 
2729100000 8.248550e+03 
2.731250e+09 8.265750e+03 
2733400000 8.265650e+03 
2735550000 8.237725e+03 
2737700000 8.211350e+03 
2.739850e+09 8.218950e+03 
2742000000 8.252725e+03 
2744150000 8.221325e+03 
2.746300e+09 8.239675e+03 
2748450000 8229 
2750600000 8.243050e+03 
2752750000 8.261375e+03 
2754900000 8.231400e+03 
2757050000 8.265350e+03 
2759200000 8.276725e+03 
2.761350e+09 8.247300e+03 
2763500000 8.274275e+03 
2765650000 8.248150e+03 
2767800000 8.276825e+03 
2.769950e+09 8.257500e+03 
2772100000 8.277050e+03 
2774250000 8.258275e+03 
2.776400e+09 8.243775e+03 
2778550000 8.273425e+03 
2780700000 8.273550e+03 
2782850000 8.275725e+03 
2785000000 8.249425e+03 
2787150000 8.242300e+03 
2789300000 8.282725e+03 
2791450000 8.252900e+03 
2793600000 8.263175e+03 
2795750000 8.255550e+03 
2797900000 8.256300e+03 
2.800050e+09 8.266725e+03 
2802200000 8.261275e+03 
2804350000 8.261775e+03 
2806500000 8.239900e+03 
2808650000 8.248825e+03 
2810800000 8.273875e+03 
2812950000 8.275600e+03 
2815100000 8.254675e+03 
2817250000 8.262150e+03 
2819400000 8.259275e+03 
2821550000 8.262975e+03 
2823700000 8.267825e+03 
2825850000 8.260400e+03 
2828000000 8.260475e+03 
2.830150e+09 8.254975e+03 
2832300000 8.262925e+03 
2834450000 8.264550e+03 
2836600000 8.259675e+03 
2838750000 8.268125e+03 
2840900000 8.245025e+03 
2843050000 8.269675e+03 
2845200000 8.266025e+03 
2847350000 8.263800e+03 
2849500000 8.255450e+03 
2851650000 8.265525e+03 
2853800000 8251 
2855950000 8.277350e+03 
2858100000 8.269700e+03 
2.860250e+09 8.261175e+03 
2862400000 8.277150e+03 
2864550000 8.256875e+03 
2866700000 8.280950e+03 
2868850000 8.265400e+03 
2871000000 8.272025e+03 
2873150000 8.260225e+03 
2875300000 8.268300e+03 
2877450000 8.263200e+03 
2879600000 8.248075e+03 
2881750000 8.270200e+03 
2883900000 8.263425e+03 
2886050000 8.268950e+03 
2888200000 8.270825e+03 
2.890350e+09 8.251175e+03 
2892500000 8.249150e+03 
2894650000 8.255775e+03 
2896800000 8.259375e+03 
2898950000 8.251250e+03 
2901100000 8.260650e+03 
2903250000 8.267875e+03 
2905400000 8.270725e+03 
2907550000 8.257050e+03 
2909700000 8.259050e+03 
2911850000 8.263275e+03 
2914000000 8.259550e+03 
2916150000 8.273800e+03 
2918300000 8.264400e+03 
2920450000 8.261625e+03 
2922600000 8.251675e+03 
2924750000 8.248500e+03 
2926900000 8.256900e+03 
2929050000 8.255875e+03 
2931200000 8.280450e+03 
2933350000 8.257250e+03 
2935500000 8.265025e+03 
2937650000 8.253925e+03 
2939800000 8.282800e+03 
2941950000 8.263325e+03 
2.944100e+09 8.268775e+03 
2946250000 8.239925e+03 
2948400000 8.253625e+03 
2950550000 8.246300e+03 
2952700000 8.219800e+03 
2954850000 8.255175e+03 
2957000000 8.283775e+03 
2959150000 8.273325e+03 
2961300000 8.264825e+03 
2963450000 8.267925e+03 
2965600000 8.262575e+03 
2967750000 8.275525e+03 
2969900000 8.257975e+03 
2972050000 8.271500e+03 
2974200000 8.269850e+03 
2976350000 8.254250e+03 
2978500000 8.255075e+03 
2980650000 8.260500e+03 
2982800000 8.252550e+03 
2984950000 8.266550e+03 
2987100000 8.264775e+03 
2989250000 8.265900e+03 
2991400000 8.266800e+03 
2993550000 8.237850e+03 
2995700000 8.261550e+03 
2997850000 8.280025e+03 
3000000000 8.266075e+03 

END
