IGOR
WAVES/D/O sweep,sig(1) 
BEGIN
2570000000 8.326800e+03 
2.572150e+09 8.339475e+03 
2574300000 8.348375e+03 
2576450000 8.333950e+03 
2578600000 8.342650e+03 
2.580750e+09 8.348925e+03 
2582900000 8.345925e+03 
2585050000 8.314925e+03 
2.587200e+09 8.338325e+03 
2589350000 8.346900e+03 
2591500000 8.367700e+03 
2593650000 8.337500e+03 
2.595800e+09 8.321850e+03 
2597950000 8.342775e+03 
2600100000 8.334725e+03 
2.602250e+09 8.330100e+03 
2604400000 8.321550e+03 
2606550000 8.325300e+03 
2608700000 8.323525e+03 
2.610850e+09 8.353950e+03 
2613000000 8.329300e+03 
2615150000 8.334925e+03 
2.617300e+09 8.331725e+03 
2619450000 8.341575e+03 
2621600000 8.330200e+03 
2623750000 8.304275e+03 
2.625900e+09 8310 
2628050000 8.289575e+03 
2630200000 8.301300e+03 
2.632350e+09 8.303250e+03 
2634500000 8.302600e+03 
2636650000 8.284825e+03 
2638800000 8.312800e+03 
2.640950e+09 8.300850e+03 
2643100000 8.317250e+03 
2645250000 8.324750e+03 
2.647400e+09 8.333700e+03 
2649550000 8.315125e+03 
2651700000 8.315675e+03 
2653850000 8.333600e+03 
2.656000e+09 8.334450e+03 
2658150000 8.314125e+03 
2660300000 8.298450e+03 
2.662450e+09 8.293900e+03 
2664600000 8.295650e+03 
2666750000 8.279325e+03 
2668900000 8.269125e+03 
2.671050e+09 8.263700e+03 
2673200000 8.258875e+03 
2675350000 8.272300e+03 
2677500000 8.289800e+03 
2679650000 8.326325e+03 
2681800000 8.320550e+03 
2683950000 8.328375e+03 
2.686100e+09 8.354225e+03 
2688250000 8.348375e+03 
2690400000 8.349275e+03 
2692550000 8.310825e+03 
2694700000 8.325850e+03 
2696850000 8.329725e+03 
2699000000 8.280175e+03 
2.701150e+09 8.280200e+03 
2703300000 8.276825e+03 
2705450000 8.268400e+03 
2707600000 8.293250e+03 
2.709750e+09 8.287150e+03 
2711900000 8.279400e+03 
2714050000 8.288875e+03 
2.716200e+09 8.310650e+03 
2718350000 8.320875e+03 
2720500000 8.325200e+03 
2722650000 8.344825e+03 
2724800000 8.326600e+03 
2726950000 8.321325e+03 
2729100000 8.337700e+03 
2.731250e+09 8.340500e+03 
2733400000 8.324725e+03 
2735550000 8.316875e+03 
2737700000 8.324925e+03 
2.739850e+09 8.297950e+03 
2742000000 8.326800e+03 
2744150000 8.312225e+03 
2.746300e+09 8.297425e+03 
2748450000 8.330175e+03 
2750600000 8.321750e+03 
2752750000 8.329975e+03 
2754900000 8.325400e+03 
2757050000 8.322575e+03 
2759200000 8.337250e+03 
2.761350e+09 8.352525e+03 
2763500000 8.300875e+03 
2765650000 8.324750e+03 
2767800000 8.340900e+03 
2.769950e+09 8.336200e+03 
2772100000 8.322750e+03 
2774250000 8.316225e+03 
2.776400e+09 8.370250e+03 
2778550000 8.346450e+03 
2780700000 8.336050e+03 
2782850000 8.346075e+03 
2785000000 8.329275e+03 
2787150000 8.329400e+03 
2789300000 8.344925e+03 
2791450000 8.342675e+03 
2793600000 8.352400e+03 
2795750000 8.349950e+03 
2797900000 8.325700e+03 
2.800050e+09 8.345100e+03 
2802200000 8.319025e+03 
2804350000 8.337250e+03 
2806500000 8.314250e+03 
2808650000 8.326850e+03 
2810800000 8.349350e+03 
2812950000 8.328250e+03 
2815100000 8.322300e+03 
2817250000 8.331125e+03 
2819400000 8.339600e+03 
2821550000 8.351150e+03 
2823700000 8.328925e+03 
2825850000 8.317650e+03 
2828000000 8.347325e+03 
2.830150e+09 8.333550e+03 
2832300000 8.332725e+03 
2834450000 8.330375e+03 
2836600000 8.312875e+03 
2838750000 8.336350e+03 
2840900000 8324 
2843050000 8.314150e+03 
2845200000 8.316400e+03 
2847350000 8.318175e+03 
2849500000 8.329825e+03 
2851650000 8336 
2853800000 8.325500e+03 
2855950000 8.333750e+03 
2858100000 8.314875e+03 
2.860250e+09 8.327950e+03 
2862400000 8.301500e+03 
2864550000 8.329850e+03 
2866700000 8.305400e+03 
2868850000 8.324975e+03 
2871000000 8.308625e+03 
2873150000 8.321100e+03 
2875300000 8.333625e+03 
2877450000 8.324075e+03 
2879600000 8.301650e+03 
2881750000 8.322550e+03 
2883900000 8.313875e+03 
2886050000 8.324425e+03 
2888200000 8.301075e+03 
2.890350e+09 8.317975e+03 
2892500000 8.310325e+03 
2894650000 8.312700e+03 
2896800000 8.299425e+03 
2898950000 8.315325e+03 
2901100000 8.316175e+03 
2903250000 8.297475e+03 
2905400000 8.303775e+03 
2907550000 8.311400e+03 
2909700000 8.321225e+03 
2911850000 8290 
2914000000 8.314725e+03 
2916150000 8.315925e+03 
2918300000 8.297325e+03 
2920450000 8.329025e+03 
2922600000 8.295825e+03 
2924750000 8.287300e+03 
2926900000 8.309100e+03 
2929050000 8.323525e+03 
2931200000 8.311650e+03 
2933350000 8.314525e+03 
2935500000 8.315600e+03 
2937650000 8.324500e+03 
2939800000 8.316850e+03 
2941950000 8.327300e+03 
2.944100e+09 8.328650e+03 
2946250000 8.324700e+03 
2948400000 8.306850e+03 
2950550000 8.317250e+03 
2952700000 8.315100e+03 
2954850000 8.315350e+03 
2957000000 8.312550e+03 
2959150000 8.321450e+03 
2961300000 8.296950e+03 
2963450000 8.307325e+03 
2965600000 8.316175e+03 
2967750000 8.312575e+03 
2969900000 8.307250e+03 
2972050000 8.300200e+03 
2974200000 8.327925e+03 
2976350000 8.301175e+03 
2978500000 8290 
2980650000 8.308700e+03 
2982800000 8.307700e+03 
2984950000 8.309800e+03 
2987100000 8.313575e+03 
2989250000 8.306600e+03 
2991400000 8.307100e+03 
2993550000 8.285650e+03 
2995700000 8.322625e+03 
2997850000 8.320725e+03 
3000000000 8.287625e+03 

END
