IGOR
WAVES/D/O sweep,sig(1) 
BEGIN
2570000000 8.227025e+03 
2.572150e+09 8.214725e+03 
2574300000 8.248375e+03 
2576450000 8.209025e+03 
2578600000 8.221100e+03 
2.580750e+09 8.215900e+03 
2582900000 8.222800e+03 
2585050000 8.222850e+03 
2.587200e+09 8.229375e+03 
2589350000 8.225100e+03 
2591500000 8.227950e+03 
2593650000 8.226975e+03 
2.595800e+09 8.226125e+03 
2597950000 8.224175e+03 
2600100000 8.233200e+03 
2.602250e+09 8.216050e+03 
2604400000 8.233650e+03 
2606550000 8.219025e+03 
2608700000 8.220825e+03 
2.610850e+09 8.222975e+03 
2613000000 8.230375e+03 
2615150000 8.240200e+03 
2.617300e+09 8.220775e+03 
2619450000 8.202450e+03 
2621600000 8.214200e+03 
2623750000 8192 
2.625900e+09 8.195175e+03 
2628050000 8.193350e+03 
2630200000 8.189525e+03 
2.632350e+09 8.194975e+03 
2634500000 8.173125e+03 
2636650000 8.202125e+03 
2638800000 8.189475e+03 
2.640950e+09 8.208675e+03 
2643100000 8.223100e+03 
2645250000 8.218825e+03 
2.647400e+09 8.216300e+03 
2649550000 8.254725e+03 
2651700000 8.222050e+03 
2653850000 8.231400e+03 
2.656000e+09 8.220225e+03 
2658150000 8.221675e+03 
2660300000 8.215200e+03 
2.662450e+09 8.207025e+03 
2664600000 8.174350e+03 
2666750000 8.175675e+03 
2668900000 8.180625e+03 
2.671050e+09 8.162550e+03 
2673200000 8.177900e+03 
2675350000 8.174275e+03 
2677500000 8.201025e+03 
2679650000 8.192650e+03 
2681800000 8.226025e+03 
2683950000 8.197500e+03 
2.686100e+09 8.232925e+03 
2688250000 8.228200e+03 
2690400000 8.213900e+03 
2692550000 8.231100e+03 
2694700000 8.225750e+03 
2696850000 8.205950e+03 
2699000000 8184 
2.701150e+09 8.151175e+03 
2703300000 8.164150e+03 
2705450000 8.179525e+03 
2707600000 8.148725e+03 
2.709750e+09 8.153200e+03 
2711900000 8.202775e+03 
2714050000 8.205400e+03 
2.716200e+09 8197 
2718350000 8.201725e+03 
2720500000 8.237225e+03 
2722650000 8.241300e+03 
2724800000 8.248100e+03 
2726950000 8.237850e+03 
2729100000 8.234150e+03 
2.731250e+09 8.223925e+03 
2733400000 8.212600e+03 
2735550000 8.230075e+03 
2737700000 8.223225e+03 
2.739850e+09 8.203775e+03 
2742000000 8.180575e+03 
2744150000 8.208225e+03 
2.746300e+09 8.179400e+03 
2748450000 8.229700e+03 
2750600000 8.185750e+03 
2752750000 8.211375e+03 
2754900000 8.219575e+03 
2757050000 8.236325e+03 
2759200000 8.239100e+03 
2.761350e+09 8.241050e+03 
2763500000 8.224550e+03 
2765650000 8.223875e+03 
2767800000 8.241300e+03 
2.769950e+09 8.209175e+03 
2772100000 8.234950e+03 
2774250000 8.221925e+03 
2.776400e+09 8.235900e+03 
2778550000 8.242650e+03 
2780700000 8.221975e+03 
2782850000 8.261450e+03 
2785000000 8.215275e+03 
2787150000 8.255475e+03 
2789300000 8.260350e+03 
2791450000 8.244025e+03 
2793600000 8.241750e+03 
2795750000 8.250900e+03 
2797900000 8.250500e+03 
2.800050e+09 8.232075e+03 
2802200000 8.231550e+03 
2804350000 8.228450e+03 
2806500000 8.243775e+03 
2808650000 8.252050e+03 
2810800000 8.225425e+03 
2812950000 8.239300e+03 
2815100000 8.261900e+03 
2817250000 8.237725e+03 
2819400000 8.227325e+03 
2821550000 8.238300e+03 
2823700000 8.230025e+03 
2825850000 8.218800e+03 
2828000000 8.257925e+03 
2.830150e+09 8.259375e+03 
2832300000 8.240300e+03 
2834450000 8.232350e+03 
2836600000 8.257025e+03 
2838750000 8.236650e+03 
2840900000 8.218175e+03 
2843050000 8.237700e+03 
2845200000 8.248950e+03 
2847350000 8.244125e+03 
2849500000 8245 
2851650000 8.253200e+03 
2853800000 8.238850e+03 
2855950000 8.248875e+03 
2858100000 8255 
2.860250e+09 8.266225e+03 
2862400000 8.262750e+03 
2864550000 8.228125e+03 
2866700000 8263 
2868850000 8.239225e+03 
2871000000 8227 
2873150000 8.236600e+03 
2875300000 8.236525e+03 
2877450000 8.241175e+03 
2879600000 8.266250e+03 
2881750000 8.252450e+03 
2883900000 8.272300e+03 
2886050000 8.272025e+03 
2888200000 8.259100e+03 
2.890350e+09 8.255100e+03 
2892500000 8.269700e+03 
2894650000 8.238475e+03 
2896800000 8.249725e+03 
2898950000 8.249300e+03 
2901100000 8.255325e+03 
2903250000 8.247375e+03 
2905400000 8.257525e+03 
2907550000 8.272425e+03 
2909700000 8.258525e+03 
2911850000 8.252100e+03 
2914000000 8.262700e+03 
2916150000 8.238175e+03 
2918300000 8.261300e+03 
2920450000 8.248825e+03 
2922600000 8.249100e+03 
2924750000 8255 
2926900000 8.241550e+03 
2929050000 8.255500e+03 
2931200000 8.261225e+03 
2933350000 8.260225e+03 
2935500000 8.240675e+03 
2937650000 8.252825e+03 
2939800000 8.243075e+03 
2941950000 8.264150e+03 
2.944100e+09 8.269575e+03 
2946250000 8.230750e+03 
2948400000 8.269500e+03 
2950550000 8.261725e+03 
2952700000 8.240200e+03 
2954850000 8.248875e+03 
2957000000 8.261125e+03 
2959150000 8.259900e+03 
2961300000 8.255975e+03 
2963450000 8.284300e+03 
2965600000 8.275100e+03 
2967750000 8.277450e+03 
2969900000 8.293300e+03 
2972050000 8.252075e+03 
2974200000 8.261225e+03 
2976350000 8.264850e+03 
2978500000 8.260500e+03 
2980650000 8.247350e+03 
2982800000 8.255700e+03 
2984950000 8.259400e+03 
2987100000 8.273550e+03 
2989250000 8.260400e+03 
2991400000 8.257125e+03 
2993550000 8.250325e+03 
2995700000 8.238350e+03 
2997850000 8.269875e+03 
3000000000 8.270725e+03 

END
