IGOR
WAVES/D/O sweep,sig(1) 
BEGIN
2570000000 8.352775e+03 
2.572150e+09 8.363350e+03 
2574300000 8.341275e+03 
2576450000 8.352125e+03 
2578600000 8.352875e+03 
2.580750e+09 8.346625e+03 
2582900000 8.356275e+03 
2585050000 8.372425e+03 
2.587200e+09 8.371650e+03 
2589350000 8.339675e+03 
2591500000 8.357350e+03 
2593650000 8.351275e+03 
2.595800e+09 8.366750e+03 
2597950000 8.343850e+03 
2600100000 8.368650e+03 
2.602250e+09 8.348225e+03 
2604400000 8.365375e+03 
2606550000 8.355075e+03 
2608700000 8.355950e+03 
2.610850e+09 8.364350e+03 
2613000000 8.394300e+03 
2615150000 8.361250e+03 
2.617300e+09 8.377375e+03 
2619450000 8.341475e+03 
2621600000 8.338750e+03 
2623750000 8.335875e+03 
2.625900e+09 8.328575e+03 
2628050000 8.275975e+03 
2630200000 8.328725e+03 
2.632350e+09 8.289725e+03 
2634500000 8.308450e+03 
2636650000 8.317450e+03 
2638800000 8.321550e+03 
2.640950e+09 8.333775e+03 
2643100000 8.342550e+03 
2645250000 8.361400e+03 
2.647400e+09 8.361975e+03 
2649550000 8.368125e+03 
2651700000 8.362075e+03 
2653850000 8.364875e+03 
2.656000e+09 8.382450e+03 
2658150000 8.336425e+03 
2660300000 8.334900e+03 
2.662450e+09 8.318900e+03 
2664600000 8.337075e+03 
2666750000 8.306775e+03 
2668900000 8.288200e+03 
2.671050e+09 8.287075e+03 
2673200000 8.284925e+03 
2675350000 8.295775e+03 
2677500000 8.323050e+03 
2679650000 8296 
2681800000 8.316300e+03 
2683950000 8.324375e+03 
2.686100e+09 8.356300e+03 
2688250000 8.384225e+03 
2690400000 8.353900e+03 
2692550000 8.370775e+03 
2694700000 8.340700e+03 
2696850000 8.366375e+03 
2699000000 8.319300e+03 
2.701150e+09 8.323350e+03 
2703300000 8.306650e+03 
2705450000 8.289400e+03 
2707600000 8.305725e+03 
2.709750e+09 8.296550e+03 
2711900000 8.323175e+03 
2714050000 8.314800e+03 
2.716200e+09 8.344600e+03 
2718350000 8.361525e+03 
2720500000 8.330250e+03 
2722650000 8.312100e+03 
2724800000 8.329750e+03 
2726950000 8.359100e+03 
2729100000 8.332625e+03 
2.731250e+09 8.339100e+03 
2733400000 8.327875e+03 
2735550000 8.338725e+03 
2737700000 8.318425e+03 
2.739850e+09 8.291325e+03 
2742000000 8.295725e+03 
2744150000 8.304775e+03 
2.746300e+09 8.284300e+03 
2748450000 8.333600e+03 
2750600000 8.368375e+03 
2752750000 8.349600e+03 
2754900000 8.351475e+03 
2757050000 8.346075e+03 
2759200000 8.347075e+03 
2.761350e+09 8.360775e+03 
2763500000 8.329100e+03 
2765650000 8.359225e+03 
2767800000 8.345150e+03 
2.769950e+09 8.333850e+03 
2772100000 8.342125e+03 
2774250000 8.311225e+03 
2.776400e+09 8.321050e+03 
2778550000 8.354250e+03 
2780700000 8.355300e+03 
2782850000 8.316625e+03 
2785000000 8.351125e+03 
2787150000 8.337650e+03 
2789300000 8.358200e+03 
2791450000 8.357500e+03 
2793600000 8.317900e+03 
2795750000 8.325950e+03 
2797900000 8.376375e+03 
2.800050e+09 8.362400e+03 
2802200000 8.353125e+03 
2804350000 8.306225e+03 
2806500000 8.342375e+03 
2808650000 8.343300e+03 
2810800000 8.331925e+03 
2812950000 8.324475e+03 
2815100000 8.322775e+03 
2817250000 8.337100e+03 
2819400000 8.324850e+03 
2821550000 8.308525e+03 
2823700000 8.352400e+03 
2825850000 8.347575e+03 
2828000000 8.293550e+03 
2.830150e+09 8.333075e+03 
2832300000 8.316075e+03 
2834450000 8.351450e+03 
2836600000 8.351975e+03 
2838750000 8.324850e+03 
2840900000 8.333750e+03 
2843050000 8.365500e+03 
2845200000 8.354675e+03 
2847350000 8.335575e+03 
2849500000 8.379100e+03 
2851650000 8.341600e+03 
2853800000 8.322625e+03 
2855950000 8.335050e+03 
2858100000 8.343150e+03 
2.860250e+09 8.366450e+03 
2862400000 8.360075e+03 
2864550000 8.369825e+03 
2866700000 8.343700e+03 
2868850000 8.348625e+03 
2871000000 8.353475e+03 
2873150000 8.358825e+03 
2875300000 8.344950e+03 
2877450000 8.385425e+03 
2879600000 8.345650e+03 
2881750000 8.367450e+03 
2883900000 8.341125e+03 
2886050000 8.369400e+03 
2888200000 8.357300e+03 
2.890350e+09 8.357875e+03 
2892500000 8.364225e+03 
2894650000 8.360575e+03 
2896800000 8.361625e+03 
2898950000 8.348975e+03 
2901100000 8.340875e+03 
2903250000 8.349325e+03 
2905400000 8.322425e+03 
2907550000 8.350400e+03 
2909700000 8.357675e+03 
2911850000 8.369675e+03 
2914000000 8.336925e+03 
2916150000 8.333600e+03 
2918300000 8.316525e+03 
2920450000 8329 
2922600000 8.334525e+03 
2924750000 8.324325e+03 
2926900000 8.345900e+03 
2929050000 8343 
2931200000 8.323750e+03 
2933350000 8.328950e+03 
2935500000 8.360250e+03 
2937650000 8.338550e+03 
2939800000 8.363275e+03 
2941950000 8.337075e+03 
2.944100e+09 8.337675e+03 
2946250000 8.358500e+03 
2948400000 8.331225e+03 
2950550000 8368 
2952700000 8.350075e+03 
2954850000 8.345950e+03 
2957000000 8.354750e+03 
2959150000 8.344675e+03 
2961300000 8.347800e+03 
2963450000 8.339950e+03 
2965600000 8.355500e+03 
2967750000 8.348250e+03 
2969900000 8.346050e+03 
2972050000 8.339125e+03 
2974200000 8.339800e+03 
2976350000 8.343475e+03 
2978500000 8.346225e+03 
2980650000 8.348075e+03 
2982800000 8.332925e+03 
2984950000 8.350050e+03 
2987100000 8.388250e+03 
2989250000 8.346550e+03 
2991400000 8.337275e+03 
2993550000 8.348300e+03 
2995700000 8.335850e+03 
2997850000 8.345550e+03 
3000000000 8.367050e+03 

END
