IGOR
WAVES/D/O sweep,sig(1) 
BEGIN
2570000000 8.273900e+03 
2.572150e+09 8.265875e+03 
2574300000 8.287775e+03 
2576450000 8.256450e+03 
2578600000 8.259150e+03 
2.580750e+09 8.271850e+03 
2582900000 8.236700e+03 
2585050000 8.283625e+03 
2.587200e+09 8.261375e+03 
2589350000 8.261700e+03 
2591500000 8.266725e+03 
2593650000 8.280075e+03 
2.595800e+09 8.276375e+03 
2597950000 8.243525e+03 
2600100000 8.267050e+03 
2.602250e+09 8.259075e+03 
2604400000 8.288600e+03 
2606550000 8.261450e+03 
2608700000 8.266875e+03 
2.610850e+09 8.264375e+03 
2613000000 8.278400e+03 
2615150000 8.266800e+03 
2.617300e+09 8.249475e+03 
2619450000 8.265925e+03 
2621600000 8.255850e+03 
2623750000 8.255625e+03 
2.625900e+09 8.259200e+03 
2628050000 8.233950e+03 
2630200000 8.213650e+03 
2.632350e+09 8.241625e+03 
2634500000 8.203275e+03 
2636650000 8.241375e+03 
2638800000 8.247275e+03 
2.640950e+09 8.249350e+03 
2643100000 8.253050e+03 
2645250000 8.270175e+03 
2.647400e+09 8.244925e+03 
2649550000 8.277875e+03 
2651700000 8.287425e+03 
2653850000 8.270075e+03 
2.656000e+09 8.267525e+03 
2658150000 8.245450e+03 
2660300000 8.224875e+03 
2.662450e+09 8.231875e+03 
2664600000 8.215100e+03 
2666750000 8.193350e+03 
2668900000 8.203075e+03 
2.671050e+09 8.170800e+03 
2673200000 8.190025e+03 
2675350000 8.200075e+03 
2677500000 8.210500e+03 
2679650000 8.211075e+03 
2681800000 8.235375e+03 
2683950000 8.226450e+03 
2.686100e+09 8.248125e+03 
2688250000 8.251675e+03 
2690400000 8.251550e+03 
2692550000 8.267550e+03 
2694700000 8.236750e+03 
2696850000 8.209800e+03 
2699000000 8.209400e+03 
2.701150e+09 8.197075e+03 
2703300000 8.197500e+03 
2705450000 8.197075e+03 
2707600000 8.187800e+03 
2.709750e+09 8.204375e+03 
2711900000 8.216450e+03 
2714050000 8.205850e+03 
2.716200e+09 8.214825e+03 
2718350000 8.229675e+03 
2720500000 8.223750e+03 
2722650000 8.249575e+03 
2724800000 8.252025e+03 
2726950000 8.263525e+03 
2729100000 8.245475e+03 
2.731250e+09 8.234550e+03 
2733400000 8.275825e+03 
2735550000 8.231350e+03 
2737700000 8.227575e+03 
2.739850e+09 8.215675e+03 
2742000000 8.198700e+03 
2744150000 8.210675e+03 
2.746300e+09 8.243600e+03 
2748450000 8.226100e+03 
2750600000 8.225100e+03 
2752750000 8.245275e+03 
2754900000 8.255275e+03 
2757050000 8.239125e+03 
2759200000 8.248075e+03 
2.761350e+09 8.238300e+03 
2763500000 8.280050e+03 
2765650000 8.244175e+03 
2767800000 8.267500e+03 
2.769950e+09 8.258850e+03 
2772100000 8.252775e+03 
2774250000 8.240925e+03 
2.776400e+09 8.238650e+03 
2778550000 8.270975e+03 
2780700000 8.265100e+03 
2782850000 8.241225e+03 
2785000000 8.240750e+03 
2787150000 8.249100e+03 
2789300000 8.270225e+03 
2791450000 8.247725e+03 
2793600000 8.261550e+03 
2795750000 8.245500e+03 
2797900000 8.251800e+03 
2.800050e+09 8.248350e+03 
2802200000 8.243050e+03 
2804350000 8.237725e+03 
2806500000 8.254775e+03 
2808650000 8.272900e+03 
2810800000 8.253425e+03 
2812950000 8.264375e+03 
2815100000 8.265325e+03 
2817250000 8.249625e+03 
2819400000 8.239650e+03 
2821550000 8.251550e+03 
2823700000 8.281225e+03 
2825850000 8.255750e+03 
2828000000 8.235650e+03 
2.830150e+09 8.236925e+03 
2832300000 8.282775e+03 
2834450000 8.259875e+03 
2836600000 8.267925e+03 
2838750000 8.271475e+03 
2840900000 8.273675e+03 
2843050000 8.255975e+03 
2845200000 8.247050e+03 
2847350000 8.220675e+03 
2849500000 8.218700e+03 
2851650000 8.238900e+03 
2853800000 8.245800e+03 
2855950000 8.235675e+03 
2858100000 8.252750e+03 
2.860250e+09 8.243300e+03 
2862400000 8.241725e+03 
2864550000 8.223500e+03 
2866700000 8.243375e+03 
2868850000 8.244325e+03 
2871000000 8.240950e+03 
2873150000 8.231125e+03 
2875300000 8.222950e+03 
2877450000 8.242250e+03 
2879600000 8.239450e+03 
2881750000 8.244575e+03 
2883900000 8.258475e+03 
2886050000 8252 
2888200000 8.251900e+03 
2.890350e+09 8.233450e+03 
2892500000 8.280550e+03 
2894650000 8.259150e+03 
2896800000 8.236600e+03 
2898950000 8.247325e+03 
2901100000 8.266375e+03 
2903250000 8.261975e+03 
2905400000 8.256125e+03 
2907550000 8.247425e+03 
2909700000 8.259025e+03 
2911850000 8.264575e+03 
2914000000 8.244225e+03 
2916150000 8.234125e+03 
2918300000 8.237575e+03 
2920450000 8.244475e+03 
2922600000 8.252275e+03 
2924750000 8.251350e+03 
2926900000 8.253375e+03 
2929050000 8.266825e+03 
2931200000 8.250400e+03 
2933350000 8.241550e+03 
2935500000 8.240475e+03 
2937650000 8.266375e+03 
2939800000 8.255250e+03 
2941950000 8.236700e+03 
2.944100e+09 8.240375e+03 
2946250000 8.239500e+03 
2948400000 8.255375e+03 
2950550000 8.243400e+03 
2952700000 8.259475e+03 
2954850000 8.254325e+03 
2957000000 8.250400e+03 
2959150000 8.230625e+03 
2961300000 8.244500e+03 
2963450000 8.244300e+03 
2965600000 8227 
2967750000 8.235875e+03 
2969900000 8.231950e+03 
2972050000 8.244975e+03 
2974200000 8.243250e+03 
2976350000 8.248925e+03 
2978500000 8.248400e+03 
2980650000 8.244575e+03 
2982800000 8.249100e+03 
2984950000 8.227900e+03 
2987100000 8.233150e+03 
2989250000 8.258650e+03 
2991400000 8.254600e+03 
2993550000 8.264450e+03 
2995700000 8.235950e+03 
2997850000 8.234450e+03 
3000000000 8246 

END
