IGOR
WAVES/D/O sweep,sig(1) 
BEGIN
2570000000 8.184700e+03 
2.572150e+09 8.175700e+03 
2574300000 8.185500e+03 
2576450000 8.167875e+03 
2578600000 8.201925e+03 
2.580750e+09 8.171425e+03 
2582900000 8.218725e+03 
2585050000 8.197650e+03 
2.587200e+09 8.193725e+03 
2589350000 8.170350e+03 
2591500000 8.171975e+03 
2593650000 8.190275e+03 
2.595800e+09 8.166175e+03 
2597950000 8.174050e+03 
2600100000 8.179900e+03 
2.602250e+09 8.199100e+03 
2604400000 8.186875e+03 
2606550000 8.209700e+03 
2608700000 8.190675e+03 
2.610850e+09 8.203925e+03 
2613000000 8.177300e+03 
2615150000 8.202850e+03 
2.617300e+09 8.197725e+03 
2619450000 8.172925e+03 
2621600000 8.196950e+03 
2623750000 8.185800e+03 
2.625900e+09 8.168350e+03 
2628050000 8.169200e+03 
2630200000 8.171325e+03 
2.632350e+09 8.171125e+03 
2634500000 8.141250e+03 
2636650000 8.149350e+03 
2638800000 8.178525e+03 
2.640950e+09 8.175475e+03 
2643100000 8.196575e+03 
2645250000 8.174200e+03 
2.647400e+09 8.184875e+03 
2649550000 8.213925e+03 
2651700000 8.215325e+03 
2653850000 8.198225e+03 
2.656000e+09 8.181625e+03 
2658150000 8.176475e+03 
2660300000 8.175350e+03 
2.662450e+09 8158 
2664600000 8.145575e+03 
2666750000 8.139600e+03 
2668900000 8.133425e+03 
2.671050e+09 8.136525e+03 
2673200000 8.098050e+03 
2675350000 8.126275e+03 
2677500000 8.145350e+03 
2679650000 8.157875e+03 
2681800000 8.198175e+03 
2683950000 8.160875e+03 
2.686100e+09 8.167100e+03 
2688250000 8.180225e+03 
2690400000 8.190300e+03 
2692550000 8.160425e+03 
2694700000 8.176100e+03 
2696850000 8.162300e+03 
2699000000 8.131975e+03 
2.701150e+09 8.138600e+03 
2703300000 8.125175e+03 
2705450000 8.108500e+03 
2707600000 8.116500e+03 
2.709750e+09 8.128250e+03 
2711900000 8.162750e+03 
2714050000 8.159900e+03 
2.716200e+09 8.166425e+03 
2718350000 8.184575e+03 
2720500000 8.175150e+03 
2722650000 8.206150e+03 
2724800000 8.195175e+03 
2726950000 8.184800e+03 
2729100000 8.169825e+03 
2.731250e+09 8.162150e+03 
2733400000 8.163475e+03 
2735550000 8.171875e+03 
2737700000 8.140850e+03 
2.739850e+09 8.148225e+03 
2742000000 8.132950e+03 
2744150000 8.156975e+03 
2.746300e+09 8.157125e+03 
2748450000 8.158900e+03 
2750600000 8.161225e+03 
2752750000 8.174500e+03 
2754900000 8.194725e+03 
2757050000 8.195425e+03 
2759200000 8.173050e+03 
2.761350e+09 8.188900e+03 
2763500000 8.192225e+03 
2765650000 8.207025e+03 
2767800000 8.191075e+03 
2.769950e+09 8.173625e+03 
2772100000 8.181525e+03 
2774250000 8.191825e+03 
2.776400e+09 8.154675e+03 
2778550000 8.165200e+03 
2780700000 8.205825e+03 
2782850000 8.154025e+03 
2785000000 8.176350e+03 
2787150000 8.178450e+03 
2789300000 8.175100e+03 
2791450000 8.158050e+03 
2793600000 8.177175e+03 
2795750000 8.199075e+03 
2797900000 8.165925e+03 
2.800050e+09 8.170800e+03 
2802200000 8.153325e+03 
2804350000 8.174650e+03 
2806500000 8.169825e+03 
2808650000 8.204300e+03 
2810800000 8.148850e+03 
2812950000 8.166225e+03 
2815100000 8.170425e+03 
2817250000 8.196125e+03 
2819400000 8.169150e+03 
2821550000 8.155050e+03 
2823700000 8.188425e+03 
2825850000 8.170275e+03 
2828000000 8.149375e+03 
2.830150e+09 8.154350e+03 
2832300000 8.181500e+03 
2834450000 8.174275e+03 
2836600000 8.173200e+03 
2838750000 8.191575e+03 
2840900000 8.174475e+03 
2843050000 8.173200e+03 
2845200000 8.170050e+03 
2847350000 8.184400e+03 
2849500000 8.153825e+03 
2851650000 8.172550e+03 
2853800000 8.169650e+03 
2855950000 8.194725e+03 
2858100000 8.179625e+03 
2.860250e+09 8.163225e+03 
2862400000 8.164825e+03 
2864550000 8.185125e+03 
2866700000 8.183900e+03 
2868850000 8.163900e+03 
2871000000 8.182075e+03 
2873150000 8.164875e+03 
2875300000 8.151725e+03 
2877450000 8.161400e+03 
2879600000 8176 
2881750000 8.191425e+03 
2883900000 8.177975e+03 
2886050000 8.163450e+03 
2888200000 8.156975e+03 
2.890350e+09 8.157725e+03 
2892500000 8.166625e+03 
2894650000 8.153950e+03 
2896800000 8.174125e+03 
2898950000 8.156450e+03 
2901100000 8.182575e+03 
2903250000 8.161825e+03 
2905400000 8.153900e+03 
2907550000 8.185800e+03 
2909700000 8.160875e+03 
2911850000 8.172200e+03 
2914000000 8.172600e+03 
2916150000 8.165250e+03 
2918300000 8.167300e+03 
2920450000 8.185625e+03 
2922600000 8.175975e+03 
2924750000 8.171550e+03 
2926900000 8.183700e+03 
2929050000 8.162575e+03 
2931200000 8.186625e+03 
2933350000 8.166975e+03 
2935500000 8.164800e+03 
2937650000 8.157675e+03 
2939800000 8.146950e+03 
2941950000 8.161375e+03 
2.944100e+09 8.158450e+03 
2946250000 8.168050e+03 
2948400000 8.162875e+03 
2950550000 8.181275e+03 
2952700000 8177 
2954850000 8.166200e+03 
2957000000 8.168600e+03 
2959150000 8.156450e+03 
2961300000 8.141050e+03 
2963450000 8.173150e+03 
2965600000 8.170875e+03 
2967750000 8.163625e+03 
2969900000 8.165950e+03 
2972050000 8.164325e+03 
2974200000 8.164625e+03 
2976350000 8.155825e+03 
2978500000 8167 
2980650000 8.188100e+03 
2982800000 8.156375e+03 
2984950000 8.174450e+03 
2987100000 8.171825e+03 
2989250000 8.185125e+03 
2991400000 8.148775e+03 
2993550000 8.136450e+03 
2995700000 8.159025e+03 
2997850000 8.169725e+03 
3000000000 8.165050e+03 

END
