IGOR
WAVES/D/O sweep,sig(1) 
BEGIN
2570000000 8.268650e+03 
2.572150e+09 8.272825e+03 
2574300000 8.274900e+03 
2576450000 8.256600e+03 
2578600000 8.273275e+03 
2.580750e+09 8.285950e+03 
2582900000 8.262175e+03 
2585050000 8.285450e+03 
2.587200e+09 8.260425e+03 
2589350000 8.275750e+03 
2591500000 8.278125e+03 
2593650000 8.253425e+03 
2.595800e+09 8.257850e+03 
2597950000 8.267725e+03 
2600100000 8.281950e+03 
2.602250e+09 8.282400e+03 
2604400000 8.254975e+03 
2606550000 8.261425e+03 
2608700000 8.262025e+03 
2.610850e+09 8.265575e+03 
2613000000 8.259800e+03 
2615150000 8.254725e+03 
2.617300e+09 8.264575e+03 
2619450000 8.274525e+03 
2621600000 8242 
2623750000 8.258450e+03 
2.625900e+09 8.248950e+03 
2628050000 8.218625e+03 
2630200000 8226 
2.632350e+09 8215 
2634500000 8.224200e+03 
2636650000 8.211975e+03 
2638800000 8.193675e+03 
2.640950e+09 8.253525e+03 
2643100000 8.249125e+03 
2645250000 8.235600e+03 
2.647400e+09 8.243350e+03 
2649550000 8.259800e+03 
2651700000 8.252350e+03 
2653850000 8.222850e+03 
2.656000e+09 8.246650e+03 
2658150000 8.249825e+03 
2660300000 8.243050e+03 
2.662450e+09 8.229250e+03 
2664600000 8.190975e+03 
2666750000 8.180175e+03 
2668900000 8.196500e+03 
2.671050e+09 8.200225e+03 
2673200000 8.180775e+03 
2675350000 8.195375e+03 
2677500000 8.222800e+03 
2679650000 8.213500e+03 
2681800000 8.243775e+03 
2683950000 8.243550e+03 
2.686100e+09 8.229600e+03 
2688250000 8.243875e+03 
2690400000 8.259475e+03 
2692550000 8.252925e+03 
2694700000 8.224050e+03 
2696850000 8223 
2699000000 8.212200e+03 
2.701150e+09 8.198750e+03 
2703300000 8.177875e+03 
2705450000 8.196025e+03 
2707600000 8.188775e+03 
2.709750e+09 8.205550e+03 
2711900000 8.211300e+03 
2714050000 8.220200e+03 
2.716200e+09 8.239925e+03 
2718350000 8.245050e+03 
2720500000 8.228650e+03 
2722650000 8.271800e+03 
2724800000 8.240575e+03 
2726950000 8.248775e+03 
2729100000 8.254625e+03 
2.731250e+09 8.247075e+03 
2733400000 8.216900e+03 
2735550000 8.227225e+03 
2737700000 8.227350e+03 
2.739850e+09 8238 
2742000000 8.217075e+03 
2744150000 8.201550e+03 
2.746300e+09 8.213475e+03 
2748450000 8.228950e+03 
2750600000 8.219375e+03 
2752750000 8.220925e+03 
2754900000 8.238575e+03 
2757050000 8.255500e+03 
2759200000 8.255800e+03 
2.761350e+09 8.240625e+03 
2763500000 8.272675e+03 
2765650000 8.258850e+03 
2767800000 8.238425e+03 
2.769950e+09 8.244750e+03 
2772100000 8.239950e+03 
2774250000 8.247975e+03 
2.776400e+09 8.276850e+03 
2778550000 8.237850e+03 
2780700000 8.237150e+03 
2782850000 8.268675e+03 
2785000000 8.266175e+03 
2787150000 8.227375e+03 
2789300000 8.254225e+03 
2791450000 8.214875e+03 
2793600000 8.254775e+03 
2795750000 8.249125e+03 
2797900000 8.258550e+03 
2.800050e+09 8.256050e+03 
2802200000 8.260700e+03 
2804350000 8.239875e+03 
2806500000 8.242600e+03 
2808650000 8219 
2810800000 8.247200e+03 
2812950000 8.232575e+03 
2815100000 8.219700e+03 
2817250000 8.237750e+03 
2819400000 8.242900e+03 
2821550000 8.233675e+03 
2823700000 8.234050e+03 
2825850000 8.227775e+03 
2828000000 8.253025e+03 
2.830150e+09 8.263925e+03 
2832300000 8.258525e+03 
2834450000 8.249375e+03 
2836600000 8.224325e+03 
2838750000 8.287550e+03 
2840900000 8.238300e+03 
2843050000 8.245075e+03 
2845200000 8253 
2847350000 8.263050e+03 
2849500000 8.234150e+03 
2851650000 8.270450e+03 
2853800000 8.244775e+03 
2855950000 8.263250e+03 
2858100000 8.260800e+03 
2.860250e+09 8.255625e+03 
2862400000 8.254800e+03 
2864550000 8247 
2866700000 8.225650e+03 
2868850000 8.251600e+03 
2871000000 8.231075e+03 
2873150000 8.246025e+03 
2875300000 8.255050e+03 
2877450000 8.265800e+03 
2879600000 8.236075e+03 
2881750000 8.240350e+03 
2883900000 8.238150e+03 
2886050000 8.237475e+03 
2888200000 8.223725e+03 
2.890350e+09 8.240150e+03 
2892500000 8.218375e+03 
2894650000 8.236325e+03 
2896800000 8.231175e+03 
2898950000 8.243775e+03 
2901100000 8.235225e+03 
2903250000 8.235875e+03 
2905400000 8.221975e+03 
2907550000 8.223400e+03 
2909700000 8237 
2911850000 8.234175e+03 
2914000000 8.209800e+03 
2916150000 8.257175e+03 
2918300000 8.255900e+03 
2920450000 8.217700e+03 
2922600000 8.253300e+03 
2924750000 8.239775e+03 
2926900000 8.228350e+03 
2929050000 8.222950e+03 
2931200000 8.239050e+03 
2933350000 8.251025e+03 
2935500000 8.260225e+03 
2937650000 8.265550e+03 
2939800000 8.254425e+03 
2941950000 8.238300e+03 
2.944100e+09 8.264300e+03 
2946250000 8.248550e+03 
2948400000 8.221900e+03 
2950550000 8.241575e+03 
2952700000 8.247250e+03 
2954850000 8.245200e+03 
2957000000 8.240025e+03 
2959150000 8.228725e+03 
2961300000 8.257375e+03 
2963450000 8.232600e+03 
2965600000 8.211575e+03 
2967750000 8.252025e+03 
2969900000 8.269825e+03 
2972050000 8.247925e+03 
2974200000 8.218475e+03 
2976350000 8.239200e+03 
2978500000 8.245525e+03 
2980650000 8.230225e+03 
2982800000 8.245300e+03 
2984950000 8.227025e+03 
2987100000 8255 
2989250000 8.240300e+03 
2991400000 8.263525e+03 
2993550000 8.239750e+03 
2995700000 8.261650e+03 
2997850000 8.253750e+03 
3000000000 8.246975e+03 

END
