IGOR
WAVES/D/O sweep,sig(1) 
BEGIN
2570000000 8.289400e+03 
2.572150e+09 8.288875e+03 
2574300000 8.277275e+03 
2576450000 8.286875e+03 
2578600000 8.288125e+03 
2.580750e+09 8.284175e+03 
2582900000 8.274700e+03 
2585050000 8.286950e+03 
2.587200e+09 8.285550e+03 
2589350000 8.298075e+03 
2591500000 8.271250e+03 
2593650000 8.290350e+03 
2.595800e+09 8.281250e+03 
2597950000 8.279425e+03 
2600100000 8.283075e+03 
2.602250e+09 8.290425e+03 
2604400000 8.284200e+03 
2606550000 8.281875e+03 
2608700000 8.282525e+03 
2.610850e+09 8.284950e+03 
2613000000 8.301125e+03 
2615150000 8.299950e+03 
2.617300e+09 8.300500e+03 
2619450000 8.283850e+03 
2621600000 8.261825e+03 
2623750000 8.258175e+03 
2.625900e+09 8.257275e+03 
2628050000 8.248575e+03 
2630200000 8.239600e+03 
2.632350e+09 8.228650e+03 
2634500000 8.262675e+03 
2636650000 8.248675e+03 
2638800000 8.261100e+03 
2.640950e+09 8.278725e+03 
2643100000 8.276025e+03 
2645250000 8.286625e+03 
2.647400e+09 8.263500e+03 
2649550000 8.279500e+03 
2651700000 8.314575e+03 
2653850000 8301 
2.656000e+09 8.262625e+03 
2658150000 8.275850e+03 
2660300000 8.260900e+03 
2.662450e+09 8.250475e+03 
2664600000 8.237525e+03 
2666750000 8.210875e+03 
2668900000 8.201875e+03 
2.671050e+09 8.207525e+03 
2673200000 8.216575e+03 
2675350000 8.212800e+03 
2677500000 8.222525e+03 
2679650000 8.274100e+03 
2681800000 8.263300e+03 
2683950000 8.271350e+03 
2.686100e+09 8.277525e+03 
2688250000 8.265550e+03 
2690400000 8.303400e+03 
2692550000 8.284600e+03 
2694700000 8.276075e+03 
2696850000 8.274200e+03 
2699000000 8.228775e+03 
2.701150e+09 8.206375e+03 
2703300000 8.231500e+03 
2705450000 8.215175e+03 
2707600000 8.208725e+03 
2.709750e+09 8.219450e+03 
2711900000 8.259275e+03 
2714050000 8.245750e+03 
2.716200e+09 8.274250e+03 
2718350000 8.280800e+03 
2720500000 8.280575e+03 
2722650000 8.270900e+03 
2724800000 8.286350e+03 
2726950000 8.252875e+03 
2729100000 8.258050e+03 
2.731250e+09 8.268125e+03 
2733400000 8.268425e+03 
2735550000 8.254700e+03 
2737700000 8.253925e+03 
2.739850e+09 8.250875e+03 
2742000000 8.247300e+03 
2744150000 8.242375e+03 
2.746300e+09 8.237525e+03 
2748450000 8.235325e+03 
2750600000 8.250350e+03 
2752750000 8.280325e+03 
2754900000 8.265750e+03 
2757050000 8.274725e+03 
2759200000 8.255825e+03 
2.761350e+09 8.286150e+03 
2763500000 8.286075e+03 
2765650000 8.278625e+03 
2767800000 8.289375e+03 
2.769950e+09 8.280200e+03 
2772100000 8.280975e+03 
2774250000 8.305650e+03 
2.776400e+09 8.270975e+03 
2778550000 8.282125e+03 
2780700000 8.279575e+03 
2782850000 8.278550e+03 
2785000000 8.283225e+03 
2787150000 8.275500e+03 
2789300000 8.278700e+03 
2791450000 8.287975e+03 
2793600000 8.302650e+03 
2795750000 8.297925e+03 
2797900000 8.279300e+03 
2.800050e+09 8.299875e+03 
2802200000 8.297750e+03 
2804350000 8.277600e+03 
2806500000 8.300450e+03 
2808650000 8.274475e+03 
2810800000 8.299675e+03 
2812950000 8.274575e+03 
2815100000 8.295450e+03 
2817250000 8.303475e+03 
2819400000 8.268675e+03 
2821550000 8.266875e+03 
2823700000 8280 
2825850000 8.295050e+03 
2828000000 8.274275e+03 
2.830150e+09 8.275625e+03 
2832300000 8264 
2834450000 8.256950e+03 
2836600000 8.290375e+03 
2838750000 8.297150e+03 
2840900000 8.294150e+03 
2843050000 8.276300e+03 
2845200000 8.292975e+03 
2847350000 8.278125e+03 
2849500000 8.275650e+03 
2851650000 8.277650e+03 
2853800000 8.299100e+03 
2855950000 8.269400e+03 
2858100000 8.294275e+03 
2.860250e+09 8.286625e+03 
2862400000 8.278600e+03 
2864550000 8.276300e+03 
2866700000 8.272750e+03 
2868850000 8.294100e+03 
2871000000 8.278525e+03 
2873150000 8.264150e+03 
2875300000 8.284700e+03 
2877450000 8.252650e+03 
2879600000 8.267250e+03 
2881750000 8.251875e+03 
2883900000 8.280275e+03 
2886050000 8.279150e+03 
2888200000 8.281325e+03 
2.890350e+09 8.270300e+03 
2892500000 8.286025e+03 
2894650000 8.271425e+03 
2896800000 8.287500e+03 
2898950000 8.270175e+03 
2901100000 8.286500e+03 
2903250000 8.266275e+03 
2905400000 8.280800e+03 
2907550000 8.286450e+03 
2909700000 8.266325e+03 
2911850000 8.296300e+03 
2914000000 8.283075e+03 
2916150000 8.286875e+03 
2918300000 8.286800e+03 
2920450000 8.282050e+03 
2922600000 8.267950e+03 
2924750000 8.266050e+03 
2926900000 8.283250e+03 
2929050000 8.266400e+03 
2931200000 8.273575e+03 
2933350000 8.261350e+03 
2935500000 8.303300e+03 
2937650000 8.284500e+03 
2939800000 8.262700e+03 
2941950000 8.269600e+03 
2.944100e+09 8.266525e+03 
2946250000 8.250025e+03 
2948400000 8.267100e+03 
2950550000 8.257100e+03 
2952700000 8.268400e+03 
2954850000 8.295975e+03 
2957000000 8.278925e+03 
2959150000 8.273175e+03 
2961300000 8.266100e+03 
2963450000 8.263300e+03 
2965600000 8.256075e+03 
2967750000 8.286125e+03 
2969900000 8.256975e+03 
2972050000 8.257200e+03 
2974200000 8.279675e+03 
2976350000 8.273275e+03 
2978500000 8.284450e+03 
2980650000 8.269525e+03 
2982800000 8.273850e+03 
2984950000 8.258175e+03 
2987100000 8.279100e+03 
2989250000 8.269725e+03 
2991400000 8.276125e+03 
2993550000 8.272075e+03 
2995700000 8.276525e+03 
2997850000 8.287675e+03 
3000000000 8.284575e+03 

END
