IGOR
WAVES/D/O sweep,sig(1) 
BEGIN
2570000000 8.375800e+03 
2.572150e+09 8366 
2574300000 8.372475e+03 
2576450000 8.366625e+03 
2578600000 8.380575e+03 
2.580750e+09 8.361550e+03 
2582900000 8.377750e+03 
2585050000 8.391450e+03 
2.587200e+09 8.366225e+03 
2589350000 8.354375e+03 
2591500000 8.366125e+03 
2593650000 8.366750e+03 
2.595800e+09 8.382975e+03 
2597950000 8.367900e+03 
2600100000 8.358250e+03 
2.602250e+09 8.349650e+03 
2604400000 8.382900e+03 
2606550000 8.364975e+03 
2608700000 8.366325e+03 
2.610850e+09 8.380650e+03 
2613000000 8.359475e+03 
2615150000 8.367275e+03 
2.617300e+09 8.367125e+03 
2619450000 8.345225e+03 
2621600000 8.356325e+03 
2623750000 8354 
2.625900e+09 8.350025e+03 
2628050000 8.320375e+03 
2630200000 8.315775e+03 
2.632350e+09 8.305900e+03 
2634500000 8.328950e+03 
2636650000 8.325375e+03 
2638800000 8.337675e+03 
2.640950e+09 8.346825e+03 
2643100000 8.348075e+03 
2645250000 8.359750e+03 
2.647400e+09 8.352050e+03 
2649550000 8.375275e+03 
2651700000 8.341525e+03 
2653850000 8.367025e+03 
2.656000e+09 8.349400e+03 
2658150000 8.332775e+03 
2660300000 8.341050e+03 
2.662450e+09 8325 
2664600000 8.299150e+03 
2666750000 8.281125e+03 
2668900000 8.269700e+03 
2.671050e+09 8.280125e+03 
2673200000 8.292825e+03 
2675350000 8.330575e+03 
2677500000 8.341225e+03 
2679650000 8.351875e+03 
2681800000 8.353750e+03 
2683950000 8.369975e+03 
2.686100e+09 8.368400e+03 
2688250000 8.381825e+03 
2690400000 8.369025e+03 
2692550000 8.352550e+03 
2694700000 8.334125e+03 
2696850000 8.340450e+03 
2699000000 8.323525e+03 
2.701150e+09 8.305850e+03 
2703300000 8.288775e+03 
2705450000 8.296300e+03 
2707600000 8.292225e+03 
2.709750e+09 8.318850e+03 
2711900000 8.310850e+03 
2714050000 8.346725e+03 
2.716200e+09 8.344875e+03 
2718350000 8.343200e+03 
2720500000 8.371975e+03 
2722650000 8.352775e+03 
2724800000 8.357850e+03 
2726950000 8.380100e+03 
2729100000 8.334400e+03 
2.731250e+09 8.340900e+03 
2733400000 8.348900e+03 
2735550000 8.336975e+03 
2737700000 8.348550e+03 
2.739850e+09 8.321525e+03 
2742000000 8.317025e+03 
2744150000 8.327650e+03 
2.746300e+09 8.354775e+03 
2748450000 8.347775e+03 
2750600000 8.350675e+03 
2752750000 8.367200e+03 
2754900000 8.363575e+03 
2757050000 8.361825e+03 
2759200000 8.365950e+03 
2.761350e+09 8.369850e+03 
2763500000 8.348800e+03 
2765650000 8.377325e+03 
2767800000 8.363025e+03 
2.769950e+09 8.350425e+03 
2772100000 8.354750e+03 
2774250000 8.366925e+03 
2.776400e+09 8.373925e+03 
2778550000 8.386800e+03 
2780700000 8.329375e+03 
2782850000 8.360550e+03 
2785000000 8.348150e+03 
2787150000 8.348050e+03 
2789300000 8.353475e+03 
2791450000 8.366450e+03 
2793600000 8.358675e+03 
2795750000 8.376325e+03 
2797900000 8.356950e+03 
2.800050e+09 8.350450e+03 
2802200000 8.368025e+03 
2804350000 8.348600e+03 
2806500000 8.355825e+03 
2808650000 8.352200e+03 
2810800000 8.329550e+03 
2812950000 8.370650e+03 
2815100000 8.340975e+03 
2817250000 8.336725e+03 
2819400000 8.352175e+03 
2821550000 8.342125e+03 
2823700000 8.347625e+03 
2825850000 8.356400e+03 
2828000000 8.348475e+03 
2.830150e+09 8.365075e+03 
2832300000 8.346250e+03 
2834450000 8.343225e+03 
2836600000 8.334200e+03 
2838750000 8.349650e+03 
2840900000 8.331175e+03 
2843050000 8.359100e+03 
2845200000 8.367125e+03 
2847350000 8.352425e+03 
2849500000 8.338700e+03 
2851650000 8.348050e+03 
2853800000 8.337375e+03 
2855950000 8.363175e+03 
2858100000 8.359250e+03 
2.860250e+09 8.327450e+03 
2862400000 8348 
2864550000 8.359250e+03 
2866700000 8.332400e+03 
2868850000 8.369125e+03 
2871000000 8.329375e+03 
2873150000 8.351425e+03 
2875300000 8.355350e+03 
2877450000 8.373875e+03 
2879600000 8.361100e+03 
2881750000 8.359350e+03 
2883900000 8.353850e+03 
2886050000 8.359400e+03 
2888200000 8.356375e+03 
2.890350e+09 8.349625e+03 
2892500000 8.373275e+03 
2894650000 8.351475e+03 
2896800000 8.374850e+03 
2898950000 8.352250e+03 
2901100000 8.349900e+03 
2903250000 8.364750e+03 
2905400000 8.371400e+03 
2907550000 8.381175e+03 
2909700000 8.364075e+03 
2911850000 8368 
2914000000 8.361200e+03 
2916150000 8.373475e+03 
2918300000 8.365475e+03 
2920450000 8.359550e+03 
2922600000 8.359675e+03 
2924750000 8376 
2926900000 8.365350e+03 
2929050000 8.357850e+03 
2931200000 8.348475e+03 
2933350000 8.359100e+03 
2935500000 8.374950e+03 
2937650000 8.376375e+03 
2939800000 8.365500e+03 
2941950000 8.364100e+03 
2.944100e+09 8.353750e+03 
2946250000 8.385300e+03 
2948400000 8358 
2950550000 8.363175e+03 
2952700000 8.360700e+03 
2954850000 8.354950e+03 
2957000000 8.374500e+03 
2959150000 8.368350e+03 
2961300000 8.350400e+03 
2963450000 8.364925e+03 
2965600000 8.356700e+03 
2967750000 8.382200e+03 
2969900000 8.373300e+03 
2972050000 8.363425e+03 
2974200000 8.371575e+03 
2976350000 8364 
2978500000 8.377375e+03 
2980650000 8.362825e+03 
2982800000 8.377625e+03 
2984950000 8.382550e+03 
2987100000 8.376975e+03 
2989250000 8.357275e+03 
2991400000 8.365450e+03 
2993550000 8.386325e+03 
2995700000 8.349850e+03 
2997850000 8.369650e+03 
3000000000 8.367650e+03 

END
