IGOR
WAVES/D/O sweep,sig(1) 
BEGIN
2570000000 8.364350e+03 
2.572150e+09 8.373225e+03 
2574300000 8.361500e+03 
2576450000 8.379400e+03 
2578600000 8.374800e+03 
2.580750e+09 8.371075e+03 
2582900000 8.362250e+03 
2585050000 8.361900e+03 
2.587200e+09 8.352300e+03 
2589350000 8.349125e+03 
2591500000 8.361150e+03 
2593650000 8.351875e+03 
2.595800e+09 8.379575e+03 
2597950000 8.389875e+03 
2600100000 8.383475e+03 
2.602250e+09 8.384650e+03 
2604400000 8.364375e+03 
2606550000 8.376700e+03 
2608700000 8.362050e+03 
2.610850e+09 8.372800e+03 
2613000000 8.380825e+03 
2615150000 8.363475e+03 
2.617300e+09 8.354425e+03 
2619450000 8.362475e+03 
2621600000 8.340200e+03 
2623750000 8.335100e+03 
2.625900e+09 8.340575e+03 
2628050000 8.308875e+03 
2630200000 8.328850e+03 
2.632350e+09 8.334750e+03 
2634500000 8.311825e+03 
2636650000 8.329725e+03 
2638800000 8.326350e+03 
2.640950e+09 8.342150e+03 
2643100000 8.368125e+03 
2645250000 8.337550e+03 
2.647400e+09 8.362175e+03 
2649550000 8.371475e+03 
2651700000 8.366425e+03 
2653850000 8.389025e+03 
2.656000e+09 8.372725e+03 
2658150000 8.352375e+03 
2660300000 8.330375e+03 
2.662450e+09 8.318375e+03 
2664600000 8.298725e+03 
2666750000 8.306250e+03 
2668900000 8.311750e+03 
2.671050e+09 8.294975e+03 
2673200000 8.309300e+03 
2675350000 8.334125e+03 
2677500000 8.333200e+03 
2679650000 8.352175e+03 
2681800000 8.364875e+03 
2683950000 8.347300e+03 
2.686100e+09 8.364250e+03 
2688250000 8.381700e+03 
2690400000 8.358725e+03 
2692550000 8.365825e+03 
2694700000 8.352100e+03 
2696850000 8.336200e+03 
2699000000 8.334425e+03 
2.701150e+09 8.317600e+03 
2703300000 8.288725e+03 
2705450000 8.321350e+03 
2707600000 8.313025e+03 
2.709750e+09 8.322350e+03 
2711900000 8.312350e+03 
2714050000 8.313175e+03 
2.716200e+09 8.344375e+03 
2718350000 8.384875e+03 
2720500000 8.377300e+03 
2722650000 8.341425e+03 
2724800000 8.373900e+03 
2726950000 8.340275e+03 
2729100000 8.365850e+03 
2.731250e+09 8.342675e+03 
2733400000 8.347075e+03 
2735550000 8.364925e+03 
2737700000 8.344850e+03 
2.739850e+09 8.346525e+03 
2742000000 8.345700e+03 
2744150000 8.326400e+03 
2.746300e+09 8.327250e+03 
2748450000 8.365425e+03 
2750600000 8.334300e+03 
2752750000 8.378775e+03 
2754900000 8.361125e+03 
2757050000 8.382900e+03 
2759200000 8.366825e+03 
2.761350e+09 8.384625e+03 
2763500000 8.357875e+03 
2765650000 8.341175e+03 
2767800000 8.382150e+03 
2.769950e+09 8.366100e+03 
2772100000 8.369900e+03 
2774250000 8.359100e+03 
2.776400e+09 8.368500e+03 
2778550000 8.383100e+03 
2780700000 8.349850e+03 
2782850000 8.361300e+03 
2785000000 8.369525e+03 
2787150000 8.361650e+03 
2789300000 8.359900e+03 
2791450000 8.366775e+03 
2793600000 8.368250e+03 
2795750000 8.398875e+03 
2797900000 8.370425e+03 
2.800050e+09 8.360300e+03 
2802200000 8.367275e+03 
2804350000 8.370775e+03 
2806500000 8.362450e+03 
2808650000 8.371850e+03 
2810800000 8.375375e+03 
2812950000 8.376025e+03 
2815100000 8.356025e+03 
2817250000 8.365650e+03 
2819400000 8.368925e+03 
2821550000 8.379700e+03 
2823700000 8.385075e+03 
2825850000 8.381900e+03 
2828000000 8.387150e+03 
2.830150e+09 8.375150e+03 
2832300000 8.362375e+03 
2834450000 8.359775e+03 
2836600000 8.378200e+03 
2838750000 8.388625e+03 
2840900000 8.351125e+03 
2843050000 8.377775e+03 
2845200000 8.366925e+03 
2847350000 8.362300e+03 
2849500000 8.385775e+03 
2851650000 8.396100e+03 
2853800000 8.371650e+03 
2855950000 8.379950e+03 
2858100000 8.365825e+03 
2.860250e+09 8.403900e+03 
2862400000 8.352925e+03 
2864550000 8.373225e+03 
2866700000 8.399250e+03 
2868850000 8.350175e+03 
2871000000 8.367625e+03 
2873150000 8.390825e+03 
2875300000 8.400275e+03 
2877450000 8.371600e+03 
2879600000 8.375875e+03 
2881750000 8.372650e+03 
2883900000 8.372575e+03 
2886050000 8.366775e+03 
2888200000 8.379625e+03 
2.890350e+09 8.364225e+03 
2892500000 8.368825e+03 
2894650000 8.376900e+03 
2896800000 8.393725e+03 
2898950000 8.390075e+03 
2901100000 8.357650e+03 
2903250000 8.369825e+03 
2905400000 8.378700e+03 
2907550000 8.374300e+03 
2909700000 8.378075e+03 
2911850000 8.359100e+03 
2914000000 8.358225e+03 
2916150000 8.367225e+03 
2918300000 8.386025e+03 
2920450000 8.390575e+03 
2922600000 8.371100e+03 
2924750000 8.356400e+03 
2926900000 8.365100e+03 
2929050000 8.378375e+03 
2931200000 8.368425e+03 
2933350000 8.380275e+03 
2935500000 8.372275e+03 
2937650000 8.376500e+03 
2939800000 8.383925e+03 
2941950000 8.382325e+03 
2.944100e+09 8.374750e+03 
2946250000 8.345825e+03 
2948400000 8.379650e+03 
2950550000 8.377050e+03 
2952700000 8.365075e+03 
2954850000 8.373750e+03 
2957000000 8.369900e+03 
2959150000 8.381600e+03 
2961300000 8.360600e+03 
2963450000 8.364250e+03 
2965600000 8.362025e+03 
2967750000 8.359575e+03 
2969900000 8.358300e+03 
2972050000 8.356350e+03 
2974200000 8.349875e+03 
2976350000 8.353175e+03 
2978500000 8345 
2980650000 8.357775e+03 
2982800000 8.359200e+03 
2984950000 8.353500e+03 
2987100000 8.361500e+03 
2989250000 8.354150e+03 
2991400000 8.343525e+03 
2993550000 8.370350e+03 
2995700000 8.345800e+03 
2997850000 8.348950e+03 
3000000000 8.351150e+03 

END
