IGOR
WAVES/D/O sweep,sig(1) 
BEGIN
2570000000 8.345050e+03 
2.572150e+09 8.336025e+03 
2574300000 8.337925e+03 
2576450000 8.353900e+03 
2578600000 8.338100e+03 
2.580750e+09 8.325575e+03 
2582900000 8.326650e+03 
2585050000 8.352750e+03 
2.587200e+09 8.331350e+03 
2589350000 8.315750e+03 
2591500000 8.332050e+03 
2593650000 8.331275e+03 
2.595800e+09 8.344600e+03 
2597950000 8.345075e+03 
2600100000 8.337675e+03 
2.602250e+09 8.316325e+03 
2604400000 8.319700e+03 
2606550000 8.333625e+03 
2608700000 8.326625e+03 
2.610850e+09 8.340450e+03 
2613000000 8.321750e+03 
2615150000 8.332800e+03 
2.617300e+09 8.330875e+03 
2619450000 8.329625e+03 
2621600000 8.305275e+03 
2623750000 8.298425e+03 
2.625900e+09 8.296150e+03 
2628050000 8.299525e+03 
2630200000 8.287900e+03 
2.632350e+09 8.274900e+03 
2634500000 8.273625e+03 
2636650000 8.308175e+03 
2638800000 8.309575e+03 
2.640950e+09 8.313850e+03 
2643100000 8.299275e+03 
2645250000 8.329025e+03 
2.647400e+09 8.334800e+03 
2649550000 8.329050e+03 
2651700000 8.327650e+03 
2653850000 8.342250e+03 
2.656000e+09 8.350725e+03 
2658150000 8.324225e+03 
2660300000 8.316025e+03 
2.662450e+09 8.299925e+03 
2664600000 8.297050e+03 
2666750000 8.286125e+03 
2668900000 8.263825e+03 
2.671050e+09 8.259875e+03 
2673200000 8.261025e+03 
2675350000 8.268575e+03 
2677500000 8.286575e+03 
2679650000 8.290175e+03 
2681800000 8.340325e+03 
2683950000 8.322550e+03 
2.686100e+09 8.337950e+03 
2688250000 8.329275e+03 
2690400000 8.328750e+03 
2692550000 8.339025e+03 
2694700000 8.314575e+03 
2696850000 8.312525e+03 
2699000000 8.307775e+03 
2.701150e+09 8.288775e+03 
2703300000 8.272150e+03 
2705450000 8.264125e+03 
2707600000 8.266950e+03 
2.709750e+09 8.272500e+03 
2711900000 8.278200e+03 
2714050000 8.294400e+03 
2.716200e+09 8.308475e+03 
2718350000 8.320750e+03 
2720500000 8.314875e+03 
2722650000 8.343300e+03 
2724800000 8.327650e+03 
2726950000 8.331450e+03 
2729100000 8.305225e+03 
2.731250e+09 8.321950e+03 
2733400000 8325 
2735550000 8300 
2737700000 8.314975e+03 
2.739850e+09 8.283400e+03 
2742000000 8.310900e+03 
2744150000 8.297325e+03 
2.746300e+09 8.308825e+03 
2748450000 8.311625e+03 
2750600000 8.314975e+03 
2752750000 8.312200e+03 
2754900000 8316 
2757050000 8.327150e+03 
2759200000 8.329275e+03 
2.761350e+09 8.351650e+03 
2763500000 8.346475e+03 
2765650000 8.343675e+03 
2767800000 8.369375e+03 
2.769950e+09 8.327375e+03 
2772100000 8.337900e+03 
2774250000 8.339800e+03 
2.776400e+09 8.333775e+03 
2778550000 8.349050e+03 
2780700000 8.314825e+03 
2782850000 8.322725e+03 
2785000000 8.338250e+03 
2787150000 8.366125e+03 
2789300000 8.345375e+03 
2791450000 8.315275e+03 
2793600000 8.334875e+03 
2795750000 8.347400e+03 
2797900000 8.341850e+03 
2.800050e+09 8.334350e+03 
2802200000 8.325100e+03 
2804350000 8.348300e+03 
2806500000 8.366675e+03 
2808650000 8.340200e+03 
2810800000 8.317225e+03 
2812950000 8.325500e+03 
2815100000 8.338200e+03 
2817250000 8.348425e+03 
2819400000 8.317550e+03 
2821550000 8.336400e+03 
2823700000 8.344675e+03 
2825850000 8.344350e+03 
2828000000 8.344325e+03 
2.830150e+09 8.317800e+03 
2832300000 8339 
2834450000 8.360950e+03 
2836600000 8.327725e+03 
2838750000 8.338575e+03 
2840900000 8.353200e+03 
2843050000 8.338625e+03 
2845200000 8.322150e+03 
2847350000 8.329175e+03 
2849500000 8.352425e+03 
2851650000 8.363400e+03 
2853800000 8.326175e+03 
2855950000 8.326425e+03 
2858100000 8.348225e+03 
2.860250e+09 8.328550e+03 
2862400000 8.323300e+03 
2864550000 8.321425e+03 
2866700000 8.331575e+03 
2868850000 8.345775e+03 
2871000000 8.330700e+03 
2873150000 8.350250e+03 
2875300000 8.320125e+03 
2877450000 8.342325e+03 
2879600000 8.315550e+03 
2881750000 8.316300e+03 
2883900000 8.343800e+03 
2886050000 8.349525e+03 
2888200000 8.353050e+03 
2.890350e+09 8.335525e+03 
2892500000 8.348650e+03 
2894650000 8.341675e+03 
2896800000 8.323025e+03 
2898950000 8.329500e+03 
2901100000 8.334825e+03 
2903250000 8.335750e+03 
2905400000 8.335175e+03 
2907550000 8.326400e+03 
2909700000 8.335225e+03 
2911850000 8.345800e+03 
2914000000 8.338650e+03 
2916150000 8.326275e+03 
2918300000 8.341600e+03 
2920450000 8.335575e+03 
2922600000 8.336650e+03 
2924750000 8.322125e+03 
2926900000 8.350175e+03 
2929050000 8.363675e+03 
2931200000 8.347600e+03 
2933350000 8.341350e+03 
2935500000 8342 
2937650000 8.352750e+03 
2939800000 8.378225e+03 
2941950000 8.340875e+03 
2.944100e+09 8.361450e+03 
2946250000 8.329300e+03 
2948400000 8.335900e+03 
2950550000 8.355800e+03 
2952700000 8.345525e+03 
2954850000 8.340525e+03 
2957000000 8.355925e+03 
2959150000 8.343425e+03 
2961300000 8.344850e+03 
2963450000 8.309425e+03 
2965600000 8.357850e+03 
2967750000 8.340725e+03 
2969900000 8.341800e+03 
2972050000 8.352625e+03 
2974200000 8.347250e+03 
2976350000 8.366450e+03 
2978500000 8.364650e+03 
2980650000 8.346525e+03 
2982800000 8.354275e+03 
2984950000 8.347250e+03 
2987100000 8.328950e+03 
2989250000 8.351850e+03 
2991400000 8.341375e+03 
2993550000 8.352525e+03 
2995700000 8.360475e+03 
2997850000 8.355125e+03 
3000000000 8.339025e+03 

END
