IGOR
WAVES/D/O sweep,sig(1) 
BEGIN
2570000000 8.300875e+03 
2.572150e+09 8.286100e+03 
2574300000 8.301875e+03 
2576450000 8.311100e+03 
2578600000 8.321700e+03 
2.580750e+09 8.285275e+03 
2582900000 8.311275e+03 
2585050000 8.290225e+03 
2.587200e+09 8.287800e+03 
2589350000 8.279925e+03 
2591500000 8.291525e+03 
2593650000 8.294700e+03 
2.595800e+09 8.303350e+03 
2597950000 8.292550e+03 
2600100000 8.329200e+03 
2.602250e+09 8.302175e+03 
2604400000 8.321275e+03 
2606550000 8.310800e+03 
2608700000 8.328225e+03 
2.610850e+09 8.323400e+03 
2613000000 8.327025e+03 
2615150000 8.299950e+03 
2.617300e+09 8.292025e+03 
2619450000 8.309775e+03 
2621600000 8.285250e+03 
2623750000 8.283600e+03 
2.625900e+09 8.293400e+03 
2628050000 8.275675e+03 
2630200000 8.261550e+03 
2.632350e+09 8.247975e+03 
2634500000 8.273475e+03 
2636650000 8.248975e+03 
2638800000 8.259900e+03 
2.640950e+09 8.287650e+03 
2643100000 8.288575e+03 
2645250000 8.290050e+03 
2.647400e+09 8.302925e+03 
2649550000 8.294200e+03 
2651700000 8.325775e+03 
2653850000 8.290425e+03 
2.656000e+09 8.287250e+03 
2658150000 8.299050e+03 
2660300000 8.291050e+03 
2.662450e+09 8.263400e+03 
2664600000 8.236275e+03 
2666750000 8.251975e+03 
2668900000 8.230050e+03 
2.671050e+09 8.220475e+03 
2673200000 8.226375e+03 
2675350000 8.257300e+03 
2677500000 8.255775e+03 
2679650000 8.288600e+03 
2681800000 8.284175e+03 
2683950000 8.278275e+03 
2.686100e+09 8.298450e+03 
2688250000 8.308275e+03 
2690400000 8.283475e+03 
2692550000 8.293950e+03 
2694700000 8.305750e+03 
2696850000 8.276150e+03 
2699000000 8.266225e+03 
2.701150e+09 8.250625e+03 
2703300000 8.204625e+03 
2705450000 8.243325e+03 
2707600000 8.219550e+03 
2.709750e+09 8.237725e+03 
2711900000 8.266775e+03 
2714050000 8.270225e+03 
2.716200e+09 8.267175e+03 
2718350000 8.278875e+03 
2720500000 8.310850e+03 
2722650000 8.293275e+03 
2724800000 8.321250e+03 
2726950000 8.309050e+03 
2729100000 8.311975e+03 
2.731250e+09 8300 
2733400000 8.281475e+03 
2735550000 8.262975e+03 
2737700000 8.286225e+03 
2.739850e+09 8.286750e+03 
2742000000 8.273825e+03 
2744150000 8.261150e+03 
2.746300e+09 8.265400e+03 
2748450000 8.286750e+03 
2750600000 8.268475e+03 
2752750000 8.289475e+03 
2754900000 8.278975e+03 
2757050000 8.312725e+03 
2759200000 8.271100e+03 
2.761350e+09 8.305525e+03 
2763500000 8.283700e+03 
2765650000 8.307525e+03 
2767800000 8.283300e+03 
2.769950e+09 8.299575e+03 
2772100000 8.299475e+03 
2774250000 8.285875e+03 
2.776400e+09 8.296925e+03 
2778550000 8.290150e+03 
2780700000 8.284575e+03 
2782850000 8.299350e+03 
2785000000 8.308625e+03 
2787150000 8.289375e+03 
2789300000 8.289150e+03 
2791450000 8.285950e+03 
2793600000 8.308475e+03 
2795750000 8.293075e+03 
2797900000 8.291650e+03 
2.800050e+09 8.284525e+03 
2802200000 8.305825e+03 
2804350000 8.289625e+03 
2806500000 8.290450e+03 
2808650000 8.286150e+03 
2810800000 8.288550e+03 
2812950000 8.281100e+03 
2815100000 8.300900e+03 
2817250000 8.291900e+03 
2819400000 8.288700e+03 
2821550000 8.302925e+03 
2823700000 8.298800e+03 
2825850000 8.300300e+03 
2828000000 8.294725e+03 
2.830150e+09 8.287350e+03 
2832300000 8.281325e+03 
2834450000 8.269225e+03 
2836600000 8.299675e+03 
2838750000 8.279400e+03 
2840900000 8.276725e+03 
2843050000 8277 
2845200000 8274 
2847350000 8.294525e+03 
2849500000 8.277700e+03 
2851650000 8.300025e+03 
2853800000 8.286225e+03 
2855950000 8.291200e+03 
2858100000 8.287600e+03 
2.860250e+09 8.295950e+03 
2862400000 8.308025e+03 
2864550000 8.282275e+03 
2866700000 8.278075e+03 
2868850000 8.294750e+03 
2871000000 8.297925e+03 
2873150000 8.281575e+03 
2875300000 8.294200e+03 
2877450000 8.284050e+03 
2879600000 8.295500e+03 
2881750000 8.295775e+03 
2883900000 8.289100e+03 
2886050000 8.308725e+03 
2888200000 8.293900e+03 
2.890350e+09 8.284675e+03 
2892500000 8.309650e+03 
2894650000 8.292325e+03 
2896800000 8.289825e+03 
2898950000 8.281825e+03 
2901100000 8.269925e+03 
2903250000 8.298175e+03 
2905400000 8.287800e+03 
2907550000 8.308375e+03 
2909700000 8.292900e+03 
2911850000 8.307350e+03 
2914000000 8.275475e+03 
2916150000 8.292625e+03 
2918300000 8.292950e+03 
2920450000 8.292450e+03 
2922600000 8.274900e+03 
2924750000 8.309625e+03 
2926900000 8.287775e+03 
2929050000 8.281400e+03 
2931200000 8.290475e+03 
2933350000 8.292650e+03 
2935500000 8.274800e+03 
2937650000 8.292325e+03 
2939800000 8.296350e+03 
2941950000 8.308925e+03 
2.944100e+09 8.298850e+03 
2946250000 8.290700e+03 
2948400000 8.280175e+03 
2950550000 8.296475e+03 
2952700000 8.308125e+03 
2954850000 8.284450e+03 
2957000000 8.297500e+03 
2959150000 8.306575e+03 
2961300000 8.300925e+03 
2963450000 8.289925e+03 
2965600000 8.285525e+03 
2967750000 8.294700e+03 
2969900000 8.284750e+03 
2972050000 8.316050e+03 
2974200000 8.292250e+03 
2976350000 8.285250e+03 
2978500000 8.313725e+03 
2980650000 8.304750e+03 
2982800000 8.308625e+03 
2984950000 8.295100e+03 
2987100000 8.280275e+03 
2989250000 8.295225e+03 
2991400000 8.284450e+03 
2993550000 8.290600e+03 
2995700000 8.309975e+03 
2997850000 8.276700e+03 
3000000000 8.290900e+03 

END
