IGOR
WAVES/D/O sweep,sig(1) 
BEGIN
2570000000 8.291550e+03 
2.572150e+09 8.309300e+03 
2574300000 8.324975e+03 
2576450000 8.306900e+03 
2578600000 8.317125e+03 
2.580750e+09 8.315225e+03 
2582900000 8334 
2585050000 8.309075e+03 
2.587200e+09 8324 
2589350000 8.314850e+03 
2591500000 8.300950e+03 
2593650000 8.309650e+03 
2.595800e+09 8.301175e+03 
2597950000 8.310900e+03 
2600100000 8.322100e+03 
2.602250e+09 8.313550e+03 
2604400000 8.311950e+03 
2606550000 8.307175e+03 
2608700000 8.304150e+03 
2.610850e+09 8.319375e+03 
2613000000 8.311700e+03 
2615150000 8.347100e+03 
2.617300e+09 8.328725e+03 
2619450000 8.330025e+03 
2621600000 8.309975e+03 
2623750000 8.317400e+03 
2.625900e+09 8.288100e+03 
2628050000 8.297800e+03 
2630200000 8.270500e+03 
2.632350e+09 8.281900e+03 
2634500000 8.295125e+03 
2636650000 8.305325e+03 
2638800000 8.285575e+03 
2.640950e+09 8.291925e+03 
2643100000 8.320675e+03 
2645250000 8.311850e+03 
2.647400e+09 8.319200e+03 
2649550000 8.323450e+03 
2651700000 8.342975e+03 
2653850000 8.342800e+03 
2.656000e+09 8.288425e+03 
2658150000 8.280600e+03 
2660300000 8.291100e+03 
2.662450e+09 8.285775e+03 
2664600000 8.244750e+03 
2666750000 8.259150e+03 
2668900000 8.237700e+03 
2.671050e+09 8.246100e+03 
2673200000 8.263575e+03 
2675350000 8.246650e+03 
2677500000 8.299025e+03 
2679650000 8.303150e+03 
2681800000 8.292325e+03 
2683950000 8.315550e+03 
2.686100e+09 8.324025e+03 
2688250000 8.329550e+03 
2690400000 8.317775e+03 
2692550000 8.306850e+03 
2694700000 8.304675e+03 
2696850000 8.285750e+03 
2699000000 8.295350e+03 
2.701150e+09 8.273550e+03 
2703300000 8.286825e+03 
2705450000 8.259925e+03 
2707600000 8.266725e+03 
2.709750e+09 8.246700e+03 
2711900000 8.271600e+03 
2714050000 8.293425e+03 
2.716200e+09 8.291275e+03 
2718350000 8.309125e+03 
2720500000 8.313975e+03 
2722650000 8.346025e+03 
2724800000 8.298200e+03 
2726950000 8.332525e+03 
2729100000 8.321500e+03 
2.731250e+09 8.311900e+03 
2733400000 8.294675e+03 
2735550000 8.283300e+03 
2737700000 8.265650e+03 
2.739850e+09 8.295450e+03 
2742000000 8.269350e+03 
2744150000 8.276775e+03 
2.746300e+09 8.276475e+03 
2748450000 8.299250e+03 
2750600000 8.318050e+03 
2752750000 8.290875e+03 
2754900000 8.327975e+03 
2757050000 8.304575e+03 
2759200000 8.313750e+03 
2.761350e+09 8.289025e+03 
2763500000 8.304500e+03 
2765650000 8.305125e+03 
2767800000 8.318700e+03 
2.769950e+09 8.305125e+03 
2772100000 8.309450e+03 
2774250000 8.282425e+03 
2.776400e+09 8.296700e+03 
2778550000 8.315325e+03 
2780700000 8.288925e+03 
2782850000 8.270225e+03 
2785000000 8.295050e+03 
2787150000 8.295150e+03 
2789300000 8.291150e+03 
2791450000 8.312300e+03 
2793600000 8.282850e+03 
2795750000 8.302750e+03 
2797900000 8.281675e+03 
2.800050e+09 8.297750e+03 
2802200000 8.291375e+03 
2804350000 8.312475e+03 
2806500000 8.288350e+03 
2808650000 8.295325e+03 
2810800000 8.298075e+03 
2812950000 8.306750e+03 
2815100000 8.281200e+03 
2817250000 8.302375e+03 
2819400000 8.299500e+03 
2821550000 8.313450e+03 
2823700000 8.296825e+03 
2825850000 8.288275e+03 
2828000000 8.293725e+03 
2.830150e+09 8.314425e+03 
2832300000 8.307925e+03 
2834450000 8.282200e+03 
2836600000 8.283125e+03 
2838750000 8.279375e+03 
2840900000 8.275975e+03 
2843050000 8.304975e+03 
2845200000 8.287125e+03 
2847350000 8.298500e+03 
2849500000 8.285100e+03 
2851650000 8.275025e+03 
2853800000 8.276775e+03 
2855950000 8.315925e+03 
2858100000 8.287800e+03 
2.860250e+09 8.265200e+03 
2862400000 8.278275e+03 
2864550000 8.303500e+03 
2866700000 8.267200e+03 
2868850000 8.279350e+03 
2871000000 8318 
2873150000 8295 
2875300000 8.281650e+03 
2877450000 8.276100e+03 
2879600000 8.297250e+03 
2881750000 8.293625e+03 
2883900000 8.305700e+03 
2886050000 8.290725e+03 
2888200000 8.301350e+03 
2.890350e+09 8.299050e+03 
2892500000 8.292150e+03 
2894650000 8.283525e+03 
2896800000 8.302575e+03 
2898950000 8.302350e+03 
2901100000 8.286750e+03 
2903250000 8.252875e+03 
2905400000 8.281200e+03 
2907550000 8.288825e+03 
2909700000 8.289375e+03 
2911850000 8.274775e+03 
2914000000 8.282275e+03 
2916150000 8.288375e+03 
2918300000 8.294425e+03 
2920450000 8.273600e+03 
2922600000 8.287950e+03 
2924750000 8.309300e+03 
2926900000 8.291025e+03 
2929050000 8.313075e+03 
2931200000 8.276425e+03 
2933350000 8.284375e+03 
2935500000 8.292550e+03 
2937650000 8.266850e+03 
2939800000 8.276175e+03 
2941950000 8.296750e+03 
2.944100e+09 8.277275e+03 
2946250000 8.303675e+03 
2948400000 8.288450e+03 
2950550000 8.289750e+03 
2952700000 8.296425e+03 
2954850000 8.318575e+03 
2957000000 8.294975e+03 
2959150000 8.295625e+03 
2961300000 8.317375e+03 
2963450000 8.299100e+03 
2965600000 8.273675e+03 
2967750000 8.278525e+03 
2969900000 8.278075e+03 
2972050000 8.298600e+03 
2974200000 8.276350e+03 
2976350000 8.274300e+03 
2978500000 8.276175e+03 
2980650000 8.285375e+03 
2982800000 8287 
2984950000 8.288325e+03 
2987100000 8.299200e+03 
2989250000 8.285025e+03 
2991400000 8.302750e+03 
2993550000 8.272550e+03 
2995700000 8.275375e+03 
2997850000 8.264425e+03 
3000000000 8.279450e+03 

END
