IGOR
WAVES/D/O sweep,sig(1) 
BEGIN
2570000000 8.263200e+03 
2.572150e+09 8.220025e+03 
2574300000 8.229125e+03 
2576450000 8.212025e+03 
2578600000 8.245550e+03 
2.580750e+09 8.225975e+03 
2582900000 8.247350e+03 
2585050000 8.230450e+03 
2.587200e+09 8.255075e+03 
2589350000 8.251875e+03 
2591500000 8.227550e+03 
2593650000 8.241200e+03 
2.595800e+09 8.259975e+03 
2597950000 8.231600e+03 
2600100000 8.227775e+03 
2.602250e+09 8.246625e+03 
2604400000 8.255475e+03 
2606550000 8.215675e+03 
2608700000 8.222450e+03 
2.610850e+09 8.256375e+03 
2613000000 8.249250e+03 
2615150000 8252 
2.617300e+09 8.218050e+03 
2619450000 8.222450e+03 
2621600000 8.222875e+03 
2623750000 8.206900e+03 
2.625900e+09 8.200200e+03 
2628050000 8.185675e+03 
2630200000 8.209225e+03 
2.632350e+09 8.185900e+03 
2634500000 8.176425e+03 
2636650000 8.207850e+03 
2638800000 8.216950e+03 
2.640950e+09 8.237200e+03 
2643100000 8.205725e+03 
2645250000 8.243150e+03 
2.647400e+09 8.225550e+03 
2649550000 8.232125e+03 
2651700000 8.226650e+03 
2653850000 8.206250e+03 
2.656000e+09 8.235350e+03 
2658150000 8.252325e+03 
2660300000 8.211100e+03 
2.662450e+09 8.202250e+03 
2664600000 8.198225e+03 
2666750000 8.191900e+03 
2668900000 8.203175e+03 
2.671050e+09 8.190925e+03 
2673200000 8.182850e+03 
2675350000 8.188800e+03 
2677500000 8.196675e+03 
2679650000 8.212875e+03 
2681800000 8.221725e+03 
2683950000 8.258125e+03 
2.686100e+09 8.217325e+03 
2688250000 8.248550e+03 
2690400000 8243 
2692550000 8.265225e+03 
2694700000 8.227875e+03 
2696850000 8.207600e+03 
2699000000 8.200950e+03 
2.701150e+09 8.200325e+03 
2703300000 8.187150e+03 
2705450000 8.179950e+03 
2707600000 8.169175e+03 
2.709750e+09 8.224700e+03 
2711900000 8.214125e+03 
2714050000 8.211925e+03 
2.716200e+09 8.216175e+03 
2718350000 8.249600e+03 
2720500000 8.259775e+03 
2722650000 8232 
2724800000 8.240875e+03 
2726950000 8.270375e+03 
2729100000 8.240550e+03 
2.731250e+09 8.234825e+03 
2733400000 8.236825e+03 
2735550000 8.244925e+03 
2737700000 8.224950e+03 
2.739850e+09 8.189100e+03 
2742000000 8.192425e+03 
2744150000 8.237600e+03 
2.746300e+09 8.248425e+03 
2748450000 8.212725e+03 
2750600000 8.212575e+03 
2752750000 8.239825e+03 
2754900000 8.243300e+03 
2757050000 8.234475e+03 
2759200000 8.250475e+03 
2.761350e+09 8.256725e+03 
2763500000 8.250175e+03 
2765650000 8.212675e+03 
2767800000 8.269050e+03 
2.769950e+09 8.234975e+03 
2772100000 8.254750e+03 
2774250000 8.241800e+03 
2.776400e+09 8.253575e+03 
2778550000 8.256925e+03 
2780700000 8.271525e+03 
2782850000 8.222325e+03 
2785000000 8.255125e+03 
2787150000 8.227575e+03 
2789300000 8.278350e+03 
2791450000 8.258050e+03 
2793600000 8.226375e+03 
2795750000 8.232200e+03 
2797900000 8.261850e+03 
2.800050e+09 8.255725e+03 
2802200000 8.261550e+03 
2804350000 8.249250e+03 
2806500000 8.267125e+03 
2808650000 8.247675e+03 
2810800000 8.231275e+03 
2812950000 8.252425e+03 
2815100000 8.266075e+03 
2817250000 8.254675e+03 
2819400000 8.250575e+03 
2821550000 8.263200e+03 
2823700000 8.275850e+03 
2825850000 8.284975e+03 
2828000000 8.239600e+03 
2.830150e+09 8.260175e+03 
2832300000 8.271275e+03 
2834450000 8.275275e+03 
2836600000 8.229875e+03 
2838750000 8.239475e+03 
2840900000 8.280900e+03 
2843050000 8.283150e+03 
2845200000 8.242100e+03 
2847350000 8.231175e+03 
2849500000 8.258250e+03 
2851650000 8.284600e+03 
2853800000 8.262675e+03 
2855950000 8.259675e+03 
2858100000 8.239400e+03 
2.860250e+09 8.281150e+03 
2862400000 8.258750e+03 
2864550000 8.273450e+03 
2866700000 8.270525e+03 
2868850000 8.249475e+03 
2871000000 8.243675e+03 
2873150000 8.262075e+03 
2875300000 8.244325e+03 
2877450000 8.264825e+03 
2879600000 8.282800e+03 
2881750000 8.243800e+03 
2883900000 8.253275e+03 
2886050000 8.234400e+03 
2888200000 8.277625e+03 
2.890350e+09 8.247600e+03 
2892500000 8.252175e+03 
2894650000 8.256750e+03 
2896800000 8.259925e+03 
2898950000 8.259650e+03 
2901100000 8.277450e+03 
2903250000 8.248025e+03 
2905400000 8.286975e+03 
2907550000 8.241250e+03 
2909700000 8.256050e+03 
2911850000 8.285700e+03 
2914000000 8.271400e+03 
2916150000 8.231475e+03 
2918300000 8.272600e+03 
2920450000 8.285075e+03 
2922600000 8.282975e+03 
2924750000 8.264575e+03 
2926900000 8.231400e+03 
2929050000 8.261050e+03 
2931200000 8.276550e+03 
2933350000 8.285575e+03 
2935500000 8.257200e+03 
2937650000 8.253775e+03 
2939800000 8.263625e+03 
2941950000 8.273600e+03 
2.944100e+09 8.264925e+03 
2946250000 8.278325e+03 
2948400000 8.269575e+03 
2950550000 8.236550e+03 
2952700000 8.249150e+03 
2954850000 8.273675e+03 
2957000000 8.270250e+03 
2959150000 8.265500e+03 
2961300000 8.232175e+03 
2963450000 8.257475e+03 
2965600000 8.282400e+03 
2967750000 8.257125e+03 
2969900000 8.257225e+03 
2972050000 8.243375e+03 
2974200000 8.246300e+03 
2976350000 8.258150e+03 
2978500000 8.246350e+03 
2980650000 8.246200e+03 
2982800000 8.274075e+03 
2984950000 8.257975e+03 
2987100000 8.255300e+03 
2989250000 8.274625e+03 
2991400000 8.259125e+03 
2993550000 8.248450e+03 
2995700000 8.243625e+03 
2997850000 8.238175e+03 
3000000000 8.273050e+03 

END
