IGOR
WAVES/D/O sweep,sig(1) 
BEGIN
2570000000 8.254725e+03 
2.572150e+09 8.237675e+03 
2574300000 8.233250e+03 
2576450000 8.197800e+03 
2578600000 8.246275e+03 
2.580750e+09 8.258775e+03 
2582900000 8.246925e+03 
2585050000 8.242775e+03 
2.587200e+09 8.230275e+03 
2589350000 8.249800e+03 
2591500000 8.241050e+03 
2593650000 8.239925e+03 
2.595800e+09 8.233125e+03 
2597950000 8.218075e+03 
2600100000 8.246975e+03 
2.602250e+09 8.251900e+03 
2604400000 8.233475e+03 
2606550000 8.252325e+03 
2608700000 8.242100e+03 
2.610850e+09 8.241925e+03 
2613000000 8.221775e+03 
2615150000 8.221250e+03 
2.617300e+09 8.236075e+03 
2619450000 8.229550e+03 
2621600000 8.198325e+03 
2623750000 8.220325e+03 
2.625900e+09 8.216325e+03 
2628050000 8.198200e+03 
2630200000 8.197400e+03 
2.632350e+09 8.171525e+03 
2634500000 8.175625e+03 
2636650000 8.197325e+03 
2638800000 8.203625e+03 
2.640950e+09 8.217925e+03 
2643100000 8.206350e+03 
2645250000 8.205650e+03 
2.647400e+09 8.223625e+03 
2649550000 8.233475e+03 
2651700000 8.232700e+03 
2653850000 8.242125e+03 
2.656000e+09 8.204925e+03 
2658150000 8.205875e+03 
2660300000 8.202075e+03 
2.662450e+09 8.211200e+03 
2664600000 8.193800e+03 
2666750000 8.153350e+03 
2668900000 8.162775e+03 
2.671050e+09 8.172300e+03 
2673200000 8.139150e+03 
2675350000 8.189950e+03 
2677500000 8.185375e+03 
2679650000 8.207600e+03 
2681800000 8.239575e+03 
2683950000 8234 
2.686100e+09 8.231400e+03 
2688250000 8.220125e+03 
2690400000 8.248225e+03 
2692550000 8.221225e+03 
2694700000 8.210525e+03 
2696850000 8.223625e+03 
2699000000 8.229725e+03 
2.701150e+09 8.173825e+03 
2703300000 8.158175e+03 
2705450000 8.161850e+03 
2707600000 8.179575e+03 
2.709750e+09 8.187425e+03 
2711900000 8.183550e+03 
2714050000 8.198375e+03 
2.716200e+09 8.221075e+03 
2718350000 8239 
2720500000 8.235150e+03 
2722650000 8.248525e+03 
2724800000 8.235800e+03 
2726950000 8.221575e+03 
2729100000 8.227150e+03 
2.731250e+09 8.217350e+03 
2733400000 8.207975e+03 
2735550000 8.212725e+03 
2737700000 8.212150e+03 
2.739850e+09 8.202100e+03 
2742000000 8.183600e+03 
2744150000 8.180825e+03 
2.746300e+09 8.213975e+03 
2748450000 8.225550e+03 
2750600000 8.248825e+03 
2752750000 8.241700e+03 
2754900000 8.217450e+03 
2757050000 8.254350e+03 
2759200000 8.233550e+03 
2.761350e+09 8.236325e+03 
2763500000 8.201750e+03 
2765650000 8.219675e+03 
2767800000 8.230575e+03 
2.769950e+09 8.224975e+03 
2772100000 8.233575e+03 
2774250000 8.217875e+03 
2.776400e+09 8.204250e+03 
2778550000 8.230600e+03 
2780700000 8.232950e+03 
2782850000 8.227825e+03 
2785000000 8.241625e+03 
2787150000 8.239175e+03 
2789300000 8.224200e+03 
2791450000 8.216925e+03 
2793600000 8.220375e+03 
2795750000 8.220700e+03 
2797900000 8.230350e+03 
2.800050e+09 8.215125e+03 
2802200000 8.213800e+03 
2804350000 8.226750e+03 
2806500000 8.229950e+03 
2808650000 8.234625e+03 
2810800000 8.243025e+03 
2812950000 8.222725e+03 
2815100000 8.217850e+03 
2817250000 8.216725e+03 
2819400000 8.193875e+03 
2821550000 8.230625e+03 
2823700000 8.214600e+03 
2825850000 8.225550e+03 
2828000000 8.215475e+03 
2.830150e+09 8.244975e+03 
2832300000 8.231400e+03 
2834450000 8.213225e+03 
2836600000 8.226750e+03 
2838750000 8.215725e+03 
2840900000 8.211400e+03 
2843050000 8.206375e+03 
2845200000 8.228875e+03 
2847350000 8.218375e+03 
2849500000 8.210600e+03 
2851650000 8.207500e+03 
2853800000 8.216950e+03 
2855950000 8.234775e+03 
2858100000 8.211825e+03 
2.860250e+09 8.215550e+03 
2862400000 8.232450e+03 
2864550000 8.233325e+03 
2866700000 8.231050e+03 
2868850000 8.218575e+03 
2871000000 8.231250e+03 
2873150000 8.205375e+03 
2875300000 8.226200e+03 
2877450000 8.232450e+03 
2879600000 8.232025e+03 
2881750000 8.231050e+03 
2883900000 8.234650e+03 
2886050000 8.240375e+03 
2888200000 8.245375e+03 
2.890350e+09 8.233675e+03 
2892500000 8.231525e+03 
2894650000 8.240525e+03 
2896800000 8224 
2898950000 8.223250e+03 
2901100000 8.213075e+03 
2903250000 8.233775e+03 
2905400000 8.221625e+03 
2907550000 8.234450e+03 
2909700000 8.228100e+03 
2911850000 8.222300e+03 
2914000000 8.213475e+03 
2916150000 8.217850e+03 
2918300000 8.234900e+03 
2920450000 8.239050e+03 
2922600000 8.212650e+03 
2924750000 8.235600e+03 
2926900000 8.247925e+03 
2929050000 8.212100e+03 
2931200000 8.236900e+03 
2933350000 8.238150e+03 
2935500000 8.231400e+03 
2937650000 8.217950e+03 
2939800000 8.256325e+03 
2941950000 8.224025e+03 
2.944100e+09 8.235950e+03 
2946250000 8.210275e+03 
2948400000 8.227275e+03 
2950550000 8.234425e+03 
2952700000 8.251675e+03 
2954850000 8.215250e+03 
2957000000 8.230125e+03 
2959150000 8.228950e+03 
2961300000 8.235075e+03 
2963450000 8.219925e+03 
2965600000 8.212900e+03 
2967750000 8.228800e+03 
2969900000 8.222300e+03 
2972050000 8.234250e+03 
2974200000 8.239550e+03 
2976350000 8.226650e+03 
2978500000 8.221750e+03 
2980650000 8.219350e+03 
2982800000 8.229875e+03 
2984950000 8.230850e+03 
2987100000 8.213600e+03 
2989250000 8.207975e+03 
2991400000 8.222350e+03 
2993550000 8.216225e+03 
2995700000 8.238075e+03 
2997850000 8.228525e+03 
3000000000 8.230850e+03 

END
