IGOR
WAVES/D/O sweep,sig(1) 
BEGIN
2570000000 8.442975e+03 
2.572150e+09 8.401675e+03 
2574300000 8.389325e+03 
2576450000 8.418300e+03 
2578600000 8.416275e+03 
2.580750e+09 8.395175e+03 
2582900000 8.411975e+03 
2585050000 8.423900e+03 
2.587200e+09 8.425050e+03 
2589350000 8.405950e+03 
2591500000 8385 
2593650000 8.421225e+03 
2.595800e+09 8.403050e+03 
2597950000 8.429550e+03 
2600100000 8.409075e+03 
2.602250e+09 8.400575e+03 
2604400000 8.412050e+03 
2606550000 8.403950e+03 
2608700000 8.406650e+03 
2.610850e+09 8.413775e+03 
2613000000 8.419800e+03 
2615150000 8.407575e+03 
2.617300e+09 8.403850e+03 
2619450000 8.416650e+03 
2621600000 8.394850e+03 
2623750000 8.399150e+03 
2.625900e+09 8.380950e+03 
2628050000 8.386275e+03 
2630200000 8.356400e+03 
2.632350e+09 8.367250e+03 
2634500000 8.357725e+03 
2636650000 8.377475e+03 
2638800000 8.369950e+03 
2.640950e+09 8.349675e+03 
2643100000 8.380375e+03 
2645250000 8.398275e+03 
2.647400e+09 8.428400e+03 
2649550000 8.428200e+03 
2651700000 8.406800e+03 
2653850000 8.418600e+03 
2.656000e+09 8.415925e+03 
2658150000 8.448325e+03 
2660300000 8371 
2.662450e+09 8.391875e+03 
2664600000 8.382600e+03 
2666750000 8.364625e+03 
2668900000 8.345175e+03 
2.671050e+09 8.323850e+03 
2673200000 8.343150e+03 
2675350000 8.358500e+03 
2677500000 8.358725e+03 
2679650000 8.348125e+03 
2681800000 8389 
2683950000 8.410175e+03 
2.686100e+09 8.405350e+03 
2688250000 8.421350e+03 
2690400000 8.395050e+03 
2692550000 8.426875e+03 
2694700000 8.386300e+03 
2696850000 8.413075e+03 
2699000000 8.393350e+03 
2.701150e+09 8.378575e+03 
2703300000 8.318275e+03 
2705450000 8.365150e+03 
2707600000 8.339900e+03 
2.709750e+09 8.375750e+03 
2711900000 8.390400e+03 
2714050000 8.389625e+03 
2.716200e+09 8.409925e+03 
2718350000 8.419050e+03 
2720500000 8396 
2722650000 8.399900e+03 
2724800000 8.408725e+03 
2726950000 8.398900e+03 
2729100000 8.393650e+03 
2.731250e+09 8.416925e+03 
2733400000 8.371225e+03 
2735550000 8.385850e+03 
2737700000 8.354725e+03 
2.739850e+09 8.393725e+03 
2742000000 8.367600e+03 
2744150000 8.370675e+03 
2.746300e+09 8.372175e+03 
2748450000 8.375675e+03 
2750600000 8.375050e+03 
2752750000 8.374850e+03 
2754900000 8.399325e+03 
2757050000 8.384625e+03 
2759200000 8.397975e+03 
2.761350e+09 8.427525e+03 
2763500000 8.428050e+03 
2765650000 8.421725e+03 
2767800000 8.416800e+03 
2.769950e+09 8.435825e+03 
2772100000 8.391150e+03 
2774250000 8.390600e+03 
2.776400e+09 8.400125e+03 
2778550000 8.404350e+03 
2780700000 8.399300e+03 
2782850000 8.415825e+03 
2785000000 8.407925e+03 
2787150000 8.439600e+03 
2789300000 8.416875e+03 
2791450000 8.394650e+03 
2793600000 8.412600e+03 
2795750000 8.422550e+03 
2797900000 8.395575e+03 
2.800050e+09 8.401025e+03 
2802200000 8.420500e+03 
2804350000 8.417200e+03 
2806500000 8.409650e+03 
2808650000 8.404875e+03 
2810800000 8.395750e+03 
2812950000 8.386200e+03 
2815100000 8.414525e+03 
2817250000 8.406250e+03 
2819400000 8.397975e+03 
2821550000 8.393250e+03 
2823700000 8.413300e+03 
2825850000 8.385300e+03 
2828000000 8.406925e+03 
2.830150e+09 8.414300e+03 
2832300000 8.406575e+03 
2834450000 8.407325e+03 
2836600000 8.415950e+03 
2838750000 8.423400e+03 
2840900000 8.399050e+03 
2843050000 8.386750e+03 
2845200000 8.396325e+03 
2847350000 8.381775e+03 
2849500000 8.407300e+03 
2851650000 8.392350e+03 
2853800000 8.402525e+03 
2855950000 8.415175e+03 
2858100000 8376 
2.860250e+09 8.400700e+03 
2862400000 8.401825e+03 
2864550000 8.397125e+03 
2866700000 8.400850e+03 
2868850000 8.411025e+03 
2871000000 8.398350e+03 
2873150000 8.404350e+03 
2875300000 8.391225e+03 
2877450000 8.410625e+03 
2879600000 8.402175e+03 
2881750000 8.398675e+03 
2883900000 8.405275e+03 
2886050000 8.405800e+03 
2888200000 8.409250e+03 
2.890350e+09 8.419575e+03 
2892500000 8.387825e+03 
2894650000 8.389200e+03 
2896800000 8.399175e+03 
2898950000 8.380800e+03 
2901100000 8.384725e+03 
2903250000 8.384150e+03 
2905400000 8.421450e+03 
2907550000 8.428525e+03 
2909700000 8.409125e+03 
2911850000 8.378500e+03 
2914000000 8410 
2916150000 8404 
2918300000 8.382125e+03 
2920450000 8.396575e+03 
2922600000 8.392525e+03 
2924750000 8.417725e+03 
2926900000 8.397600e+03 
2929050000 8402 
2931200000 8.402450e+03 
2933350000 8.419700e+03 
2935500000 8.379275e+03 
2937650000 8.406325e+03 
2939800000 8.405950e+03 
2941950000 8.384075e+03 
2.944100e+09 8.425550e+03 
2946250000 8.393175e+03 
2948400000 8424 
2950550000 8.395650e+03 
2952700000 8.403100e+03 
2954850000 8.380875e+03 
2957000000 8.407250e+03 
2959150000 8.412700e+03 
2961300000 8.398275e+03 
2963450000 8.385075e+03 
2965600000 8.412225e+03 
2967750000 8.403525e+03 
2969900000 8.391300e+03 
2972050000 8.395475e+03 
2974200000 8.408250e+03 
2976350000 8.361950e+03 
2978500000 8.382325e+03 
2980650000 8.385850e+03 
2982800000 8.402050e+03 
2984950000 8.394250e+03 
2987100000 8.397925e+03 
2989250000 8.403525e+03 
2991400000 8.403050e+03 
2993550000 8.388700e+03 
2995700000 8.390325e+03 
2997850000 8.391725e+03 
3000000000 8.404625e+03 

END
