IGOR
WAVES/D/O sweep,sig(1) 
BEGIN
2570000000 8.223025e+03 
2.572150e+09 8.207600e+03 
2574300000 8.219950e+03 
2576450000 8.202825e+03 
2578600000 8.224575e+03 
2.580750e+09 8.187850e+03 
2582900000 8.176375e+03 
2585050000 8.202950e+03 
2.587200e+09 8.205600e+03 
2589350000 8.180850e+03 
2591500000 8.200325e+03 
2593650000 8.189125e+03 
2.595800e+09 8.195450e+03 
2597950000 8.211475e+03 
2600100000 8.221800e+03 
2.602250e+09 8.202875e+03 
2604400000 8.193475e+03 
2606550000 8.200225e+03 
2608700000 8.175775e+03 
2.610850e+09 8.189625e+03 
2613000000 8.192650e+03 
2615150000 8.195300e+03 
2.617300e+09 8.219075e+03 
2619450000 8.189700e+03 
2621600000 8.169600e+03 
2623750000 8.160625e+03 
2.625900e+09 8.154325e+03 
2628050000 8.173525e+03 
2630200000 8.159825e+03 
2.632350e+09 8.137400e+03 
2634500000 8.164475e+03 
2636650000 8.174525e+03 
2638800000 8.192250e+03 
2.640950e+09 8.179200e+03 
2643100000 8.182325e+03 
2645250000 8.192650e+03 
2.647400e+09 8.204175e+03 
2649550000 8.197525e+03 
2651700000 8.243625e+03 
2653850000 8.202525e+03 
2.656000e+09 8.213775e+03 
2658150000 8.198875e+03 
2660300000 8.181800e+03 
2.662450e+09 8.175925e+03 
2664600000 8.148275e+03 
2666750000 8.133725e+03 
2668900000 8.124175e+03 
2.671050e+09 8.125450e+03 
2673200000 8.130325e+03 
2675350000 8.143450e+03 
2677500000 8167 
2679650000 8.169575e+03 
2681800000 8.184600e+03 
2683950000 8.186900e+03 
2.686100e+09 8.210375e+03 
2688250000 8.214850e+03 
2690400000 8.208525e+03 
2692550000 8.181700e+03 
2694700000 8.161375e+03 
2696850000 8.187150e+03 
2699000000 8.162300e+03 
2.701150e+09 8.141600e+03 
2703300000 8.153475e+03 
2705450000 8.146300e+03 
2707600000 8.113775e+03 
2.709750e+09 8.139125e+03 
2711900000 8.156950e+03 
2714050000 8.137075e+03 
2.716200e+09 8.173650e+03 
2718350000 8.203700e+03 
2720500000 8.187900e+03 
2722650000 8.182800e+03 
2724800000 8.224675e+03 
2726950000 8.179525e+03 
2729100000 8.177850e+03 
2.731250e+09 8.173850e+03 
2733400000 8.172175e+03 
2735550000 8.172600e+03 
2737700000 8.156875e+03 
2.739850e+09 8.178525e+03 
2742000000 8.188275e+03 
2744150000 8.192325e+03 
2.746300e+09 8171 
2748450000 8.162600e+03 
2750600000 8.183700e+03 
2752750000 8.218925e+03 
2754900000 8.204125e+03 
2757050000 8.202250e+03 
2759200000 8.201525e+03 
2.761350e+09 8.190900e+03 
2763500000 8190 
2765650000 8.218575e+03 
2767800000 8.185300e+03 
2.769950e+09 8.196950e+03 
2772100000 8.209375e+03 
2774250000 8.217600e+03 
2.776400e+09 8.213400e+03 
2778550000 8.209050e+03 
2780700000 8.180225e+03 
2782850000 8.196425e+03 
2785000000 8.212550e+03 
2787150000 8.207625e+03 
2789300000 8.191275e+03 
2791450000 8.206075e+03 
2793600000 8.206775e+03 
2795750000 8.193750e+03 
2797900000 8.196800e+03 
2.800050e+09 8.181225e+03 
2802200000 8.187375e+03 
2804350000 8.191450e+03 
2806500000 8.188275e+03 
2808650000 8.181200e+03 
2810800000 8.194225e+03 
2812950000 8.209350e+03 
2815100000 8.206950e+03 
2817250000 8.172125e+03 
2819400000 8.183725e+03 
2821550000 8.175850e+03 
2823700000 8.159800e+03 
2825850000 8.186125e+03 
2828000000 8.196400e+03 
2.830150e+09 8.191500e+03 
2832300000 8.188475e+03 
2834450000 8.169500e+03 
2836600000 8.188850e+03 
2838750000 8.191775e+03 
2840900000 8.169325e+03 
2843050000 8198 
2845200000 8.205325e+03 
2847350000 8.224225e+03 
2849500000 8.201075e+03 
2851650000 8.193525e+03 
2853800000 8.181950e+03 
2855950000 8.187650e+03 
2858100000 8.191650e+03 
2.860250e+09 8.189300e+03 
2862400000 8.204200e+03 
2864550000 8.203225e+03 
2866700000 8.182475e+03 
2868850000 8.188850e+03 
2871000000 8.178700e+03 
2873150000 8.207550e+03 
2875300000 8.190475e+03 
2877450000 8.207125e+03 
2879600000 8177 
2881750000 8.193200e+03 
2883900000 8.193525e+03 
2886050000 8.189950e+03 
2888200000 8.204825e+03 
2.890350e+09 8.201400e+03 
2892500000 8.187750e+03 
2894650000 8.186250e+03 
2896800000 8.177700e+03 
2898950000 8.202475e+03 
2901100000 8.185150e+03 
2903250000 8.182350e+03 
2905400000 8.163450e+03 
2907550000 8.201900e+03 
2909700000 8.197925e+03 
2911850000 8.191825e+03 
2914000000 8.181650e+03 
2916150000 8.195500e+03 
2918300000 8.193025e+03 
2920450000 8.202425e+03 
2922600000 8.196250e+03 
2924750000 8.194700e+03 
2926900000 8.206425e+03 
2929050000 8.203675e+03 
2931200000 8.181275e+03 
2933350000 8.195975e+03 
2935500000 8.203325e+03 
2937650000 8.191325e+03 
2939800000 8.191500e+03 
2941950000 8.201625e+03 
2.944100e+09 8.216225e+03 
2946250000 8.190475e+03 
2948400000 8.178725e+03 
2950550000 8.206950e+03 
2952700000 8.207550e+03 
2954850000 8.212250e+03 
2957000000 8.202550e+03 
2959150000 8.198950e+03 
2961300000 8.185700e+03 
2963450000 8.203675e+03 
2965600000 8.189325e+03 
2967750000 8.205675e+03 
2969900000 8.211025e+03 
2972050000 8.200900e+03 
2974200000 8.202175e+03 
2976350000 8.163750e+03 
2978500000 8.217375e+03 
2980650000 8.199325e+03 
2982800000 8.217725e+03 
2984950000 8.194250e+03 
2987100000 8.194775e+03 
2989250000 8.201400e+03 
2991400000 8.184300e+03 
2993550000 8.198700e+03 
2995700000 8.190150e+03 
2997850000 8.214075e+03 
3000000000 8.186850e+03 

END
