IGOR
WAVES/D/O sweep,sig(1) 
BEGIN
2570000000 8.321275e+03 
2.572150e+09 8.329300e+03 
2574300000 8.326100e+03 
2576450000 8.314125e+03 
2578600000 8.307075e+03 
2.580750e+09 8.329975e+03 
2582900000 8.283700e+03 
2585050000 8.315050e+03 
2.587200e+09 8.293200e+03 
2589350000 8.319675e+03 
2591500000 8.325275e+03 
2593650000 8.315700e+03 
2.595800e+09 8.300825e+03 
2597950000 8.313875e+03 
2600100000 8.317850e+03 
2.602250e+09 8.313600e+03 
2604400000 8.314425e+03 
2606550000 8.297175e+03 
2608700000 8.338400e+03 
2.610850e+09 8.314125e+03 
2613000000 8.333825e+03 
2615150000 8.317975e+03 
2.617300e+09 8.311850e+03 
2619450000 8.283325e+03 
2621600000 8.294625e+03 
2623750000 8.293400e+03 
2.625900e+09 8.274600e+03 
2628050000 8.269225e+03 
2630200000 8.264475e+03 
2.632350e+09 8.253200e+03 
2634500000 8.252450e+03 
2636650000 8.249775e+03 
2638800000 8.282800e+03 
2.640950e+09 8.249575e+03 
2643100000 8.301825e+03 
2645250000 8.322875e+03 
2.647400e+09 8.312750e+03 
2649550000 8.314925e+03 
2651700000 8.314700e+03 
2653850000 8.314725e+03 
2.656000e+09 8.285100e+03 
2658150000 8.277400e+03 
2660300000 8.295225e+03 
2.662450e+09 8.277050e+03 
2664600000 8.255550e+03 
2666750000 8.247950e+03 
2668900000 8246 
2.671050e+09 8.255825e+03 
2673200000 8.215500e+03 
2675350000 8.244625e+03 
2677500000 8.270175e+03 
2679650000 8.276125e+03 
2681800000 8.286275e+03 
2683950000 8.292925e+03 
2.686100e+09 8.274400e+03 
2688250000 8.315750e+03 
2690400000 8.305925e+03 
2692550000 8.241850e+03 
2694700000 8.264275e+03 
2696850000 8.277175e+03 
2699000000 8.248200e+03 
2.701150e+09 8.244225e+03 
2703300000 8.221175e+03 
2705450000 8.221875e+03 
2707600000 8.222150e+03 
2.709750e+09 8.243525e+03 
2711900000 8.246650e+03 
2714050000 8.259100e+03 
2.716200e+09 8.280500e+03 
2718350000 8.288225e+03 
2720500000 8.273975e+03 
2722650000 8.288650e+03 
2724800000 8.295200e+03 
2726950000 8.293275e+03 
2729100000 8.295475e+03 
2.731250e+09 8.293575e+03 
2733400000 8.284150e+03 
2735550000 8.248125e+03 
2737700000 8.249725e+03 
2.739850e+09 8.261550e+03 
2742000000 8.276750e+03 
2744150000 8.272850e+03 
2.746300e+09 8.258275e+03 
2748450000 8.263500e+03 
2750600000 8.295475e+03 
2752750000 8.275400e+03 
2754900000 8.306250e+03 
2757050000 8.311675e+03 
2759200000 8.305200e+03 
2.761350e+09 8.279250e+03 
2763500000 8.308500e+03 
2765650000 8.293675e+03 
2767800000 8.305600e+03 
2.769950e+09 8.286375e+03 
2772100000 8.320700e+03 
2774250000 8.293950e+03 
2.776400e+09 8.308125e+03 
2778550000 8.322650e+03 
2780700000 8.285250e+03 
2782850000 8.297900e+03 
2785000000 8.309725e+03 
2787150000 8.313675e+03 
2789300000 8.294850e+03 
2791450000 8.282175e+03 
2793600000 8.277425e+03 
2795750000 8.285975e+03 
2797900000 8.305800e+03 
2.800050e+09 8.289400e+03 
2802200000 8.318625e+03 
2804350000 8.312500e+03 
2806500000 8.302725e+03 
2808650000 8.306400e+03 
2810800000 8.310225e+03 
2812950000 8.279975e+03 
2815100000 8.312750e+03 
2817250000 8.295575e+03 
2819400000 8.302750e+03 
2821550000 8.313475e+03 
2823700000 8.292575e+03 
2825850000 8.299525e+03 
2828000000 8.301225e+03 
2.830150e+09 8.293100e+03 
2832300000 8.287025e+03 
2834450000 8.313050e+03 
2836600000 8.309475e+03 
2838750000 8.343400e+03 
2840900000 8.309400e+03 
2843050000 8.317125e+03 
2845200000 8.309700e+03 
2847350000 8.324200e+03 
2849500000 8.298575e+03 
2851650000 8.282950e+03 
2853800000 8.295575e+03 
2855950000 8.297075e+03 
2858100000 8.306575e+03 
2.860250e+09 8.314350e+03 
2862400000 8.300175e+03 
2864550000 8.311350e+03 
2866700000 8.305900e+03 
2868850000 8.292900e+03 
2871000000 8.264200e+03 
2873150000 8.274775e+03 
2875300000 8.286250e+03 
2877450000 8.280900e+03 
2879600000 8.279525e+03 
2881750000 8.305300e+03 
2883900000 8.302925e+03 
2886050000 8.302400e+03 
2888200000 8.300675e+03 
2.890350e+09 8.306650e+03 
2892500000 8.300925e+03 
2894650000 8.265475e+03 
2896800000 8.289450e+03 
2898950000 8.299525e+03 
2901100000 8.312825e+03 
2903250000 8.296275e+03 
2905400000 8.292600e+03 
2907550000 8.297675e+03 
2909700000 8.299725e+03 
2911850000 8.297850e+03 
2914000000 8.308350e+03 
2916150000 8.296775e+03 
2918300000 8.299525e+03 
2920450000 8.301350e+03 
2922600000 8.295175e+03 
2924750000 8.300250e+03 
2926900000 8.307250e+03 
2929050000 8.295150e+03 
2931200000 8.282225e+03 
2933350000 8.294275e+03 
2935500000 8.304350e+03 
2937650000 8.311100e+03 
2939800000 8.295325e+03 
2941950000 8.282325e+03 
2.944100e+09 8.290600e+03 
2946250000 8.301175e+03 
2948400000 8.300850e+03 
2950550000 8.300475e+03 
2952700000 8.312775e+03 
2954850000 8.307800e+03 
2957000000 8.279500e+03 
2959150000 8.312500e+03 
2961300000 8.312325e+03 
2963450000 8.329675e+03 
2965600000 8.299225e+03 
2967750000 8.296425e+03 
2969900000 8.310025e+03 
2972050000 8.294625e+03 
2974200000 8.329475e+03 
2976350000 8.300775e+03 
2978500000 8.312300e+03 
2980650000 8.303975e+03 
2982800000 8.294750e+03 
2984950000 8.288375e+03 
2987100000 8.302850e+03 
2989250000 8.299150e+03 
2991400000 8.292800e+03 
2993550000 8.310225e+03 
2995700000 8.300050e+03 
2997850000 8.308600e+03 
3000000000 8.301025e+03 

END
