IGOR
WAVES/D/O sweep,sig(1) 
BEGIN
2570000000 8.264400e+03 
2.572150e+09 8.252475e+03 
2574300000 8.263300e+03 
2576450000 8.251275e+03 
2578600000 8.257550e+03 
2.580750e+09 8.244875e+03 
2582900000 8.253500e+03 
2585050000 8.253100e+03 
2.587200e+09 8.250725e+03 
2589350000 8.237500e+03 
2591500000 8.249800e+03 
2593650000 8.255425e+03 
2.595800e+09 8.259025e+03 
2597950000 8.240500e+03 
2600100000 8.282100e+03 
2.602250e+09 8.276225e+03 
2604400000 8.259275e+03 
2606550000 8.270225e+03 
2608700000 8.269275e+03 
2.610850e+09 8.273675e+03 
2613000000 8.251175e+03 
2615150000 8245 
2.617300e+09 8.249625e+03 
2619450000 8.251225e+03 
2621600000 8258 
2623750000 8.236700e+03 
2.625900e+09 8.226225e+03 
2628050000 8.248675e+03 
2630200000 8.238175e+03 
2.632350e+09 8.217600e+03 
2634500000 8.211400e+03 
2636650000 8.228700e+03 
2638800000 8.223300e+03 
2.640950e+09 8.247250e+03 
2643100000 8.254325e+03 
2645250000 8.243900e+03 
2.647400e+09 8.264800e+03 
2649550000 8.241225e+03 
2651700000 8.235675e+03 
2653850000 8.239275e+03 
2.656000e+09 8.234325e+03 
2658150000 8.244750e+03 
2660300000 8.241350e+03 
2.662450e+09 8.223875e+03 
2664600000 8.210750e+03 
2666750000 8.195625e+03 
2668900000 8.165200e+03 
2.671050e+09 8.198525e+03 
2673200000 8.188725e+03 
2675350000 8.206200e+03 
2677500000 8.198700e+03 
2679650000 8.235700e+03 
2681800000 8.246450e+03 
2683950000 8.261475e+03 
2.686100e+09 8.261775e+03 
2688250000 8.247275e+03 
2690400000 8.256950e+03 
2692550000 8.230575e+03 
2694700000 8.232750e+03 
2696850000 8.247275e+03 
2699000000 8.239075e+03 
2.701150e+09 8.197550e+03 
2703300000 8.203750e+03 
2705450000 8.178100e+03 
2707600000 8.194975e+03 
2.709750e+09 8.198950e+03 
2711900000 8.195775e+03 
2714050000 8.212975e+03 
2.716200e+09 8.237925e+03 
2718350000 8.257700e+03 
2720500000 8.257900e+03 
2722650000 8.251300e+03 
2724800000 8.262025e+03 
2726950000 8.278825e+03 
2729100000 8.234225e+03 
2.731250e+09 8.240300e+03 
2733400000 8.244125e+03 
2735550000 8.244325e+03 
2737700000 8.223775e+03 
2.739850e+09 8.219375e+03 
2742000000 8.211600e+03 
2744150000 8.218300e+03 
2.746300e+09 8.208125e+03 
2748450000 8.225375e+03 
2750600000 8.198250e+03 
2752750000 8.265600e+03 
2754900000 8.257650e+03 
2757050000 8.219550e+03 
2759200000 8.256775e+03 
2.761350e+09 8.250325e+03 
2763500000 8.218950e+03 
2765650000 8.233925e+03 
2767800000 8.236850e+03 
2.769950e+09 8.241600e+03 
2772100000 8.242850e+03 
2774250000 8.252325e+03 
2.776400e+09 8.250175e+03 
2778550000 8.231775e+03 
2780700000 8.249125e+03 
2782850000 8.233900e+03 
2785000000 8.237600e+03 
2787150000 8.255750e+03 
2789300000 8.251900e+03 
2791450000 8.253075e+03 
2793600000 8.213075e+03 
2795750000 8.230650e+03 
2797900000 8.241625e+03 
2.800050e+09 8.236450e+03 
2802200000 8.215500e+03 
2804350000 8.234325e+03 
2806500000 8.234700e+03 
2808650000 8.225100e+03 
2810800000 8.250100e+03 
2812950000 8.247525e+03 
2815100000 8.259950e+03 
2817250000 8.254425e+03 
2819400000 8.249750e+03 
2821550000 8225 
2823700000 8.258800e+03 
2825850000 8.254750e+03 
2828000000 8.258350e+03 
2.830150e+09 8.246750e+03 
2832300000 8.250075e+03 
2834450000 8.244850e+03 
2836600000 8.236050e+03 
2838750000 8.229575e+03 
2840900000 8.257650e+03 
2843050000 8.231850e+03 
2845200000 8.248475e+03 
2847350000 8.258775e+03 
2849500000 8.226525e+03 
2851650000 8.236600e+03 
2853800000 8.241600e+03 
2855950000 8.254525e+03 
2858100000 8.234600e+03 
2.860250e+09 8.255150e+03 
2862400000 8.233700e+03 
2864550000 8.254225e+03 
2866700000 8.256950e+03 
2868850000 8.274600e+03 
2871000000 8.247050e+03 
2873150000 8.250350e+03 
2875300000 8.229250e+03 
2877450000 8.238425e+03 
2879600000 8.249450e+03 
2881750000 8.252100e+03 
2883900000 8.256500e+03 
2886050000 8.250375e+03 
2888200000 8.258750e+03 
2.890350e+09 8.233475e+03 
2892500000 8.269875e+03 
2894650000 8.256675e+03 
2896800000 8.255275e+03 
2898950000 8.248550e+03 
2901100000 8.253075e+03 
2903250000 8.245650e+03 
2905400000 8.252100e+03 
2907550000 8.245900e+03 
2909700000 8.238525e+03 
2911850000 8.221550e+03 
2914000000 8.240825e+03 
2916150000 8.249575e+03 
2918300000 8.269350e+03 
2920450000 8.224800e+03 
2922600000 8.234650e+03 
2924750000 8.202800e+03 
2926900000 8.217675e+03 
2929050000 8.219275e+03 
2931200000 8.219275e+03 
2933350000 8.252425e+03 
2935500000 8.251575e+03 
2937650000 8.239050e+03 
2939800000 8.239225e+03 
2941950000 8.231500e+03 
2.944100e+09 8.261975e+03 
2946250000 8.260600e+03 
2948400000 8.249025e+03 
2950550000 8.264025e+03 
2952700000 8.228225e+03 
2954850000 8.261550e+03 
2957000000 8.248750e+03 
2959150000 8.232125e+03 
2961300000 8.278850e+03 
2963450000 8.249900e+03 
2965600000 8.229450e+03 
2967750000 8.256200e+03 
2969900000 8.227875e+03 
2972050000 8.223450e+03 
2974200000 8.241125e+03 
2976350000 8.250175e+03 
2978500000 8.248725e+03 
2980650000 8.249125e+03 
2982800000 8.245550e+03 
2984950000 8.256100e+03 
2987100000 8.244725e+03 
2989250000 8.256275e+03 
2991400000 8234 
2993550000 8.239750e+03 
2995700000 8.256875e+03 
2997850000 8.250800e+03 
3000000000 8.259725e+03 

END
