IGOR
WAVES/D/O sweep,sig(1) 
BEGIN
2570000000 8.194375e+03 
2.572150e+09 8.210725e+03 
2574300000 8.213550e+03 
2576450000 8.215150e+03 
2578600000 8.210675e+03 
2.580750e+09 8.215150e+03 
2582900000 8.225750e+03 
2585050000 8.222625e+03 
2.587200e+09 8.176200e+03 
2589350000 8.201050e+03 
2591500000 8.207025e+03 
2593650000 8.216425e+03 
2.595800e+09 8.234775e+03 
2597950000 8.202850e+03 
2600100000 8.214575e+03 
2.602250e+09 8.211750e+03 
2604400000 8.224725e+03 
2606550000 8.204850e+03 
2608700000 8.212100e+03 
2.610850e+09 8.238675e+03 
2613000000 8.239500e+03 
2615150000 8.204375e+03 
2.617300e+09 8.221825e+03 
2619450000 8.201650e+03 
2621600000 8.201275e+03 
2623750000 8.199850e+03 
2.625900e+09 8.189500e+03 
2628050000 8.167750e+03 
2630200000 8.192725e+03 
2.632350e+09 8.170075e+03 
2634500000 8.175400e+03 
2636650000 8.174275e+03 
2638800000 8.193150e+03 
2.640950e+09 8.195750e+03 
2643100000 8.175275e+03 
2645250000 8.170175e+03 
2.647400e+09 8.225725e+03 
2649550000 8.205300e+03 
2651700000 8.207425e+03 
2653850000 8.218325e+03 
2.656000e+09 8.209625e+03 
2658150000 8233 
2660300000 8.195150e+03 
2.662450e+09 8.191650e+03 
2664600000 8.155625e+03 
2666750000 8.143575e+03 
2668900000 8.139150e+03 
2.671050e+09 8.146400e+03 
2673200000 8.167250e+03 
2675350000 8.161175e+03 
2677500000 8.157250e+03 
2679650000 8.154300e+03 
2681800000 8.198125e+03 
2683950000 8.212725e+03 
2.686100e+09 8.218025e+03 
2688250000 8.266175e+03 
2690400000 8.205525e+03 
2692550000 8.204275e+03 
2694700000 8.231850e+03 
2696850000 8.161900e+03 
2699000000 8.200425e+03 
2.701150e+09 8.165800e+03 
2703300000 8.143725e+03 
2705450000 8.137825e+03 
2707600000 8.156175e+03 
2.709750e+09 8.177175e+03 
2711900000 8.201650e+03 
2714050000 8.207800e+03 
2.716200e+09 8.178650e+03 
2718350000 8.226375e+03 
2720500000 8.224650e+03 
2722650000 8.223375e+03 
2724800000 8.225775e+03 
2726950000 8.230025e+03 
2729100000 8.221075e+03 
2.731250e+09 8.209400e+03 
2733400000 8.193200e+03 
2735550000 8.205325e+03 
2737700000 8.192700e+03 
2.739850e+09 8.172375e+03 
2742000000 8.178650e+03 
2744150000 8.189800e+03 
2.746300e+09 8.196575e+03 
2748450000 8.191350e+03 
2750600000 8.216425e+03 
2752750000 8.223625e+03 
2754900000 8.220550e+03 
2757050000 8.195575e+03 
2759200000 8.220500e+03 
2.761350e+09 8.239950e+03 
2763500000 8.221500e+03 
2765650000 8.236025e+03 
2767800000 8.193750e+03 
2.769950e+09 8.208550e+03 
2772100000 8.228375e+03 
2774250000 8.223825e+03 
2.776400e+09 8.212175e+03 
2778550000 8229 
2780700000 8.233825e+03 
2782850000 8.216175e+03 
2785000000 8.241125e+03 
2787150000 8.224900e+03 
2789300000 8.216475e+03 
2791450000 8.219950e+03 
2793600000 8.237300e+03 
2795750000 8.235475e+03 
2797900000 8.239475e+03 
2.800050e+09 8.257300e+03 
2802200000 8.213525e+03 
2804350000 8.212125e+03 
2806500000 8.229600e+03 
2808650000 8.223300e+03 
2810800000 8.245075e+03 
2812950000 8.229825e+03 
2815100000 8.239950e+03 
2817250000 8.216600e+03 
2819400000 8.205975e+03 
2821550000 8.225500e+03 
2823700000 8.250575e+03 
2825850000 8.237650e+03 
2828000000 8.244150e+03 
2.830150e+09 8.274150e+03 
2832300000 8.263650e+03 
2834450000 8.250050e+03 
2836600000 8.263500e+03 
2838750000 8.242200e+03 
2840900000 8.252050e+03 
2843050000 8.231625e+03 
2845200000 8.230750e+03 
2847350000 8.231200e+03 
2849500000 8.245325e+03 
2851650000 8.240750e+03 
2853800000 8.241800e+03 
2855950000 8.247425e+03 
2858100000 8.253600e+03 
2.860250e+09 8.230175e+03 
2862400000 8.244900e+03 
2864550000 8.250925e+03 
2866700000 8.229950e+03 
2868850000 8.237700e+03 
2871000000 8.219975e+03 
2873150000 8.243800e+03 
2875300000 8.221175e+03 
2877450000 8.241300e+03 
2879600000 8.230925e+03 
2881750000 8.233675e+03 
2883900000 8.210300e+03 
2886050000 8.239525e+03 
2888200000 8.240775e+03 
2.890350e+09 8.253550e+03 
2892500000 8.243475e+03 
2894650000 8.251100e+03 
2896800000 8.238850e+03 
2898950000 8.244775e+03 
2901100000 8.226375e+03 
2903250000 8.238725e+03 
2905400000 8.255850e+03 
2907550000 8.238375e+03 
2909700000 8.244150e+03 
2911850000 8.246025e+03 
2914000000 8.267750e+03 
2916150000 8.276175e+03 
2918300000 8.247100e+03 
2920450000 8.261075e+03 
2922600000 8.236975e+03 
2924750000 8.234125e+03 
2926900000 8.258900e+03 
2929050000 8.278525e+03 
2931200000 8.230775e+03 
2933350000 8.239900e+03 
2935500000 8.245525e+03 
2937650000 8222 
2939800000 8.243450e+03 
2941950000 8.242650e+03 
2.944100e+09 8.241825e+03 
2946250000 8.273850e+03 
2948400000 8.280275e+03 
2950550000 8.232200e+03 
2952700000 8.265225e+03 
2954850000 8.206850e+03 
2957000000 8.210650e+03 
2959150000 8.227650e+03 
2961300000 8.257025e+03 
2963450000 8.233675e+03 
2965600000 8.260050e+03 
2967750000 8.227500e+03 
2969900000 8.252625e+03 
2972050000 8.240700e+03 
2974200000 8.238425e+03 
2976350000 8.241400e+03 
2978500000 8.251850e+03 
2980650000 8.233075e+03 
2982800000 8.238800e+03 
2984950000 8.250100e+03 
2987100000 8.256050e+03 
2989250000 8.272200e+03 
2991400000 8.226300e+03 
2993550000 8.250250e+03 
2995700000 8.213550e+03 
2997850000 8.241200e+03 
3000000000 8.253300e+03 

END
