IGOR
WAVES/D/O sweep,sig(1) 
BEGIN
2570000000 8.078875e+03 
2.572150e+09 8.069800e+03 
2574300000 8.083100e+03 
2576450000 8.069475e+03 
2578600000 8.073200e+03 
2.580750e+09 8.082750e+03 
2582900000 8.059925e+03 
2585050000 8.065025e+03 
2.587200e+09 8.061900e+03 
2589350000 8.066350e+03 
2591500000 8.064150e+03 
2593650000 8.074775e+03 
2.595800e+09 8.072500e+03 
2597950000 8.067275e+03 
2600100000 8.069275e+03 
2.602250e+09 8.075125e+03 
2604400000 8.082625e+03 
2606550000 8.075025e+03 
2608700000 8.069575e+03 
2.610850e+09 8.095675e+03 
2613000000 8.069275e+03 
2615150000 8.070750e+03 
2.617300e+09 8.062400e+03 
2619450000 8.079525e+03 
2621600000 8.073350e+03 
2623750000 8.054875e+03 
2.625900e+09 8.032250e+03 
2628050000 8.037950e+03 
2630200000 8.041725e+03 
2.632350e+09 8.034675e+03 
2634500000 8.033475e+03 
2636650000 8.043150e+03 
2638800000 8.041625e+03 
2.640950e+09 8.043275e+03 
2643100000 8.068025e+03 
2645250000 8.049250e+03 
2.647400e+09 8.069375e+03 
2649550000 8.051725e+03 
2651700000 8.059975e+03 
2653850000 8.086650e+03 
2.656000e+09 8.075225e+03 
2658150000 8.082350e+03 
2660300000 8.037800e+03 
2.662450e+09 8.030400e+03 
2664600000 8.021475e+03 
2666750000 8.033300e+03 
2668900000 8.020800e+03 
2.671050e+09 8.019975e+03 
2673200000 8.000725e+03 
2675350000 8.030575e+03 
2677500000 8.023500e+03 
2679650000 8.053375e+03 
2681800000 8.056150e+03 
2683950000 8.079475e+03 
2.686100e+09 8.074775e+03 
2688250000 8.073650e+03 
2690400000 8.066775e+03 
2692550000 8.061875e+03 
2694700000 8.058050e+03 
2696850000 8.044300e+03 
2699000000 8.046375e+03 
2.701150e+09 8.028025e+03 
2703300000 8.008800e+03 
2705450000 7.999450e+03 
2707600000 8.012175e+03 
2.709750e+09 8.005700e+03 
2711900000 8.039925e+03 
2714050000 8.034050e+03 
2.716200e+09 8.077875e+03 
2718350000 8.087225e+03 
2720500000 8.073700e+03 
2722650000 8.067100e+03 
2724800000 8.082600e+03 
2726950000 8.066350e+03 
2729100000 8.066425e+03 
2.731250e+09 8.066550e+03 
2733400000 8.048650e+03 
2735550000 8.044250e+03 
2737700000 8.030950e+03 
2.739850e+09 8.037875e+03 
2742000000 8.029775e+03 
2744150000 8.043825e+03 
2.746300e+09 8.043575e+03 
2748450000 8.046300e+03 
2750600000 8.050575e+03 
2752750000 8.063175e+03 
2754900000 8.068800e+03 
2757050000 8.090025e+03 
2759200000 8.076825e+03 
2.761350e+09 8.076850e+03 
2763500000 8.098750e+03 
2765650000 8.091500e+03 
2767800000 8.090150e+03 
2.769950e+09 8.080525e+03 
2772100000 8.072050e+03 
2774250000 8.081500e+03 
2.776400e+09 8.056950e+03 
2778550000 8.067100e+03 
2780700000 8.087100e+03 
2782850000 8.073375e+03 
2785000000 8.063725e+03 
2787150000 8.105450e+03 
2789300000 8.076400e+03 
2791450000 8.087725e+03 
2793600000 8.071425e+03 
2795750000 8.072075e+03 
2797900000 8.068075e+03 
2.800050e+09 8.085975e+03 
2802200000 8.074875e+03 
2804350000 8.067850e+03 
2806500000 8.075925e+03 
2808650000 8.071025e+03 
2810800000 8.073500e+03 
2812950000 8.048675e+03 
2815100000 8.076125e+03 
2817250000 8.073875e+03 
2819400000 8.062325e+03 
2821550000 8.082850e+03 
2823700000 8.076425e+03 
2825850000 8.082650e+03 
2828000000 8.072400e+03 
2.830150e+09 8.078725e+03 
2832300000 8.066850e+03 
2834450000 8.068850e+03 
2836600000 8.075300e+03 
2838750000 8081 
2840900000 8.073750e+03 
2843050000 8.088375e+03 
2845200000 8.086950e+03 
2847350000 8.074300e+03 
2849500000 8.084050e+03 
2851650000 8.073350e+03 
2853800000 8.089250e+03 
2855950000 8.080375e+03 
2858100000 8.086600e+03 
2.860250e+09 8.085375e+03 
2862400000 8.092350e+03 
2864550000 8.090275e+03 
2866700000 8.076875e+03 
2868850000 8.081225e+03 
2871000000 8.083975e+03 
2873150000 8.080100e+03 
2875300000 8.083100e+03 
2877450000 8.078625e+03 
2879600000 8.087225e+03 
2881750000 8.066650e+03 
2883900000 8.089175e+03 
2886050000 8.061800e+03 
2888200000 8.076775e+03 
2.890350e+09 8.076100e+03 
2892500000 8.059325e+03 
2894650000 8.066300e+03 
2896800000 8.073250e+03 
2898950000 8.069175e+03 
2901100000 8.075900e+03 
2903250000 8.092825e+03 
2905400000 8089 
2907550000 8.054200e+03 
2909700000 8.066275e+03 
2911850000 8.070725e+03 
2914000000 8.060500e+03 
2916150000 8.086800e+03 
2918300000 8.047450e+03 
2920450000 8.062850e+03 
2922600000 8.079150e+03 
2924750000 8073 
2926900000 8.057925e+03 
2929050000 8.072900e+03 
2931200000 8.078425e+03 
2933350000 8.077325e+03 
2935500000 8.084450e+03 
2937650000 8.068325e+03 
2939800000 8.070800e+03 
2941950000 8.086600e+03 
2.944100e+09 8.053400e+03 
2946250000 8.063225e+03 
2948400000 8.065500e+03 
2950550000 8.060375e+03 
2952700000 8.044875e+03 
2954850000 8.064125e+03 
2957000000 8.035750e+03 
2959150000 8.060175e+03 
2961300000 8.052700e+03 
2963450000 8.068650e+03 
2965600000 8.070200e+03 
2967750000 8.059275e+03 
2969900000 8.069950e+03 
2972050000 8.069850e+03 
2974200000 8.057750e+03 
2976350000 8.060375e+03 
2978500000 8.048750e+03 
2980650000 8.068725e+03 
2982800000 8.073100e+03 
2984950000 8.077275e+03 
2987100000 8.049350e+03 
2989250000 8.083800e+03 
2991400000 8.040950e+03 
2993550000 8.075675e+03 
2995700000 8054 
2997850000 8.069725e+03 
3000000000 8.046925e+03 

END
