IGOR
WAVES/D/O sweep,sig(1) 
BEGIN
2570000000 8.247475e+03 
2.572150e+09 8.256400e+03 
2574300000 8.244525e+03 
2576450000 8.249750e+03 
2578600000 8.247800e+03 
2.580750e+09 8.224175e+03 
2582900000 8.241575e+03 
2585050000 8.236100e+03 
2.587200e+09 8.250375e+03 
2589350000 8.257175e+03 
2591500000 8.249950e+03 
2593650000 8.261700e+03 
2.595800e+09 8.240425e+03 
2597950000 8.259300e+03 
2600100000 8.245300e+03 
2.602250e+09 8.238875e+03 
2604400000 8.255250e+03 
2606550000 8.254675e+03 
2608700000 8.255425e+03 
2.610850e+09 8.241975e+03 
2613000000 8242 
2615150000 8.226825e+03 
2.617300e+09 8.247600e+03 
2619450000 8.226225e+03 
2621600000 8.227950e+03 
2623750000 8.199275e+03 
2.625900e+09 8.211050e+03 
2628050000 8199 
2630200000 8.227425e+03 
2.632350e+09 8.194775e+03 
2634500000 8.201375e+03 
2636650000 8.209525e+03 
2638800000 8.203450e+03 
2.640950e+09 8.222675e+03 
2643100000 8.225400e+03 
2645250000 8.200925e+03 
2.647400e+09 8.241425e+03 
2649550000 8.245050e+03 
2651700000 8.261775e+03 
2653850000 8.222675e+03 
2.656000e+09 8.218625e+03 
2658150000 8.215550e+03 
2660300000 8.236300e+03 
2.662450e+09 8.234975e+03 
2664600000 8.204675e+03 
2666750000 8.191350e+03 
2668900000 8.166175e+03 
2.671050e+09 8.164425e+03 
2673200000 8.200550e+03 
2675350000 8.202025e+03 
2677500000 8.204625e+03 
2679650000 8.234900e+03 
2681800000 8.217875e+03 
2683950000 8.257675e+03 
2.686100e+09 8.219250e+03 
2688250000 8.236875e+03 
2690400000 8.256800e+03 
2692550000 8.231800e+03 
2694700000 8.233175e+03 
2696850000 8.208875e+03 
2699000000 8.210425e+03 
2.701150e+09 8.200550e+03 
2703300000 8.186075e+03 
2705450000 8.193750e+03 
2707600000 8.180600e+03 
2.709750e+09 8.157950e+03 
2711900000 8205 
2714050000 8.233100e+03 
2.716200e+09 8.219925e+03 
2718350000 8219 
2720500000 8.241775e+03 
2722650000 8.240275e+03 
2724800000 8.256775e+03 
2726950000 8.235175e+03 
2729100000 8.240400e+03 
2.731250e+09 8.221800e+03 
2733400000 8.231925e+03 
2735550000 8.224475e+03 
2737700000 8.211150e+03 
2.739850e+09 8.195800e+03 
2742000000 8.195525e+03 
2744150000 8.237800e+03 
2.746300e+09 8.244275e+03 
2748450000 8.183500e+03 
2750600000 8.226725e+03 
2752750000 8.250175e+03 
2754900000 8.219400e+03 
2757050000 8.215250e+03 
2759200000 8.238225e+03 
2.761350e+09 8.250150e+03 
2763500000 8.243625e+03 
2765650000 8.206850e+03 
2767800000 8.254475e+03 
2.769950e+09 8.235350e+03 
2772100000 8.235100e+03 
2774250000 8.240250e+03 
2.776400e+09 8.228150e+03 
2778550000 8.224050e+03 
2780700000 8.239850e+03 
2782850000 8.236075e+03 
2785000000 8.235050e+03 
2787150000 8.229150e+03 
2789300000 8.253600e+03 
2791450000 8.227525e+03 
2793600000 8.223950e+03 
2795750000 8.257725e+03 
2797900000 8.239375e+03 
2.800050e+09 8.229675e+03 
2802200000 8.233850e+03 
2804350000 8.234425e+03 
2806500000 8.238525e+03 
2808650000 8.262675e+03 
2810800000 8.229175e+03 
2812950000 8.239575e+03 
2815100000 8.226750e+03 
2817250000 8.229225e+03 
2819400000 8.215950e+03 
2821550000 8.212225e+03 
2823700000 8.220700e+03 
2825850000 8.230325e+03 
2828000000 8.200600e+03 
2.830150e+09 8.226050e+03 
2832300000 8.210575e+03 
2834450000 8.231500e+03 
2836600000 8.219325e+03 
2838750000 8.225425e+03 
2840900000 8.229975e+03 
2843050000 8.236525e+03 
2845200000 8.237500e+03 
2847350000 8.237600e+03 
2849500000 8.236400e+03 
2851650000 8.242475e+03 
2853800000 8.241200e+03 
2855950000 8.238525e+03 
2858100000 8.229925e+03 
2.860250e+09 8.252800e+03 
2862400000 8241 
2864550000 8.231950e+03 
2866700000 8.232950e+03 
2868850000 8.243925e+03 
2871000000 8.219025e+03 
2873150000 8.246325e+03 
2875300000 8.250225e+03 
2877450000 8.237875e+03 
2879600000 8.242575e+03 
2881750000 8.245325e+03 
2883900000 8.231050e+03 
2886050000 8.234950e+03 
2888200000 8.242525e+03 
2.890350e+09 8.251150e+03 
2892500000 8.231100e+03 
2894650000 8.265700e+03 
2896800000 8.228200e+03 
2898950000 8.241600e+03 
2901100000 8.244375e+03 
2903250000 8.238125e+03 
2905400000 8.205725e+03 
2907550000 8.215425e+03 
2909700000 8.223475e+03 
2911850000 8.234500e+03 
2914000000 8.238875e+03 
2916150000 8.213550e+03 
2918300000 8.239025e+03 
2920450000 8.249375e+03 
2922600000 8.220350e+03 
2924750000 8.229250e+03 
2926900000 8.242850e+03 
2929050000 8.275925e+03 
2931200000 8.201625e+03 
2933350000 8.238225e+03 
2935500000 8.235175e+03 
2937650000 8221 
2939800000 8.252125e+03 
2941950000 8.245475e+03 
2.944100e+09 8.227375e+03 
2946250000 8.225175e+03 
2948400000 8.222125e+03 
2950550000 8.251125e+03 
2952700000 8.237875e+03 
2954850000 8.235775e+03 
2957000000 8.239425e+03 
2959150000 8.231150e+03 
2961300000 8.235225e+03 
2963450000 8.249475e+03 
2965600000 8.262875e+03 
2967750000 8.218850e+03 
2969900000 8.230350e+03 
2972050000 8.225800e+03 
2974200000 8.249900e+03 
2976350000 8.253850e+03 
2978500000 8.243100e+03 
2980650000 8.231500e+03 
2982800000 8.222575e+03 
2984950000 8222 
2987100000 8.264325e+03 
2989250000 8.247625e+03 
2991400000 8.248650e+03 
2993550000 8.248775e+03 
2995700000 8.251525e+03 
2997850000 8.228700e+03 
3000000000 8.244350e+03 

END
