IGOR
WAVES/D/O sweep,sig(1) 
BEGIN
2570000000 8.283275e+03 
2.572150e+09 8282 
2574300000 8.265775e+03 
2576450000 8.267700e+03 
2578600000 8.282975e+03 
2.580750e+09 8.272450e+03 
2582900000 8.255825e+03 
2585050000 8.267675e+03 
2.587200e+09 8.254825e+03 
2589350000 8.268075e+03 
2591500000 8.269400e+03 
2593650000 8.277675e+03 
2.595800e+09 8.233375e+03 
2597950000 8.250575e+03 
2600100000 8.260900e+03 
2.602250e+09 8.269150e+03 
2604400000 8.260025e+03 
2606550000 8.257325e+03 
2608700000 8.236650e+03 
2.610850e+09 8.278975e+03 
2613000000 8.261500e+03 
2615150000 8.264450e+03 
2.617300e+09 8.252200e+03 
2619450000 8.268525e+03 
2621600000 8.267050e+03 
2623750000 8.246075e+03 
2.625900e+09 8.241500e+03 
2628050000 8.212100e+03 
2630200000 8.224175e+03 
2.632350e+09 8.221900e+03 
2634500000 8.235550e+03 
2636650000 8.237775e+03 
2638800000 8.264725e+03 
2.640950e+09 8.222775e+03 
2643100000 8.256175e+03 
2645250000 8.249450e+03 
2.647400e+09 8.280025e+03 
2649550000 8.259075e+03 
2651700000 8.284200e+03 
2653850000 8258 
2.656000e+09 8.274775e+03 
2658150000 8.247600e+03 
2660300000 8.247825e+03 
2.662450e+09 8.251425e+03 
2664600000 8.224025e+03 
2666750000 8.210175e+03 
2668900000 8.189425e+03 
2.671050e+09 8.199875e+03 
2673200000 8.207125e+03 
2675350000 8.212150e+03 
2677500000 8.238475e+03 
2679650000 8.233625e+03 
2681800000 8.258975e+03 
2683950000 8.271825e+03 
2.686100e+09 8.255150e+03 
2688250000 8.284750e+03 
2690400000 8.244250e+03 
2692550000 8.277875e+03 
2694700000 8.279800e+03 
2696850000 8.246975e+03 
2699000000 8.227725e+03 
2.701150e+09 8.230625e+03 
2703300000 8.217725e+03 
2705450000 8.224700e+03 
2707600000 8.218550e+03 
2.709750e+09 8.235100e+03 
2711900000 8.233475e+03 
2714050000 8.245325e+03 
2.716200e+09 8.248150e+03 
2718350000 8.269075e+03 
2720500000 8.301300e+03 
2722650000 8.292625e+03 
2724800000 8.294225e+03 
2726950000 8.267650e+03 
2729100000 8.263325e+03 
2.731250e+09 8.280325e+03 
2733400000 8.285975e+03 
2735550000 8.267875e+03 
2737700000 8.256800e+03 
2.739850e+09 8.227950e+03 
2742000000 8.246150e+03 
2744150000 8.255175e+03 
2.746300e+09 8.254100e+03 
2748450000 8.274550e+03 
2750600000 8.258750e+03 
2752750000 8.288075e+03 
2754900000 8.297350e+03 
2757050000 8.306075e+03 
2759200000 8.278200e+03 
2.761350e+09 8.279525e+03 
2763500000 8.300025e+03 
2765650000 8.289300e+03 
2767800000 8.291800e+03 
2.769950e+09 8.266750e+03 
2772100000 8.284725e+03 
2774250000 8.289400e+03 
2.776400e+09 8.301175e+03 
2778550000 8.300475e+03 
2780700000 8.279175e+03 
2782850000 8.294600e+03 
2785000000 8.281650e+03 
2787150000 8.299850e+03 
2789300000 8.290650e+03 
2791450000 8.274100e+03 
2793600000 8.296825e+03 
2795750000 8.311975e+03 
2797900000 8.291625e+03 
2.800050e+09 8.267950e+03 
2802200000 8.298525e+03 
2804350000 8.285875e+03 
2806500000 8.302475e+03 
2808650000 8.308950e+03 
2810800000 8.278850e+03 
2812950000 8.300050e+03 
2815100000 8.285700e+03 
2817250000 8.298400e+03 
2819400000 8.308800e+03 
2821550000 8.310550e+03 
2823700000 8305 
2825850000 8.279450e+03 
2828000000 8.295050e+03 
2.830150e+09 8.305250e+03 
2832300000 8.281050e+03 
2834450000 8.293700e+03 
2836600000 8.311475e+03 
2838750000 8.301950e+03 
2840900000 8.315400e+03 
2843050000 8.318100e+03 
2845200000 8296 
2847350000 8.270525e+03 
2849500000 8.310600e+03 
2851650000 8.285050e+03 
2853800000 8.302075e+03 
2855950000 8.273175e+03 
2858100000 8.282150e+03 
2.860250e+09 8.286550e+03 
2862400000 8.294400e+03 
2864550000 8.296975e+03 
2866700000 8.297650e+03 
2868850000 8.311925e+03 
2871000000 8.300175e+03 
2873150000 8.301475e+03 
2875300000 8.301175e+03 
2877450000 8.314575e+03 
2879600000 8.298550e+03 
2881750000 8.314375e+03 
2883900000 8.290375e+03 
2886050000 8.299275e+03 
2888200000 8.307925e+03 
2.890350e+09 8.311450e+03 
2892500000 8.311400e+03 
2894650000 8.307750e+03 
2896800000 8.321825e+03 
2898950000 8.277475e+03 
2901100000 8.303250e+03 
2903250000 8.310275e+03 
2905400000 8.271875e+03 
2907550000 8.274425e+03 
2909700000 8.287225e+03 
2911850000 8.278525e+03 
2914000000 8.305500e+03 
2916150000 8.303500e+03 
2918300000 8.269225e+03 
2920450000 8.286450e+03 
2922600000 8.313625e+03 
2924750000 8.299350e+03 
2926900000 8.299400e+03 
2929050000 8.288900e+03 
2931200000 8.289050e+03 
2933350000 8.290175e+03 
2935500000 8.310225e+03 
2937650000 8.281125e+03 
2939800000 8.306275e+03 
2941950000 8.298750e+03 
2.944100e+09 8.288500e+03 
2946250000 8.308625e+03 
2948400000 8.293600e+03 
2950550000 8.306225e+03 
2952700000 8.318675e+03 
2954850000 8.286725e+03 
2957000000 8.278425e+03 
2959150000 8.296875e+03 
2961300000 8.287725e+03 
2963450000 8.295900e+03 
2965600000 8.302150e+03 
2967750000 8.310575e+03 
2969900000 8.308350e+03 
2972050000 8.278075e+03 
2974200000 8.283725e+03 
2976350000 8.294750e+03 
2978500000 8.317200e+03 
2980650000 8.285425e+03 
2982800000 8.303050e+03 
2984950000 8.308150e+03 
2987100000 8.264300e+03 
2989250000 8.317525e+03 
2991400000 8.294925e+03 
2993550000 8.285625e+03 
2995700000 8.310025e+03 
2997850000 8.279400e+03 
3000000000 8.283525e+03 

END
