IGOR
WAVES/D/O sweep,sig(1) 
BEGIN
2600000000 6.135611e+02 
2.600875e+09 6.113583e+02 
2601750000 6.134153e+02 
2602625000 6.128194e+02 
2603500000 6.135056e+02 
2604375000 6.150458e+02 
2.605250e+09 6.129208e+02 
2606125000 6.139139e+02 
2607000000 6.150431e+02 
2607875000 6.148958e+02 
2608750000 6.141167e+02 
2.609625e+09 6.142208e+02 
2610500000 6.130056e+02 
2611375000 6.151111e+02 
2612250000 6.149500e+02 
2613125000 6.142778e+02 
2614000000 6.120208e+02 
2614875000 6.126611e+02 
2.615750e+09 6.126875e+02 
2616625000 6.154278e+02 
2617500000 6.136236e+02 
2618375000 6.133417e+02 
2619250000 6.142986e+02 
2.620125e+09 6.148472e+02 
2621000000 6.122847e+02 
2621875000 6.139583e+02 
2622750000 6.145708e+02 
2623625000 6.134056e+02 
2.624500e+09 6.151125e+02 
2625375000 6.138931e+02 
2626250000 6.140194e+02 
2627125000 6.134319e+02 
2628000000 6.149208e+02 
2.628875e+09 6.134472e+02 
2629750000 6.127778e+02 
2630625000 6.142778e+02 
2631500000 6.153889e+02 
2632375000 6.152569e+02 
2.633250e+09 6.135431e+02 
2634125000 6.127847e+02 
2635000000 6.142403e+02 
2635875000 6.138083e+02 
2636750000 6.131014e+02 
2637625000 6.139056e+02 
2638500000 6.132903e+02 
2.639375e+09 6.133208e+02 
2640250000 6.134222e+02 
2641125000 6.151292e+02 
2642000000 6.140667e+02 
2642875000 6.132194e+02 
2.643750e+09 6.134028e+02 
2644625000 6.139292e+02 
2645500000 6.132667e+02 
2646375000 6.143083e+02 
2647250000 6.129931e+02 
2.648125e+09 6.147722e+02 
2649000000 6.135486e+02 
2649875000 6.145611e+02 
2650750000 6.156250e+02 
2651625000 6.154806e+02 
2.652500e+09 6.145722e+02 
2653375000 6.131764e+02 
2654250000 6.127278e+02 
2655125000 6.129667e+02 
2656000000 6.138931e+02 
2656875000 6.133611e+02 
2657750000 6.147361e+02 
2658625000 6.137569e+02 
2659500000 6.135000e+02 
2660375000 6.131986e+02 
2661250000 6.125944e+02 
2662125000 6.130194e+02 
2.663000e+09 6.121778e+02 
2663875000 6.121750e+02 
2664750000 6.109347e+02 
2665625000 6.107597e+02 
2666500000 6.112417e+02 
2.667375e+09 6.093639e+02 
2668250000 6.097056e+02 
2669125000 6.070944e+02 
2670000000 6.067389e+02 
2670875000 6.057833e+02 
2.671750e+09 6.040250e+02 
2672625000 6.028736e+02 
2673500000 6.030458e+02 
2674375000 6.042097e+02 
2675250000 6.049278e+02 
2676125000 6.039292e+02 
2677000000 6.058986e+02 
2677875000 6.077778e+02 
2678750000 6.076319e+02 
2679625000 6.081931e+02 
2680500000 6.090708e+02 
2681375000 6.109667e+02 
2.682250e+09 6.118528e+02 
2683125000 6.104778e+02 
2684000000 6.106333e+02 
2684875000 6.125569e+02 
2685750000 6.130417e+02 
2.686625e+09 6.137958e+02 
2687500000 6.135986e+02 
2688375000 6.136181e+02 
2689250000 6.111208e+02 
2690125000 6.119069e+02 
2.691000e+09 6.135667e+02 
2691875000 6.154028e+02 
2692750000 6.145222e+02 
2693625000 6.137403e+02 
2694500000 6.144556e+02 
2.695375e+09 6.149764e+02 
2696250000 6.144056e+02 
2697125000 6.134125e+02 
2698000000 6.130472e+02 
2698875000 6.131375e+02 
2699750000 6.138681e+02 
2700625000 6.139083e+02 
2701500000 6.148111e+02 
2702375000 6.145556e+02 
2703250000 6.151167e+02 
2704125000 6.131486e+02 
2705000000 6.146958e+02 
2.705875e+09 6.148097e+02 
2706750000 6.133319e+02 
2707625000 6.134875e+02 
2708500000 6.134389e+02 
2709375000 6.135194e+02 
2.710250e+09 6.124514e+02 
2711125000 6.150833e+02 
2712000000 6.146806e+02 
2712875000 6.132472e+02 
2713750000 6.128486e+02 
2.714625e+09 6.126736e+02 
2715500000 6.136403e+02 
2716375000 6.124306e+02 
2717250000 6.134431e+02 
2718125000 6.141264e+02 
2.719000e+09 6.136069e+02 
2719875000 6.137181e+02 
2720750000 6.136292e+02 
2721625000 6.131639e+02 
2722500000 6.130708e+02 
2723375000 6.136875e+02 
2724250000 6.141292e+02 
2.725125e+09 6.133500e+02 
2726000000 6.136250e+02 
2726875000 6.135236e+02 
2727750000 6.114389e+02 
2728625000 6.136750e+02 
2.729500e+09 6.122458e+02 
2730375000 6.127861e+02 
2731250000 6.133500e+02 
2732125000 6.090486e+02 
2733000000 6.093194e+02 
2.733875e+09 6.096014e+02 
2734750000 6.094167e+02 
2735625000 6.072417e+02 
2736500000 6.049278e+02 
2737375000 6.035014e+02 
2.738250e+09 6.030264e+02 
2739125000 6.017472e+02 
2740000000 6.004736e+02 
2740875000 5.997611e+02 
2741750000 5.984556e+02 
2.742625e+09 6.002778e+02 
2743500000 6.008375e+02 
2744375000 6.016722e+02 
2745250000 6.018333e+02 
2746125000 6.029597e+02 
2747000000 6.062542e+02 
2747875000 6.061236e+02 
2.748750e+09 6.088278e+02 
2749625000 6.095944e+02 
2750500000 6.115222e+02 
2751375000 6.108514e+02 
2752250000 6.131444e+02 
2.753125e+09 6.108306e+02 
2754000000 6.132500e+02 
2754875000 6.127722e+02 
2755750000 6.132139e+02 
2756625000 6.113333e+02 
2.757500e+09 6.120625e+02 
2758375000 6.116056e+02 
2759250000 6.130056e+02 
2760125000 6.139611e+02 
2761000000 6.133750e+02 
2761875000 6.137778e+02 
2762750000 6.136333e+02 
2763625000 6.141097e+02 
2764500000 6.151014e+02 
2765375000 6.130625e+02 
2.766250e+09 6.138194e+02 
2767125000 6.135014e+02 
2768000000 6.140806e+02 
2768875000 6.142139e+02 
2769750000 6.129986e+02 
2770625000 6.126000e+02 
2771500000 6.147403e+02 
2.772375e+09 6.132056e+02 
2773250000 6.138375e+02 
2774125000 6.137361e+02 
2775000000 6.138708e+02 
2775875000 6.132083e+02 
2.776750e+09 6.122736e+02 
2777625000 6.128319e+02 
2778500000 6.149042e+02 
2779375000 6.143403e+02 
2780250000 6.135431e+02 
2.781125e+09 6.137694e+02 
2782000000 6.137208e+02 
2782875000 6.133931e+02 
2783750000 6.144000e+02 
2784625000 6.134833e+02 
2785500000 6.137778e+02 
2786375000 6.133375e+02 
2787250000 6.144347e+02 
2788125000 6.130042e+02 
2789000000 6.149167e+02 
2789875000 6.144833e+02 
2790750000 6.148903e+02 
2.791625e+09 6.131250e+02 
2792500000 6.125681e+02 
2793375000 6.134486e+02 
2794250000 6.131667e+02 
2795125000 6.148597e+02 
2.796000e+09 6.143833e+02 
2796875000 6.139792e+02 
2797750000 6.130500e+02 
2798625000 6.138333e+02 
2799500000 6.143375e+02 
2.800375e+09 6.124236e+02 
2801250000 6.148917e+02 
2802125000 6.155819e+02 
2803000000 6.136528e+02 
2803875000 6.157264e+02 
2.804750e+09 6.144750e+02 
2805625000 6.134347e+02 
2806500000 6.131250e+02 
2807375000 6.135500e+02 
2808250000 6.146361e+02 
2809125000 6.149181e+02 
2810000000 6.139014e+02 
2810875000 6.135806e+02 
2811750000 6.147361e+02 
2812625000 6.131222e+02 
2813500000 6.135625e+02 
2814375000 6.136000e+02 
2.815250e+09 6.141708e+02 
2816125000 6.156653e+02 
2817000000 6.152069e+02 
2817875000 6.146514e+02 
2818750000 6.157403e+02 
2.819625e+09 6.148444e+02 
2820500000 6.135167e+02 
2821375000 6.137708e+02 
2822250000 6.122667e+02 
2823125000 6.148986e+02 
2.824000e+09 6.126556e+02 
2824875000 6.138111e+02 
2825750000 6.139861e+02 
2826625000 6.132292e+02 
2827500000 6.120042e+02 
2.828375e+09 6.157486e+02 
2829250000 6.149556e+02 
2830125000 6.145208e+02 
2831000000 6.135000e+02 
2831875000 6.147319e+02 
2832750000 6.132264e+02 
2833625000 6.144833e+02 
2.834500e+09 6.144236e+02 
2835375000 6.134125e+02 
2836250000 6.130569e+02 
2837125000 6.120097e+02 
2838000000 6.138181e+02 
2.838875e+09 6.144833e+02 
2839750000 6.145403e+02 
2840625000 6.133486e+02 
2841500000 6.143597e+02 
2842375000 6.145083e+02 
2.843250e+09 6.136583e+02 
2844125000 6.118847e+02 
2845000000 6.141500e+02 
2845875000 6.134639e+02 
2846750000 6.139194e+02 
2.847625e+09 6.144931e+02 
2848500000 6.130833e+02 
2849375000 6.136556e+02 
2850250000 6.123847e+02 
2851125000 6.147472e+02 
2.852000e+09 6.151347e+02 
2852875000 6.148083e+02 
2853750000 6.146861e+02 
2854625000 6.120486e+02 
2855500000 6.145111e+02 
2856375000 6.151528e+02 
2857250000 6.149778e+02 
2.858125e+09 6.143236e+02 
2859000000 6.143486e+02 
2859875000 6.131889e+02 
2860750000 6.132542e+02 
2861625000 6.133250e+02 
2.862500e+09 6.149611e+02 
2863375000 6.129472e+02 
2864250000 6.140056e+02 
2865125000 6.156681e+02 
2866000000 6.145472e+02 
2.866875e+09 6.145194e+02 
2867750000 6.140542e+02 
2868625000 6.144153e+02 
2869500000 6.152306e+02 
2870375000 6.144306e+02 
2871250000 6.147069e+02 
2872125000 6.146569e+02 
2873000000 6.137097e+02 
2873875000 6.139833e+02 
2874750000 6.143222e+02 
2.875625e+09 6.141694e+02 
2876500000 6.142486e+02 
2877375000 6.142861e+02 
2878250000 6.121208e+02 
2879125000 6.122972e+02 
2880000000 6.132417e+02 
2880875000 6.131347e+02 
2.881750e+09 6.149375e+02 
2882625000 6.141556e+02 
2883500000 6.148542e+02 
2884375000 6.109069e+02 
2885250000 6.145389e+02 
2.886125e+09 6.132389e+02 
2887000000 6.133597e+02 
2887875000 6.126847e+02 
2888750000 6.141569e+02 
2889625000 6.147750e+02 
2.890500e+09 6.138236e+02 
2891375000 6.142292e+02 
2892250000 6.131083e+02 
2893125000 6.149153e+02 
2894000000 6.143569e+02 
2894875000 6.144764e+02 
2895750000 6.135556e+02 
2896625000 6.137458e+02 
2897500000 6.135361e+02 
2898375000 6.145125e+02 
2.899250e+09 6.153111e+02 
2900125000 6.150431e+02 
2.901000e+09 6.124583e+02 
2901875000 6.130306e+02 
2902750000 6.129653e+02 
2903625000 6.136264e+02 
2904500000 6.133444e+02 
2.905375e+09 6.128028e+02 
2906250000 6.142903e+02 
2907125000 6.133861e+02 
2908000000 6.138236e+02 
2908875000 6.147986e+02 
2.909750e+09 6.139750e+02 
2910625000 6.139861e+02 
2911500000 6.153097e+02 
2912375000 6.151389e+02 
2913250000 6.148750e+02 
2.914125e+09 6.153181e+02 
2915000000 6.128528e+02 
2915875000 6.131792e+02 
2916750000 6.136472e+02 
2917625000 6.137264e+02 
2918500000 6.145264e+02 
2919375000 6.140153e+02 
2920250000 6.155681e+02 
2921125000 6.129083e+02 
2922000000 6.137681e+02 
2.922875e+09 6.143306e+02 
2923750000 6.151000e+02 
2.924625e+09 6.142306e+02 
2925500000 6.129042e+02 
2926375000 6.123083e+02 
2927250000 6.141292e+02 
2928125000 6.136403e+02 
2.929000e+09 6.141569e+02 
2929875000 6.131583e+02 
2930750000 6.141681e+02 
2931625000 6.138292e+02 
2932500000 6.145375e+02 
2933375000 6.144486e+02 
2934250000 6.130583e+02 
2935125000 6.139125e+02 
2936000000 6.130528e+02 
2936875000 6.151083e+02 
2.937750e+09 6.120125e+02 
2938625000 6.145319e+02 
2939500000 6.149167e+02 
2940375000 614 
2941250000 6.138583e+02 
2942125000 6.128292e+02 
2943000000 6.133958e+02 
2.943875e+09 6.149819e+02 
2944750000 6.136806e+02 
2945625000 6.145292e+02 
2946500000 6.142667e+02 
2947375000 6.138944e+02 
2.948250e+09 6.149917e+02 
2949125000 6.142653e+02 
2950000000 6.148542e+02 
2950875000 6.128861e+02 
2951750000 6.134764e+02 
2.952625e+09 6.142764e+02 
2953500000 6.139264e+02 
2954375000 6.142722e+02 
2955250000 6.143347e+02 
2956125000 6.141597e+02 
2957000000 6.137556e+02 
2957875000 6.136542e+02 
2958750000 6.129528e+02 
2959625000 6.133278e+02 
2960500000 6.140847e+02 
2.961375e+09 6.140542e+02 
2962250000 6.141083e+02 
2963125000 6.148319e+02 
2964000000 6.140083e+02 
2964875000 6.136319e+02 
2965750000 6.143319e+02 
2966625000 6.165111e+02 
2.967500e+09 6.134278e+02 
2968375000 6.141056e+02 
2969250000 6.141556e+02 
2970125000 6.144639e+02 
2971000000 6.138194e+02 
2.971875e+09 6.124819e+02 
2972750000 6.149097e+02 
2973625000 6.139708e+02 
2974500000 6.126778e+02 
2975375000 6.153681e+02 
2.976250e+09 6.136597e+02 
2977125000 6.132819e+02 
2978000000 6.147528e+02 
2978875000 6.136278e+02 
2979750000 6.135431e+02 
2980625000 6.136403e+02 
2981500000 6.134861e+02 
2982375000 6.139708e+02 
2983250000 6.151514e+02 
2984125000 6.136222e+02 
2.985000e+09 6.140819e+02 
2985875000 6.150444e+02 
2986750000 6.135986e+02 
2987625000 6.139639e+02 
2988500000 6.143833e+02 
2989375000 6.154639e+02 
2990250000 6.148861e+02 
2.991125e+09 6.152417e+02 
2992000000 6.157208e+02 
2992875000 6.129931e+02 
2993750000 6.146944e+02 
2994625000 6.143875e+02 
2.995500e+09 6.134944e+02 
2996375000 6.140181e+02 
2997250000 6.136764e+02 
2998125000 6.142847e+02 
2999000000 6.154208e+02 
2.999875e+09 6.126625e+02 
3000750000 6.139667e+02 
3001625000 6.141125e+02 
3002500000 6.124653e+02 
3003375000 6.140389e+02 
3004250000 6.157694e+02 
3005125000 6.137917e+02 
3006000000 6.130375e+02 
3006875000 6.155208e+02 
3007750000 6.143889e+02 
3.008625e+09 6.133167e+02 
3009500000 6.135597e+02 
3.010375e+09 6.115653e+02 
3011250000 6.145014e+02 
3012125000 6.148222e+02 
3013000000 6.154000e+02 
3013875000 6.137264e+02 
3.014750e+09 6.165069e+02 
3015625000 6.148611e+02 
3016500000 6.139917e+02 
3017375000 6.153000e+02 
3018250000 6.132333e+02 
3.019125e+09 6.139278e+02 
3020000000 6.141722e+02 
3020875000 6.128097e+02 
3021750000 6.123347e+02 
3022625000 6.142931e+02 
3.023500e+09 6.134764e+02 
3024375000 6.138069e+02 
3025250000 6.136986e+02 
3026125000 6.148556e+02 
3027000000 6.138083e+02 
3027875000 6.140958e+02 
3028750000 6.136611e+02 
3029625000 6.127208e+02 
3030500000 6.156097e+02 
3031375000 6.130181e+02 
3.032250e+09 6.129292e+02 
3033125000 6.137750e+02 
3.034000e+09 6.155861e+02 
3034875000 6.125861e+02 
3035750000 6.151181e+02 
3036625000 6.131458e+02 
3037500000 6.147306e+02 

END
X//SEQUENCE PARAMETERS
X//meas
X//SPCM
X//meas2
X//PD0 not connected
X//bGo
X//0
X//bExp
X//0
X//bTomo
X//false
X//m
X//200
X//name
X//ESR
X//From
X//2.6
X//To
X//3.0375
X//bSweep1log
X//0
X//N
X//501
X//From2
X//0
X//bSweep2log
X//0
X//bSweep2
X//0
X//To2
X//200
X//N2
X//21
X//From3
X//0
X//bSweep3log
X//0
X//bSweep3
X//0
X//To3
X//200
X//N3
X//21
X//pi
X//20
X//halfpi
X//100
X//interval
X//5000
X//readout
X//10000
X//misc
X//20
X//CtrGateDur
X//400
X//bWarmUpAOM
X//0
X//bTrack
X//0
X//saveRaw
X//0
X//post_init_wait
X//5000
X//post_MW_wait
X//1000
X//P1Pulse
X//0
X//TrackPointN
X//13
X//DEERpi
X//20
X//DEERt
X//5000
X//bAAR
X//1
X//Repeat
X//60000
X//Average
X//99999
X//bCust
X//0
X//measPD
X//0
X//ctrN
X//1
X//bRaman
X//0
X//NSweepParam
X//501
X//bGoAfterAvg
X//1
X//bRandom
X//0
X//dataN
X//1
X//refCounts
X//0
X//iAverage
X//9
X//bCtr
X//0
X//bLiO
X//1
