IGOR
WAVES/D/O sweep,sig(1) 
BEGIN
2740000000 2.507920e+03 
2741350000 2.512170e+03 
2742700000 2.513580e+03 
2744050000 2.517030e+03 
2745400000 2.519020e+03 
2746750000 2.515940e+03 
2748100000 2.518550e+03 
2.749450e+09 2.514950e+03 
2.750800e+09 2.519960e+03 
2.752150e+09 2.516290e+03 
2.753500e+09 2.526400e+03 
2.754850e+09 2.516270e+03 
2756200000 2.514320e+03 
2757550000 2.511830e+03 
2758900000 2.506750e+03 
2760250000 2.504720e+03 
2761600000 2.498260e+03 
2762950000 2.494160e+03 
2764300000 2.485860e+03 
2.765650e+09 2.471510e+03 
2.767000e+09 2.471020e+03 
2.768350e+09 2.472730e+03 
2.769700e+09 2.478340e+03 
2771050000 2.472140e+03 
2772400000 2.498460e+03 
2773750000 2.495820e+03 
2775100000 2.506920e+03 
2776450000 2.500210e+03 
2777800000 2.501790e+03 
2779150000 2.506680e+03 
2780500000 2.518980e+03 
2781850000 2.505990e+03 
2.783200e+09 2.509850e+03 
2.784550e+09 2.514130e+03 
2.785900e+09 2.520160e+03 
2787250000 2.521950e+03 
2788600000 2.517140e+03 
2789950000 2.514280e+03 
2791300000 2.521660e+03 
2792650000 2.504720e+03 
2794000000 2.513460e+03 
2795350000 2.510230e+03 
2796700000 2.505360e+03 
2798050000 2.499600e+03 
2.799400e+09 2.500700e+03 
2.800750e+09 2.499290e+03 
2.802100e+09 2.495710e+03 
2803450000 2.487470e+03 
2804800000 2.485780e+03 
2806150000 2.486090e+03 
2807500000 2.495060e+03 
2808850000 2.492870e+03 
2810200000 2.500180e+03 
2811550000 2.507040e+03 
2812900000 2.500900e+03 
2814250000 2.509580e+03 
2815600000 2.505260e+03 
2.816950e+09 2.507880e+03 
2.818300e+09 2.507970e+03 
2819650000 2.507610e+03 
2821000000 2.514290e+03 
2822350000 2.512720e+03 
2823700000 2511 
2825050000 2.505840e+03 
2826400000 2.512980e+03 
2827750000 2.508720e+03 
2829100000 2.517740e+03 
2830450000 2.516490e+03 
2831800000 2.509780e+03 
2.833150e+09 2.514880e+03 
2.834500e+09 2.510730e+03 
2835850000 2.515250e+03 
2837200000 2.517280e+03 
2838550000 2.507900e+03 
2839900000 2.509810e+03 
2841250000 2.506550e+03 
2842600000 2.503280e+03 
2843950000 2.513950e+03 
2845300000 2.513020e+03 
2846650000 2.512480e+03 
2848000000 2.506520e+03 
2849350000 2.502330e+03 
2850700000 2.502390e+03 
2852050000 2503 
2853400000 2.493740e+03 
2854750000 2.488970e+03 
2856100000 2.473450e+03 
2857450000 2.468790e+03 
2858800000 2.444770e+03 
2860150000 2.450590e+03 
2861500000 2.452770e+03 
2862850000 2.461420e+03 
2864200000 2.475350e+03 
2865550000 2.486240e+03 
2866900000 2.495860e+03 
2868250000 2.495450e+03 
2869600000 2.500590e+03 
2870950000 2.504440e+03 
2872300000 2.506530e+03 
2873650000 2.502890e+03 
2875000000 2.504240e+03 
2876350000 2.511140e+03 
2877700000 2.521570e+03 
2879050000 2.507800e+03 
2880400000 2.513680e+03 
2881750000 2.511050e+03 
2883100000 2.512990e+03 
2884450000 2.508520e+03 
2885800000 2.516170e+03 
2887150000 2.496900e+03 
2888500000 2.500840e+03 
2889850000 2.489070e+03 
2891200000 2.487190e+03 
2892550000 2.467050e+03 
2893900000 2.461810e+03 
2895250000 2.445850e+03 
2896600000 2.452170e+03 
2897950000 2.458380e+03 
2899300000 2.463140e+03 
2900650000 2.465050e+03 
2902000000 2.491910e+03 
2903350000 2.493770e+03 
2904700000 2.503280e+03 
2906050000 2.499070e+03 
2907400000 2.510260e+03 
2908750000 2.500700e+03 
2910100000 2.511610e+03 
2911450000 2.510860e+03 
2912800000 2.513380e+03 
2914150000 2.517460e+03 
2.915500e+09 2.513300e+03 
2916850000 2.521450e+03 
2918200000 2.509620e+03 
2919550000 2.510460e+03 
2920900000 2.510670e+03 
2922250000 2.510960e+03 
2923600000 2.512270e+03 
2924950000 2.510570e+03 
2926300000 2.525140e+03 
2927650000 2.500550e+03 
2929000000 2.524260e+03 
2930350000 2.520530e+03 
2.931700e+09 2.507630e+03 
2.933050e+09 2.511970e+03 
2934400000 2.505100e+03 
2935750000 2.515360e+03 
2937100000 2.510000e+03 
2938450000 2.510720e+03 
2939800000 2.513940e+03 
2941150000 2.498610e+03 
2942500000 2.500390e+03 
2943850000 2.491710e+03 
2945200000 2.482250e+03 
2946550000 2.485890e+03 
2.947900e+09 2.493880e+03 
2.949250e+09 2.489410e+03 
2.950600e+09 2.495500e+03 
2951950000 2.498380e+03 
2953300000 2.509570e+03 
2954650000 2.502500e+03 
2956000000 2.509210e+03 
2957350000 2.513110e+03 
2958700000 2.515730e+03 
2960050000 2.518570e+03 
2961400000 2.504240e+03 
2962750000 2.518340e+03 
2.964100e+09 2.509110e+03 
2.965450e+09 2.514690e+03 
2.966800e+09 2.510320e+03 
2.968150e+09 2.507240e+03 
2969500000 2.500110e+03 
2970850000 2.498650e+03 
2972200000 2.502540e+03 
2973550000 2.484280e+03 
2974900000 2.478450e+03 
2976250000 2.479750e+03 
2977600000 2.474730e+03 
2978950000 2.472110e+03 
2.980300e+09 2.482950e+03 
2.981650e+09 2.491900e+03 
2.983000e+09 2.499970e+03 
2.984350e+09 2.495960e+03 
2985700000 2.502600e+03 
2987050000 2.507090e+03 
2988400000 2.509240e+03 
2989750000 2.508260e+03 
2991100000 2.511990e+03 
2992450000 2.517770e+03 
2993800000 2.518630e+03 
2.995150e+09 2.515810e+03 
2.996500e+09 2.513270e+03 
2.997850e+09 2.517010e+03 
2.999200e+09 2513 
3.000550e+09 2.512190e+03 
3001900000 2.514280e+03 
3003250000 2.509440e+03 
3004600000 2.513520e+03 
3005950000 2.512090e+03 
3007300000 2.517700e+03 
3008650000 2.513060e+03 
3010000000 2.517130e+03 

END
X//SEQUENCE PARAMETERS
X//meas
X//SPCM
X//meas2
X//PD0 not connected
X//bGo
X//0
X//bExp
X//0
X//bTomo
X//false
X//m
X//2.75
X//name
X//ESR
X//From
X//2.74
X//To
X//3.01
X//bSweep1log
X//0
X//N
X//201
X//From2
X//0
X//bSweep2log
X//0
X//bSweep2
X//0
X//To2
X//200
X//N2
X//21
X//From3
X//0
X//bSweep3log
X//0
X//bSweep3
X//0
X//To3
X//200
X//N3
X//21
X//pi
X//200
X//halfpi
X//100
X//interval
X//5000
X//readout
X//100000
X//misc
X//5
X//CtrGateDur
X//10000
X//bWarmUpAOM
X//0
X//bTrack
X//0
X//saveRaw
X//0
X//post_init_wait
X//5000
X//post_MW_wait
X//1000
X//P1Pulse
X//0
X//TrackPointN
X//13
X//DEERpi
X//200
X//DEERt
X//5000
X//bAAR
X//1
X//Repeat
X//6000
X//Average
X//99999
X//bCust
X//0
X//measPD
X//0
X//ctrN
X//1
X//bRaman
X//0
X//NSweepParam
X//201
X//bGoAfterAvg
X//1
X//bRandom
X//0
X//dataN
X//1
X//refCounts
X//0
X//iAverage
X//5
X//bCtr
X//0
X//bLiO
X//1
