IGOR
WAVES/D/O sweep,sig(1) 
BEGIN
2650000000 2.793538e+03 
2651937500 2.789350e+03 
2653875000 2.788700e+03 
2655812500 2.798125e+03 
2657750000 2.786538e+03 
2659687500 2.787212e+03 
2661625000 2.797275e+03 
2663562500 2.789550e+03 
2.665500e+09 2.794475e+03 
2667437500 2.788050e+03 
2669375000 2.810050e+03 
2671312500 2.802175e+03 
2673250000 2.792675e+03 
2675187500 2.799938e+03 
2.677125e+09 2.787863e+03 
2679062500 2.786113e+03 
2681000000 2.797712e+03 
2682937500 2.789350e+03 
2684875000 2792 
2686812500 2.792738e+03 
2.688750e+09 2.796013e+03 
2690687500 2.790475e+03 
2692625000 2.790525e+03 
2694562500 2.799188e+03 
2696500000 2.797950e+03 
2698437500 2.796625e+03 
2.700375e+09 2.792688e+03 
2702312500 2.789037e+03 
2704250000 2.784012e+03 
2706187500 2.785438e+03 
2708125000 2.784350e+03 
2710062500 2.785025e+03 
2.712000e+09 2.789188e+03 
2713937500 2.788550e+03 
2715875000 2.788113e+03 
2717812500 2.796438e+03 
2719750000 2.792713e+03 
2721687500 2.797388e+03 
2.723625e+09 2.794438e+03 
2725562500 2.782962e+03 
2727500000 2.790562e+03 
2729437500 2.784275e+03 
2731375000 2.790237e+03 
2733312500 2.797275e+03 
2.735250e+09 2797 
2737187500 2.795425e+03 
2739125000 2.794550e+03 
2741062500 2.786225e+03 
2743000000 2.807450e+03 
2744937500 2.790875e+03 
2.746875e+09 2.772788e+03 
2748812500 2.790738e+03 
2750750000 2.794812e+03 
2752687500 2.765062e+03 
2754625000 2.770625e+03 
2756562500 2.749900e+03 
2758500000 2.747987e+03 
2760437500 2.760175e+03 
2762375000 2.757650e+03 
2764312500 2.769050e+03 
2766250000 2.775262e+03 
2768187500 2.789087e+03 
2770125000 2.784525e+03 
2772062500 2.794700e+03 
2774000000 2.792925e+03 
2775937500 2.791662e+03 
2777875000 2.793412e+03 
2779812500 2.786300e+03 
2781750000 2.794750e+03 
2783687500 2.795325e+03 
2785625000 2.783050e+03 
2787562500 2.794037e+03 
2789500000 2.794325e+03 
2791437500 2.785438e+03 
2793375000 2.789537e+03 
2795312500 2.795825e+03 
2797250000 2.796512e+03 
2799187500 2.798600e+03 
2801125000 2.793312e+03 
2803062500 2.788213e+03 
2805000000 2.801488e+03 
2806937500 2.786700e+03 
2808875000 2.787962e+03 
2810812500 2.781025e+03 
2812750000 2.783350e+03 
2814687500 2.789887e+03 
2816625000 2.782688e+03 
2818562500 2.789238e+03 
2820500000 2.781375e+03 
2822437500 2.764725e+03 
2824375000 2.758562e+03 
2826312500 2.755350e+03 
2828250000 2.751050e+03 
2830187500 2.754162e+03 
2832125000 2.753400e+03 
2834062500 2.757038e+03 
2836000000 2.748325e+03 
2837937500 2.758450e+03 
2839875000 2.768975e+03 
2841812500 2.780300e+03 
2843750000 2.790162e+03 
2845687500 2.785138e+03 
2847625000 2.789838e+03 
2849562500 2.784175e+03 
2851500000 2.779625e+03 
2853437500 2.773938e+03 
2855375000 2.766075e+03 
2857312500 2.756738e+03 
2859250000 2.752900e+03 
2861187500 2.757750e+03 
2863125000 2.764925e+03 
2865062500 2.777238e+03 
2867000000 2.782725e+03 
2868937500 2.777525e+03 
2870875000 2.791750e+03 
2872812500 2.792400e+03 
2874750000 2.795550e+03 
2876687500 2.786738e+03 
2878625000 2.779475e+03 
2880562500 2.785788e+03 
2882500000 2.789975e+03 
2884437500 2.792025e+03 
2886375000 2.791012e+03 
2888312500 2.783562e+03 
2890250000 2.791137e+03 
2892187500 2.776112e+03 
2894125000 2.765012e+03 
2896062500 2.757500e+03 
2898000000 2.746188e+03 
2899937500 2.754400e+03 
2901875000 2.747812e+03 
2903812500 2.747737e+03 
2905750000 2.767613e+03 
2907687500 2.777975e+03 
2909625000 2.771700e+03 
2911562500 2.783725e+03 
2913500000 2.779875e+03 
2915437500 2.766113e+03 
2917375000 2.766100e+03 
2919312500 2.753575e+03 
2921250000 2.753625e+03 
2923187500 2.752500e+03 
2925125000 2.759287e+03 
2927062500 2.759775e+03 
2.929000e+09 2.761887e+03 
2930937500 2.756575e+03 
2932875000 2.776675e+03 
2934812500 2.772438e+03 
2936750000 2.777613e+03 
2938687500 2.777600e+03 
2940625000 2.775212e+03 
2942562500 2.781962e+03 
2944500000 2.788012e+03 
2946437500 2.790700e+03 
2948375000 2.785900e+03 
2950312500 2.789600e+03 
2.952250e+09 2.790375e+03 
2954187500 2.789888e+03 
2956125000 2.791350e+03 
2958062500 2.783600e+03 
2960000000 2.795700e+03 
2961937500 2.788562e+03 
2963875000 2.784062e+03 
2965812500 2.787037e+03 
2967750000 2.783412e+03 
2969687500 2.795762e+03 
2971625000 2.784912e+03 
2973562500 2.787650e+03 
2.975500e+09 2.785963e+03 
2977437500 2.789862e+03 
2979375000 2.777200e+03 
2981312500 2.779963e+03 
2983250000 2.752300e+03 
2.985188e+09 2.752950e+03 
2987125000 2.741325e+03 
2989062500 2.756025e+03 
2991000000 2.768912e+03 
2992937500 2.771850e+03 
2994875000 2.778387e+03 
2996812500 2.777375e+03 
2.998750e+09 2.782463e+03 
3000687500 2.793838e+03 
3002625000 2.791675e+03 
3004562500 2.784887e+03 
3006500000 2.798238e+03 
3008437500 2.788688e+03 
3.010375e+09 2.784237e+03 
3012312500 2.781925e+03 
3014250000 2.794463e+03 
3016187500 2.797600e+03 
3018125000 2.787163e+03 
3020062500 2.782850e+03 
3.022000e+09 2.785887e+03 
3023937500 2.783250e+03 
3025875000 2.786363e+03 
3027812500 2.794113e+03 
3029750000 2.790475e+03 
3.031688e+09 2.794950e+03 
3033625000 2.792775e+03 
3035562500 2.783637e+03 
3037500000 2.795100e+03 

END
X//SEQUENCE PARAMETERS
X//meas
X//SPCM
X//meas2
X//PD0 not connected
X//bGo
X//0
X//bExp
X//0
X//bTomo
X//false
X//m
X//2.75
X//name
X//ESR
X//From
X//2.65
X//To
X//3.0375
X//bSweep1log
X//0
X//N
X//201
X//From2
X//0
X//bSweep2log
X//0
X//bSweep2
X//0
X//To2
X//200
X//N2
X//21
X//From3
X//0
X//bSweep3log
X//0
X//bSweep3
X//0
X//To3
X//200
X//N3
X//21
X//pi
X//200
X//halfpi
X//100
X//interval
X//5000
X//readout
X//100000
X//misc
X//5
X//CtrGateDur
X//10000
X//bWarmUpAOM
X//0
X//bTrack
X//0
X//saveRaw
X//0
X//post_init_wait
X//5000
X//post_MW_wait
X//1000
X//P1Pulse
X//0
X//TrackPointN
X//13
X//DEERpi
X//200
X//DEERt
X//5000
X//bAAR
X//1
X//Repeat
X//60000
X//Average
X//99999
X//bCust
X//0
X//measPD
X//0
X//ctrN
X//1
X//bRaman
X//0
X//NSweepParam
X//201
X//bGoAfterAvg
X//1
X//bRandom
X//0
X//dataN
X//1
X//refCounts
X//0
X//iAverage
X//4
X//bCtr
X//0
X//bLiO
X//1
