IGOR
WAVES/D/O sweep,sig(1) 
BEGIN
2600000000 6.737250e+02 
2601000000 6.742750e+02 
2.602000e+09 6.698000e+02 
2603000000 6.752750e+02 
2604000000 6.666250e+02 
2605000000 6.680500e+02 
2606000000 6.733000e+02 
2607000000 6.665250e+02 
2608000000 6.732000e+02 
2609000000 6.659750e+02 
2.610000e+09 6.686000e+02 
2611000000 6.726250e+02 
2612000000 6.622000e+02 
2613000000 6.694000e+02 
2614000000 6.710750e+02 
2615000000 6.720250e+02 
2616000000 6.728250e+02 
2617000000 6.708000e+02 
2.618000e+09 663 
2619000000 6.616250e+02 
2620000000 6.652250e+02 
2621000000 6.652500e+02 
2622000000 6.615500e+02 
2623000000 6.657500e+02 
2624000000 6.682500e+02 
2625000000 6.697250e+02 
2.626000e+09 6.706250e+02 
2627000000 6.657750e+02 
2628000000 6.637000e+02 
2629000000 6.608000e+02 
2630000000 6.652250e+02 
2631000000 6.675500e+02 
2632000000 6.567500e+02 
2633000000 6.560500e+02 
2.634000e+09 6.621500e+02 
2635000000 6.523250e+02 
2636000000 6.620500e+02 
2637000000 6.578750e+02 
2638000000 6.497500e+02 
2639000000 6.491500e+02 
2640000000 6.473500e+02 
2641000000 6.533500e+02 
2.642000e+09 6.488500e+02 
2643000000 6.539000e+02 
2644000000 6.526000e+02 
2645000000 6.571500e+02 
2646000000 6.613750e+02 
2.647000e+09 6.513750e+02 
2648000000 6.592500e+02 
2649000000 6.558250e+02 
2.650000e+09 6.603500e+02 
2.651000e+09 6.620500e+02 
2652000000 6.674000e+02 
2653000000 6.636000e+02 
2654000000 6.616000e+02 
2.655000e+09 6.575750e+02 
2656000000 6.635000e+02 
2657000000 6.654500e+02 
2.658000e+09 6.669250e+02 
2.659000e+09 6.587500e+02 
2660000000 6.622750e+02 
2661000000 6.634000e+02 
2662000000 6.703750e+02 
2.663000e+09 6.581000e+02 
2664000000 6.665250e+02 
2665000000 6.704250e+02 
2.666000e+09 6.637500e+02 
2.667000e+09 6.679000e+02 
2668000000 6.674500e+02 
2669000000 6.531500e+02 
2670000000 6.671000e+02 
2.671000e+09 6.645250e+02 
2672000000 6.669000e+02 
2673000000 6.675250e+02 
2.674000e+09 6.744750e+02 
2.675000e+09 6.691250e+02 
2676000000 6.656000e+02 
2677000000 6.763500e+02 
2678000000 6.683250e+02 
2.679000e+09 6.668000e+02 
2680000000 6.691750e+02 
2681000000 6.628000e+02 
2682000000 6.634250e+02 
2.683000e+09 673 
2684000000 6.680750e+02 
2685000000 6.631250e+02 
2.686000e+09 6.756500e+02 
2.687000e+09 665 
2688000000 672 
2689000000 6.724000e+02 
2690000000 6.687250e+02 
2.691000e+09 6.657750e+02 
2692000000 6.745250e+02 
2693000000 6.704500e+02 
2.694000e+09 6.748500e+02 
2.695000e+09 6.653250e+02 
2696000000 6.767750e+02 
2697000000 6.739000e+02 
2698000000 6.688500e+02 
2.699000e+09 6.665750e+02 
2700000000 6.735750e+02 

END
