IGOR
WAVES/D/O sweep,sig(1) 
BEGIN
2570000000 3.623500e+02 
2571500000 3.590750e+02 
2573000000 3.594750e+02 
2574500000 3.605500e+02 
2.576000e+09 3.579250e+02 
2.577500e+09 3.594250e+02 
2.579000e+09 3.623000e+02 
2580500000 3.683500e+02 
2582000000 3.648000e+02 
2583500000 3.618000e+02 
2585000000 3.604000e+02 
2586500000 3.618000e+02 
2588000000 3.701000e+02 
2.589500e+09 3.625000e+02 
2.591000e+09 3.604750e+02 
2592500000 3.627000e+02 
2594000000 3.659750e+02 
2595500000 3.616000e+02 
2597000000 3.589250e+02 
2598500000 3.622000e+02 
2.600000e+09 3.644500e+02 
2.601500e+09 3.572500e+02 
2.603000e+09 3.625250e+02 
2604500000 3.602750e+02 
2606000000 3.605250e+02 
2607500000 3.606750e+02 
2609000000 3.670500e+02 
2610500000 3.632750e+02 
2612000000 3.614750e+02 
2.613500e+09 3.704250e+02 
2615000000 3.619750e+02 
2616500000 3.659500e+02 
2618000000 3.606500e+02 
2619500000 3.627750e+02 
2621000000 3.641250e+02 
2622500000 3.593250e+02 
2.624000e+09 3.661000e+02 
2.625500e+09 3.584750e+02 
2627000000 3.621750e+02 
2628500000 3.648750e+02 
2630000000 3.541000e+02 
2631500000 3.642000e+02 
2633000000 3.659000e+02 
2634500000 3.649500e+02 
2636000000 3.524250e+02 
2.637500e+09 3.571500e+02 
2639000000 3.535000e+02 
2640500000 3.524250e+02 
2642000000 3.531250e+02 
2643500000 3.612000e+02 
2645000000 3.572000e+02 
2646500000 3.608250e+02 
2.648000e+09 3.572750e+02 
2.649500e+09 3.580250e+02 
2651000000 3.584750e+02 
2652500000 3.597000e+02 
2654000000 3.590750e+02 
2655500000 3.633250e+02 
2657000000 3.613500e+02 
2658500000 3.665750e+02 
2.660000e+09 3.638250e+02 
2.661500e+09 3.613750e+02 
2663000000 3.646750e+02 
2664500000 3.608500e+02 
2666000000 3.664750e+02 
2667500000 3.638500e+02 
2669000000 3.654750e+02 
2670500000 3.602500e+02 
2672000000 3.641500e+02 
2673500000 3.622500e+02 
2675000000 3.619250e+02 
2676500000 3.587250e+02 
2678000000 3.647500e+02 
2679500000 3.589750e+02 
2681000000 3.587250e+02 
2682500000 3.640500e+02 
2.684000e+09 3.626750e+02 
2685500000 3.601750e+02 
2687000000 3.648250e+02 
2688500000 3.660500e+02 
2690000000 3.648750e+02 
2691500000 3.588750e+02 
2693000000 3.652000e+02 
2694500000 3.618500e+02 
2.696000e+09 3.622750e+02 
2697500000 359 
2699000000 3.632000e+02 
2700500000 3.621250e+02 
2702000000 3.626250e+02 
2703500000 3.636750e+02 
2705000000 3.619000e+02 
2706500000 3.634500e+02 
2708000000 3.581500e+02 
2709500000 3.652500e+02 
2711000000 3.643000e+02 
2712500000 3.645000e+02 
2714000000 3.662250e+02 
2715500000 3.577500e+02 
2717000000 3.563750e+02 
2718500000 3.604000e+02 
2.720000e+09 365 
2721500000 3.629250e+02 
2723000000 3.699000e+02 
2724500000 3.620250e+02 
2726000000 3.652250e+02 
2727500000 3.655250e+02 
2729000000 3.636750e+02 
2730500000 3.697500e+02 
2732000000 363 
2733500000 3.616750e+02 
2735000000 3.638250e+02 
2736500000 3.611750e+02 
2738000000 3.625250e+02 
2739500000 3.631500e+02 
2741000000 3.610500e+02 
2742500000 3.596500e+02 
2744000000 3.647750e+02 
2745500000 3.605250e+02 
2747000000 3.613000e+02 
2748500000 3.623250e+02 
2750000000 3.616500e+02 
2751500000 3.668750e+02 
2753000000 3.645250e+02 
2754500000 3.657250e+02 
2756000000 3.620500e+02 
2757500000 3.601250e+02 
2759000000 3.658000e+02 
2760500000 3.617250e+02 
2762000000 3.616500e+02 
2763500000 3.645500e+02 
2765000000 367 
2766500000 3.605500e+02 
2768000000 3.586500e+02 
2769500000 3.584000e+02 
2771000000 3.620500e+02 
2772500000 3.626500e+02 
2774000000 3.577250e+02 
2775500000 3.605250e+02 
2777000000 3.677500e+02 
2778500000 3.649250e+02 
2.780000e+09 3.648000e+02 
2781500000 3.627000e+02 
2783000000 3.584000e+02 
2784500000 3.642500e+02 
2786000000 3.584750e+02 
2787500000 3.625250e+02 
2789000000 3.639500e+02 
2790500000 3.619000e+02 
2792000000 3.640250e+02 
2793500000 3.618000e+02 
2795000000 3.646750e+02 
2796500000 3.637750e+02 
2798000000 3.614750e+02 
2799500000 3.609250e+02 
2801000000 3.639250e+02 
2802500000 3.578750e+02 
2.804000e+09 3.596500e+02 
2805500000 3.639500e+02 
2807000000 3.595250e+02 
2808500000 3.547500e+02 
2810000000 3.580750e+02 
2811500000 3.631250e+02 
2813000000 3.638500e+02 
2814500000 3.633250e+02 
2816000000 3.618250e+02 
2817500000 3.613500e+02 
2819000000 3.648500e+02 
2820500000 362 
2822000000 3.675750e+02 
2823500000 3.626250e+02 
2825000000 3.633750e+02 
2826500000 3.561500e+02 
2.828000e+09 3.588250e+02 
2829500000 3.636500e+02 
2831000000 3.615750e+02 
2832500000 3.599750e+02 
2834000000 3.639750e+02 
2835500000 3.641500e+02 
2837000000 3.647000e+02 
2.838500e+09 3.621750e+02 
2840000000 3.634250e+02 
2841500000 3.620750e+02 
2843000000 3.610500e+02 
2844500000 3.623250e+02 
2846000000 3.603500e+02 
2847500000 3.597000e+02 
2849000000 3.587500e+02 
2.850500e+09 3.616250e+02 
2.852000e+09 3.603500e+02 
2853500000 3.608750e+02 
2855000000 3.605000e+02 
2856500000 3.622500e+02 
2858000000 3.635750e+02 
2859500000 3.583500e+02 
2861000000 3.629750e+02 
2.862500e+09 3.600250e+02 
2864000000 3.655000e+02 
2865500000 3.617500e+02 
2867000000 3.606250e+02 
2868500000 3.624000e+02 
2870000000 3.634500e+02 

END
