IGOR
WAVES/D/O sweep,sig(1) 
BEGIN
2600000000 6.612000e+02 
2601000000 6.609500e+02 
2.602000e+09 6.615500e+02 
2603000000 6.555500e+02 
2604000000 6.632000e+02 
2605000000 6.587750e+02 
2606000000 6.587000e+02 
2607000000 6.678000e+02 
2608000000 6.551500e+02 
2609000000 6.597250e+02 
2.610000e+09 6.638500e+02 
2611000000 6.630250e+02 
2612000000 6.553500e+02 
2613000000 6.648000e+02 
2614000000 6.609250e+02 
2615000000 6.670500e+02 
2616000000 6.647000e+02 
2617000000 6.598250e+02 
2.618000e+09 668 
2619000000 6.620500e+02 
2620000000 6.635750e+02 
2621000000 6.681250e+02 
2622000000 662 
2623000000 6.654750e+02 
2624000000 6.574000e+02 
2625000000 6.558000e+02 
2.626000e+09 6.563750e+02 
2627000000 6.597000e+02 
2628000000 6.611000e+02 
2629000000 6.540250e+02 
2630000000 6.573250e+02 
2631000000 6.596750e+02 
2632000000 6.521750e+02 
2633000000 6.509250e+02 
2.634000e+09 6.517000e+02 
2635000000 6.553000e+02 
2636000000 643 
2637000000 6.520750e+02 
2638000000 6.477750e+02 
2639000000 6.486500e+02 
2640000000 6.523500e+02 
2641000000 6.431750e+02 
2.642000e+09 6.468750e+02 
2643000000 6.381250e+02 
2644000000 6.443750e+02 
2645000000 6.406500e+02 
2646000000 6.413250e+02 
2.647000e+09 6.490750e+02 
2648000000 6.473000e+02 
2649000000 6.519750e+02 
2.650000e+09 6.498000e+02 
2.651000e+09 6.540750e+02 
2652000000 6.503250e+02 
2653000000 6.534500e+02 
2654000000 6.521500e+02 
2.655000e+09 6.537250e+02 
2656000000 6.535500e+02 
2657000000 6.626250e+02 
2.658000e+09 6.590750e+02 
2.659000e+09 6.577750e+02 
2660000000 6.589000e+02 
2661000000 6.623000e+02 
2662000000 6.602250e+02 
2.663000e+09 6.598750e+02 
2664000000 6.584750e+02 
2665000000 6.617500e+02 
2.666000e+09 6.606750e+02 
2.667000e+09 6.561750e+02 
2668000000 6.593500e+02 
2669000000 6.612250e+02 
2670000000 6.649000e+02 
2.671000e+09 6.640750e+02 
2672000000 6.642500e+02 
2673000000 6.622250e+02 
2.674000e+09 6.562250e+02 
2.675000e+09 6.597000e+02 
2676000000 6.620250e+02 
2677000000 6.698250e+02 
2678000000 6.596250e+02 
2.679000e+09 6.625250e+02 
2680000000 6.704250e+02 
2681000000 6.680250e+02 
2682000000 6.639000e+02 
2.683000e+09 6.619250e+02 
2684000000 6.649250e+02 
2685000000 6.637250e+02 
2.686000e+09 6.736000e+02 
2.687000e+09 6.569750e+02 
2688000000 6.596000e+02 
2689000000 6.702000e+02 
2690000000 6.661250e+02 
2.691000e+09 6.734750e+02 
2692000000 6.617000e+02 
2693000000 6.650500e+02 
2.694000e+09 6.647000e+02 
2.695000e+09 6.688250e+02 
2696000000 6.693250e+02 
2697000000 6.587500e+02 
2698000000 6.701500e+02 
2.699000e+09 6.636750e+02 
2700000000 6.658500e+02 

END
