IGOR
WAVES/D/O sweep,sig(1) 
BEGIN
2600000000 4.836375e+03 
2601000000 4.852825e+03 
2.602000e+09 4.843500e+03 
2603000000 4.862900e+03 
2604000000 4.845550e+03 
2605000000 4.844225e+03 
2606000000 4.854250e+03 
2607000000 4.856800e+03 
2608000000 4.856825e+03 
2609000000 4.843500e+03 
2.610000e+09 4.844700e+03 
2611000000 4.842125e+03 
2612000000 4.836525e+03 
2613000000 4.841200e+03 
2614000000 4.837575e+03 
2615000000 4.845425e+03 
2616000000 4.840300e+03 
2617000000 4.852825e+03 
2.618000e+09 4.861325e+03 
2619000000 4.846125e+03 
2620000000 4.856875e+03 
2621000000 4.829800e+03 
2622000000 4.828575e+03 
2623000000 4.847100e+03 
2624000000 4.860825e+03 
2625000000 4.856200e+03 
2.626000e+09 4.859500e+03 
2627000000 4.856775e+03 
2628000000 4.840775e+03 
2629000000 4.852025e+03 
2630000000 4.851750e+03 
2631000000 4.853500e+03 
2632000000 4.845950e+03 
2633000000 4.857200e+03 
2.634000e+09 4.865300e+03 
2635000000 4.850400e+03 
2636000000 4.830400e+03 
2637000000 4.855950e+03 
2638000000 4.835425e+03 
2639000000 4.851850e+03 
2640000000 4.847425e+03 
2641000000 4.862325e+03 
2.642000e+09 4.859525e+03 
2643000000 4.851675e+03 
2644000000 4.826175e+03 
2645000000 4.842075e+03 
2646000000 4.823975e+03 
2.647000e+09 4.815350e+03 
2648000000 4.808575e+03 
2649000000 4.799400e+03 
2.650000e+09 4.805275e+03 
2.651000e+09 4.810850e+03 
2652000000 4.815925e+03 
2653000000 4.805225e+03 
2654000000 4.808650e+03 
2.655000e+09 4.801950e+03 
2656000000 4.810575e+03 
2657000000 4.832150e+03 
2.658000e+09 4.817250e+03 
2.659000e+09 4.851200e+03 
2660000000 4.845200e+03 
2661000000 4.837225e+03 
2662000000 4.848200e+03 
2.663000e+09 4.848350e+03 
2664000000 4.836700e+03 
2665000000 4.868400e+03 
2.666000e+09 4.862100e+03 
2.667000e+09 4.844800e+03 
2668000000 4.845325e+03 
2669000000 4.848550e+03 
2670000000 4.849700e+03 
2.671000e+09 4.859700e+03 
2672000000 4.869450e+03 
2673000000 4.845225e+03 
2.674000e+09 4.868625e+03 
2.675000e+09 4.832150e+03 
2676000000 4.853100e+03 
2677000000 4.868625e+03 
2678000000 4.848450e+03 
2.679000e+09 4.859800e+03 
2680000000 4.859650e+03 
2681000000 4.876100e+03 
2682000000 4.869350e+03 
2.683000e+09 4.854875e+03 
2684000000 4.845925e+03 
2685000000 4.861175e+03 
2.686000e+09 4.837300e+03 
2.687000e+09 4.850225e+03 
2688000000 4.840500e+03 
2689000000 4.859575e+03 
2690000000 4.843500e+03 
2.691000e+09 4.862525e+03 
2692000000 4.854200e+03 
2693000000 4.849475e+03 
2.694000e+09 4.836725e+03 
2.695000e+09 4.839950e+03 
2696000000 4.825500e+03 
2697000000 4.824325e+03 
2698000000 4.812175e+03 
2.699000e+09 4.808200e+03 
2700000000 4.803625e+03 

END
