IGOR
WAVES/D/O sweep,sig(1) 
BEGIN
2600000000 6.832000e+02 
2601000000 6.828500e+02 
2.602000e+09 6.830500e+02 
2603000000 6.883750e+02 
2604000000 6.855750e+02 
2605000000 6.816250e+02 
2606000000 6.937250e+02 
2607000000 6.931500e+02 
2608000000 6.894250e+02 
2609000000 6.829250e+02 
2.610000e+09 6.962750e+02 
2611000000 6.857000e+02 
2612000000 6.851500e+02 
2613000000 6.807750e+02 
2614000000 6.848250e+02 
2615000000 6.813750e+02 
2616000000 6.889250e+02 
2617000000 6.819250e+02 
2.618000e+09 6.867000e+02 
2619000000 6.847250e+02 
2620000000 6.814500e+02 
2621000000 6.930250e+02 
2622000000 6.808750e+02 
2623000000 6.822000e+02 
2624000000 6.849000e+02 
2625000000 6.887000e+02 
2.626000e+09 6.808250e+02 
2627000000 6.869250e+02 
2628000000 6.795750e+02 
2629000000 6.773750e+02 
2630000000 6.783750e+02 
2631000000 6.753750e+02 
2632000000 6.799500e+02 
2633000000 6.767250e+02 
2.634000e+09 6.804500e+02 
2635000000 6.788250e+02 
2636000000 6.701250e+02 
2637000000 6.692500e+02 
2638000000 6.710500e+02 
2639000000 6.642750e+02 
2640000000 6.692000e+02 
2641000000 6.686000e+02 
2.642000e+09 6.667750e+02 
2643000000 6.661250e+02 
2644000000 6.744750e+02 
2645000000 6.644000e+02 
2646000000 6.666250e+02 
2.647000e+09 6.731000e+02 
2648000000 6.726750e+02 
2649000000 6.713500e+02 
2.650000e+09 6.698500e+02 
2.651000e+09 6.744000e+02 
2652000000 6.785000e+02 
2653000000 6.848750e+02 
2654000000 6.746250e+02 
2.655000e+09 6.802750e+02 
2656000000 6.859500e+02 
2657000000 6.802250e+02 
2.658000e+09 6.817000e+02 
2.659000e+09 6.808500e+02 
2660000000 6.849500e+02 
2661000000 6.862250e+02 
2662000000 6.909000e+02 
2.663000e+09 6.822000e+02 
2664000000 6.856750e+02 
2665000000 6.911500e+02 
2.666000e+09 6.876250e+02 
2.667000e+09 6.896750e+02 
2668000000 6.824750e+02 
2669000000 6.751750e+02 
2670000000 6.879250e+02 
2.671000e+09 688 
2672000000 6.848500e+02 
2673000000 6.825250e+02 
2.674000e+09 6.866000e+02 
2.675000e+09 6.861750e+02 
2676000000 6.866750e+02 
2677000000 6.831500e+02 
2678000000 6.878000e+02 
2.679000e+09 6.924750e+02 
2680000000 6.811750e+02 
2681000000 6.776500e+02 
2682000000 6.905250e+02 
2.683000e+09 6.842750e+02 
2684000000 6.887250e+02 
2685000000 6.905750e+02 
2.686000e+09 6.913250e+02 
2.687000e+09 6.916500e+02 
2688000000 6.906000e+02 
2689000000 6.911000e+02 
2690000000 6.918750e+02 
2.691000e+09 6.942500e+02 
2692000000 6.865250e+02 
2693000000 6.829500e+02 
2.694000e+09 6.853250e+02 
2.695000e+09 6.843250e+02 
2696000000 6.971500e+02 
2697000000 6.919250e+02 
2698000000 6.929500e+02 
2.699000e+09 6.939000e+02 
2700000000 6.892000e+02 

END
