IGOR
WAVES/D/O sweep,sig(1) 
BEGIN
2600000000 6.710500e+02 
2601000000 6.654500e+02 
2.602000e+09 6.735750e+02 
2603000000 6.745750e+02 
2604000000 6.727000e+02 
2605000000 6.663250e+02 
2606000000 6.733000e+02 
2607000000 6.684250e+02 
2608000000 6.760750e+02 
2609000000 6.717500e+02 
2.610000e+09 6.703500e+02 
2611000000 6.665000e+02 
2612000000 6.679750e+02 
2613000000 6.739750e+02 
2614000000 6.687250e+02 
2615000000 6.673000e+02 
2616000000 6.665250e+02 
2617000000 670 
2.618000e+09 6.749750e+02 
2619000000 6.681000e+02 
2620000000 6.722250e+02 
2621000000 6.689000e+02 
2622000000 6.650250e+02 
2623000000 6.688250e+02 
2624000000 6.709750e+02 
2625000000 6.669250e+02 
2.626000e+09 6.703750e+02 
2627000000 6.697250e+02 
2628000000 6.601250e+02 
2629000000 6.629500e+02 
2630000000 6.712000e+02 
2631000000 6.599250e+02 
2632000000 6.616250e+02 
2633000000 6.627750e+02 
2.634000e+09 6.575500e+02 
2635000000 6.616250e+02 
2636000000 6.577500e+02 
2637000000 6.557250e+02 
2638000000 6.573250e+02 
2639000000 6.570250e+02 
2640000000 6.508000e+02 
2641000000 6.515000e+02 
2.642000e+09 6.507750e+02 
2643000000 6.527750e+02 
2644000000 6.522000e+02 
2645000000 6.593250e+02 
2646000000 6.433250e+02 
2.647000e+09 6.574250e+02 
2648000000 6.579250e+02 
2649000000 6.605250e+02 
2.650000e+09 6.635500e+02 
2.651000e+09 6.565500e+02 
2652000000 6.625750e+02 
2653000000 6.551500e+02 
2654000000 6.666250e+02 
2.655000e+09 6.668250e+02 
2656000000 6.720750e+02 
2657000000 6.666250e+02 
2.658000e+09 6.690250e+02 
2.659000e+09 6.630500e+02 
2660000000 6.643000e+02 
2661000000 6.630750e+02 
2662000000 6.676500e+02 
2.663000e+09 6.659250e+02 
2664000000 6.673250e+02 
2665000000 6.705750e+02 
2.666000e+09 6.694250e+02 
2.667000e+09 6.629750e+02 
2668000000 671 
2669000000 6.684000e+02 
2670000000 6.696000e+02 
2.671000e+09 6.665500e+02 
2672000000 6.663750e+02 
2673000000 6.767250e+02 
2.674000e+09 6.700250e+02 
2.675000e+09 6.704750e+02 
2676000000 6.715500e+02 
2677000000 6.721000e+02 
2678000000 659 
2.679000e+09 6.809750e+02 
2680000000 6.676500e+02 
2681000000 6.677000e+02 
2682000000 6.740250e+02 
2.683000e+09 6.674000e+02 
2684000000 6.706750e+02 
2685000000 6.700250e+02 
2.686000e+09 6.646000e+02 
2.687000e+09 6.711000e+02 
2688000000 6.728250e+02 
2689000000 6.696000e+02 
2690000000 6.744750e+02 
2.691000e+09 6.716250e+02 
2692000000 6.768250e+02 
2693000000 6.696750e+02 
2.694000e+09 6.708000e+02 
2.695000e+09 6.667500e+02 
2696000000 6.777250e+02 
2697000000 6.741000e+02 
2698000000 6.822500e+02 
2.699000e+09 6.696750e+02 
2700000000 6.764750e+02 

END
