IGOR
WAVES/D/O sweep,sig(1) 
BEGIN
2600000000 6.773750e+02 
2601000000 6.641250e+02 
2.602000e+09 6.708000e+02 
2603000000 6.714500e+02 
2604000000 6.786500e+02 
2605000000 6.737500e+02 
2606000000 6.600500e+02 
2607000000 6.751250e+02 
2608000000 6.688000e+02 
2609000000 6.637000e+02 
2.610000e+09 6.676000e+02 
2611000000 6.707000e+02 
2612000000 6.688250e+02 
2613000000 6.691500e+02 
2614000000 6.786750e+02 
2615000000 6.712750e+02 
2616000000 6.696250e+02 
2617000000 6.767750e+02 
2.618000e+09 6.740250e+02 
2619000000 6.694000e+02 
2620000000 6.685000e+02 
2621000000 6.718250e+02 
2622000000 6.736750e+02 
2623000000 6.635500e+02 
2624000000 6.708500e+02 
2625000000 6.718250e+02 
2.626000e+09 6.605000e+02 
2627000000 6.623750e+02 
2628000000 6.659750e+02 
2629000000 6.755750e+02 
2630000000 6.674000e+02 
2631000000 6.676750e+02 
2632000000 6.660750e+02 
2633000000 6.619750e+02 
2.634000e+09 6.602500e+02 
2635000000 6.592750e+02 
2636000000 6.507750e+02 
2637000000 6.575250e+02 
2638000000 6.548500e+02 
2639000000 6.559000e+02 
2640000000 6.558000e+02 
2641000000 6.516500e+02 
2.642000e+09 6.507000e+02 
2643000000 6.553250e+02 
2644000000 6.504000e+02 
2645000000 6.601750e+02 
2646000000 6.578250e+02 
2.647000e+09 6.609250e+02 
2648000000 6.650750e+02 
2649000000 6.539000e+02 
2.650000e+09 6.622250e+02 
2.651000e+09 6.646750e+02 
2652000000 6.689250e+02 
2653000000 6.695500e+02 
2654000000 6.664000e+02 
2.655000e+09 6.673000e+02 
2656000000 6.672500e+02 
2657000000 6.679500e+02 
2.658000e+09 6.633750e+02 
2.659000e+09 6.624500e+02 
2660000000 6.723250e+02 
2661000000 6.579250e+02 
2662000000 6.644000e+02 
2.663000e+09 6.649500e+02 
2664000000 6.699000e+02 
2665000000 6.755500e+02 
2.666000e+09 6.733250e+02 
2.667000e+09 6.767750e+02 
2668000000 6.648750e+02 
2669000000 6.585750e+02 
2670000000 6.741000e+02 
2.671000e+09 6.673750e+02 
2672000000 6.711500e+02 
2673000000 6.716250e+02 
2.674000e+09 6.804000e+02 
2.675000e+09 6.689500e+02 
2676000000 6.723250e+02 
2677000000 6.664000e+02 
2678000000 6.689250e+02 
2.679000e+09 6.742750e+02 
2680000000 6.714500e+02 
2681000000 6.716000e+02 
2682000000 6.728750e+02 
2.683000e+09 6.695500e+02 
2684000000 6.699750e+02 
2685000000 6.774000e+02 
2.686000e+09 6.668500e+02 
2.687000e+09 6.726500e+02 
2688000000 6.745250e+02 
2689000000 6.701750e+02 
2690000000 6.731750e+02 
2.691000e+09 6.685500e+02 
2692000000 6.691500e+02 
2693000000 6.795000e+02 
2.694000e+09 6.694000e+02 
2.695000e+09 6.721750e+02 
2696000000 6.689000e+02 
2697000000 6.664250e+02 
2698000000 6.690750e+02 
2.699000e+09 6.772250e+02 
2700000000 6.727500e+02 

END
