IGOR
WAVES/D/O sweep,sig(1) 
BEGIN
2600000000 6.885500e+02 
2601000000 6.837250e+02 
2.602000e+09 6.757000e+02 
2603000000 6.806250e+02 
2604000000 6.813250e+02 
2605000000 6.795250e+02 
2606000000 6.785500e+02 
2607000000 6.779000e+02 
2608000000 6.778750e+02 
2609000000 6.756750e+02 
2.610000e+09 6.839500e+02 
2611000000 685 
2612000000 6.870250e+02 
2613000000 6.841500e+02 
2614000000 6.823250e+02 
2615000000 6.819500e+02 
2616000000 6.812750e+02 
2617000000 6.730750e+02 
2.618000e+09 6.804500e+02 
2619000000 6.821500e+02 
2620000000 6.782750e+02 
2621000000 6.744250e+02 
2622000000 6.755000e+02 
2623000000 6.759750e+02 
2624000000 6.776750e+02 
2625000000 6.847750e+02 
2.626000e+09 6.821250e+02 
2627000000 6.773500e+02 
2628000000 6.809000e+02 
2629000000 6.714000e+02 
2630000000 6.789500e+02 
2631000000 6.716000e+02 
2632000000 6.748750e+02 
2633000000 6.755750e+02 
2.634000e+09 6.747500e+02 
2635000000 6.707250e+02 
2636000000 6.745750e+02 
2637000000 6.686500e+02 
2638000000 6.681000e+02 
2639000000 6.606250e+02 
2640000000 6.708000e+02 
2641000000 6.542500e+02 
2.642000e+09 6.598500e+02 
2643000000 6.659750e+02 
2644000000 6.628750e+02 
2645000000 6.711500e+02 
2646000000 6.675500e+02 
2.647000e+09 6.690500e+02 
2648000000 6.676750e+02 
2649000000 6.703500e+02 
2.650000e+09 6.664750e+02 
2.651000e+09 6.723250e+02 
2652000000 6.820750e+02 
2653000000 6.785500e+02 
2654000000 6.825250e+02 
2.655000e+09 6.825750e+02 
2656000000 6.793750e+02 
2657000000 6.772250e+02 
2.658000e+09 6.766500e+02 
2.659000e+09 6.856250e+02 
2660000000 6.762500e+02 
2661000000 6.783500e+02 
2662000000 6.814750e+02 
2.663000e+09 6.823750e+02 
2664000000 6.846500e+02 
2665000000 6.846750e+02 
2.666000e+09 6.803250e+02 
2.667000e+09 6.791750e+02 
2668000000 6.826750e+02 
2669000000 6.811500e+02 
2670000000 6.758250e+02 
2.671000e+09 6.787250e+02 
2672000000 6.892000e+02 
2673000000 6.814750e+02 
2.674000e+09 6.769750e+02 
2.675000e+09 6.870500e+02 
2676000000 6.870500e+02 
2677000000 6.925000e+02 
2678000000 6.829250e+02 
2.679000e+09 6.868750e+02 
2680000000 6.808250e+02 
2681000000 6.851000e+02 
2682000000 6.878000e+02 
2.683000e+09 6.776250e+02 
2684000000 6.832250e+02 
2685000000 6.842000e+02 
2.686000e+09 6.959750e+02 
2.687000e+09 6.864250e+02 
2688000000 6.791250e+02 
2689000000 6.888500e+02 
2690000000 6.874500e+02 
2.691000e+09 6.823000e+02 
2692000000 6.777500e+02 
2693000000 6.774500e+02 
2.694000e+09 6.837500e+02 
2.695000e+09 689 
2696000000 6.853750e+02 
2697000000 6.881750e+02 
2698000000 6.877750e+02 
2.699000e+09 6.817500e+02 
2700000000 6.908000e+02 

END
