IGOR
WAVES/D/O sweep,sig(1) 
BEGIN
2600000000 6.406750e+02 
2601000000 6.486000e+02 
2.602000e+09 6.382250e+02 
2603000000 6.431250e+02 
2604000000 6.471000e+02 
2605000000 6.431500e+02 
2606000000 6.446250e+02 
2607000000 6.460500e+02 
2608000000 6.456000e+02 
2609000000 6.508250e+02 
2.610000e+09 6.408750e+02 
2611000000 6.422250e+02 
2612000000 6.452000e+02 
2613000000 6.512750e+02 
2614000000 6.427750e+02 
2615000000 6.376750e+02 
2616000000 6.419000e+02 
2617000000 6.375000e+02 
2.618000e+09 639 
2619000000 6.402250e+02 
2620000000 6.412500e+02 
2621000000 6.381250e+02 
2622000000 6.447000e+02 
2623000000 6.382250e+02 
2624000000 6.445250e+02 
2625000000 6.408250e+02 
2.626000e+09 6.431500e+02 
2627000000 6.388250e+02 
2628000000 6.458500e+02 
2629000000 6.391250e+02 
2630000000 6.393250e+02 
2631000000 6.416750e+02 
2632000000 6.393000e+02 
2633000000 6.393250e+02 
2.634000e+09 6.349250e+02 
2635000000 6.378250e+02 
2636000000 6.338500e+02 
2637000000 6.325250e+02 
2638000000 6.315000e+02 
2639000000 6.324000e+02 
2640000000 6.313500e+02 
2641000000 6.292250e+02 
2.642000e+09 6.211500e+02 
2643000000 6.219750e+02 
2644000000 627 
2645000000 6.279750e+02 
2646000000 6.308250e+02 
2.647000e+09 6.352500e+02 
2648000000 6.336500e+02 
2649000000 6.252750e+02 
2.650000e+09 6.304000e+02 
2.651000e+09 6.329500e+02 
2652000000 6.379500e+02 
2653000000 6.281250e+02 
2654000000 6.389000e+02 
2.655000e+09 6.351750e+02 
2656000000 635 
2657000000 6.388750e+02 
2.658000e+09 6.366000e+02 
2.659000e+09 6.430750e+02 
2660000000 6.507250e+02 
2661000000 6.398500e+02 
2662000000 6.424250e+02 
2.663000e+09 6.463500e+02 
2664000000 6.461750e+02 
2665000000 6.481000e+02 
2.666000e+09 6.404750e+02 
2.667000e+09 6.397250e+02 
2668000000 6.491500e+02 
2669000000 6.424750e+02 
2670000000 6.446000e+02 
2.671000e+09 6.396000e+02 
2672000000 6.480750e+02 
2673000000 6.426750e+02 
2.674000e+09 6.475750e+02 
2.675000e+09 6.456750e+02 
2676000000 6.438000e+02 
2677000000 6.443500e+02 
2678000000 6.450500e+02 
2.679000e+09 6.498750e+02 
2680000000 6.452000e+02 
2681000000 6.528500e+02 
2682000000 6.456750e+02 
2.683000e+09 6.456000e+02 
2684000000 6.402750e+02 
2685000000 6.428000e+02 
2.686000e+09 6.457250e+02 
2.687000e+09 6.425250e+02 
2688000000 6.453750e+02 
2689000000 6.509500e+02 
2690000000 6.474250e+02 
2.691000e+09 6.505250e+02 
2692000000 6.506750e+02 
2693000000 6.396250e+02 
2.694000e+09 6.459250e+02 
2.695000e+09 6.430500e+02 
2696000000 6.488000e+02 
2697000000 6.506000e+02 
2698000000 6.456500e+02 
2.699000e+09 644 
2700000000 6.446750e+02 

END
