IGOR
WAVES/D/O sweep,sig(1) 
BEGIN
2670000000 7.995500e+02 
2.672000e+09 8.057500e+02 
2674000000 7.993500e+02 
2676000000 7.949000e+02 
2678000000 8.038000e+02 
2.680000e+09 7.967500e+02 
2682000000 7.994500e+02 
2684000000 7.901500e+02 
2686000000 7.895500e+02 
2.688000e+09 800 
2690000000 8.029500e+02 
2692000000 7.961000e+02 
2694000000 8.013000e+02 
2.696000e+09 8.074000e+02 
2698000000 8.086000e+02 
2700000000 7.992000e+02 
2702000000 8.051500e+02 
2.704000e+09 7.951500e+02 
2706000000 8.082000e+02 
2708000000 7.909000e+02 
2710000000 8.059000e+02 
2.712000e+09 8.005500e+02 
2714000000 8.002500e+02 
2716000000 7.994000e+02 
2718000000 7.918500e+02 
2.720000e+09 8.012000e+02 
2722000000 7.962500e+02 
2724000000 7.948500e+02 
2726000000 8.010500e+02 
2.728000e+09 7.865500e+02 
2730000000 8.075500e+02 
2732000000 7.893500e+02 
2734000000 8.083000e+02 
2736000000 8.035500e+02 
2738000000 801 
2740000000 7.983000e+02 
2742000000 8.081000e+02 
2744000000 8.054000e+02 
2746000000 7.918500e+02 
2748000000 7.998500e+02 
2750000000 8.014000e+02 
2752000000 7.996000e+02 
2754000000 7.938500e+02 
2756000000 7.959500e+02 
2758000000 7.909500e+02 
2760000000 7.999000e+02 
2762000000 7.961500e+02 
2764000000 7.937500e+02 
2766000000 8.031000e+02 
2768000000 7.779000e+02 
2770000000 7.984500e+02 
2.772000e+09 795 
2774000000 8.059500e+02 
2776000000 8.070500e+02 
2778000000 8.019000e+02 
2.780000e+09 790 
2782000000 783 
2784000000 8.071000e+02 
2786000000 7.940500e+02 
2.788000e+09 7.911000e+02 
2790000000 7.977500e+02 
2792000000 7.841000e+02 
2794000000 7.959500e+02 
2.796000e+09 7.966000e+02 
2798000000 7.975000e+02 
2800000000 7.965000e+02 
2802000000 7.885500e+02 
2.804000e+09 8.088500e+02 
2806000000 8.034000e+02 
2808000000 7.918500e+02 
2810000000 7.918000e+02 
2.812000e+09 7.922500e+02 
2814000000 7.859500e+02 
2816000000 8.048500e+02 
2818000000 7.871500e+02 
2.820000e+09 8.008500e+02 
2822000000 7.924000e+02 
2824000000 7.974000e+02 
2826000000 7.965500e+02 
2.828000e+09 7.983500e+02 
2830000000 7.824000e+02 
2832000000 7.871500e+02 
2834000000 7.845000e+02 
2.836000e+09 7.929500e+02 
2838000000 7.746000e+02 
2840000000 7.820500e+02 
2842000000 7.594000e+02 
2.844000e+09 7.643000e+02 
2846000000 7.510500e+02 
2848000000 7.681500e+02 
2850000000 7.581000e+02 
2.852000e+09 7.485000e+02 
2854000000 7.566500e+02 
2856000000 7.648000e+02 
2858000000 7.678500e+02 
2.860000e+09 7.616000e+02 
2862000000 7.722000e+02 
2864000000 7.710500e+02 
2866000000 7.741000e+02 
2.868000e+09 7.785500e+02 
2870000000 7.834000e+02 

END
