IGOR
WAVES/D/O sweep,sig(1) 
BEGIN
2600000000 6.463500e+02 
2601000000 6.575500e+02 
2.602000e+09 6.583750e+02 
2603000000 6.511000e+02 
2604000000 6.531000e+02 
2605000000 6.389250e+02 
2606000000 6.531500e+02 
2607000000 650 
2608000000 6.445500e+02 
2609000000 6.523500e+02 
2.610000e+09 6.492750e+02 
2611000000 6.496750e+02 
2612000000 6.577000e+02 
2613000000 6.507000e+02 
2614000000 6.483750e+02 
2615000000 6.571500e+02 
2616000000 6.526250e+02 
2617000000 6.458500e+02 
2.618000e+09 6.530750e+02 
2619000000 6.581250e+02 
2620000000 6.561500e+02 
2621000000 6.517500e+02 
2622000000 6.506250e+02 
2623000000 6.485250e+02 
2624000000 6.525500e+02 
2625000000 652 
2.626000e+09 6.451750e+02 
2627000000 6.439000e+02 
2628000000 6.406250e+02 
2629000000 6.405750e+02 
2630000000 6.412000e+02 
2631000000 6.469750e+02 
2632000000 6.485750e+02 
2633000000 6.492000e+02 
2.634000e+09 6.476500e+02 
2635000000 6.375500e+02 
2636000000 6.393000e+02 
2637000000 6.376750e+02 
2638000000 6.410500e+02 
2639000000 6.423000e+02 
2640000000 6.377000e+02 
2641000000 6.346750e+02 
2.642000e+09 6.338500e+02 
2643000000 6.402000e+02 
2644000000 638 
2645000000 6.353500e+02 
2646000000 6.411500e+02 
2.647000e+09 6.439000e+02 
2648000000 6.412750e+02 
2649000000 6.342000e+02 
2.650000e+09 6.448500e+02 
2.651000e+09 6.452250e+02 
2652000000 6.366250e+02 
2653000000 6.473250e+02 
2654000000 6.458000e+02 
2.655000e+09 6.456750e+02 
2656000000 6.502250e+02 
2657000000 6.545500e+02 
2.658000e+09 6.525500e+02 
2.659000e+09 6.452500e+02 
2660000000 6.435250e+02 
2661000000 6.492000e+02 
2662000000 6.447000e+02 
2.663000e+09 6.459500e+02 
2664000000 6.491750e+02 
2665000000 6.540500e+02 
2.666000e+09 6.553250e+02 
2.667000e+09 6.538500e+02 
2668000000 6.542500e+02 
2669000000 6.492250e+02 
2670000000 6.562500e+02 
2.671000e+09 6.521750e+02 
2672000000 6.493750e+02 
2673000000 6.578750e+02 
2.674000e+09 6.543000e+02 
2.675000e+09 6.601500e+02 
2676000000 6.515750e+02 
2677000000 6.515000e+02 
2678000000 6.601250e+02 
2.679000e+09 650 
2680000000 6.578500e+02 
2681000000 653 
2682000000 6.601750e+02 
2.683000e+09 6.513750e+02 
2684000000 6.498000e+02 
2685000000 6.556000e+02 
2.686000e+09 6.525750e+02 
2.687000e+09 6.452750e+02 
2688000000 6.583750e+02 
2689000000 6.580500e+02 
2690000000 6.543250e+02 
2.691000e+09 6.549750e+02 
2692000000 6.556250e+02 
2693000000 6.539250e+02 
2.694000e+09 6.659250e+02 
2.695000e+09 6.591750e+02 
2696000000 6.526000e+02 
2697000000 6.547500e+02 
2698000000 6.501750e+02 
2.699000e+09 654 
2700000000 6.604250e+02 

END
