IGOR
WAVES/D/O sweep,sig(1) 
BEGIN
2600000000 6.508500e+02 
2601000000 6.522750e+02 
2.602000e+09 6.511250e+02 
2603000000 6.552250e+02 
2604000000 6.584500e+02 
2605000000 6.596000e+02 
2606000000 6.536250e+02 
2607000000 6.579000e+02 
2608000000 6.466500e+02 
2609000000 6.536750e+02 
2.610000e+09 6.465000e+02 
2611000000 6.532500e+02 
2612000000 6.547500e+02 
2613000000 6.538500e+02 
2614000000 6.478750e+02 
2615000000 6.501250e+02 
2616000000 6.574750e+02 
2617000000 6.567500e+02 
2.618000e+09 6.512500e+02 
2619000000 6.489250e+02 
2620000000 6.488750e+02 
2621000000 6.485250e+02 
2622000000 6.531250e+02 
2623000000 6.443000e+02 
2624000000 6.451000e+02 
2625000000 6.456000e+02 
2.626000e+09 6.543500e+02 
2627000000 6.528000e+02 
2628000000 6.559500e+02 
2629000000 6.516000e+02 
2630000000 6.454000e+02 
2631000000 6.498000e+02 
2632000000 6.390750e+02 
2633000000 6.479250e+02 
2.634000e+09 6.456750e+02 
2635000000 6.415000e+02 
2636000000 6.390250e+02 
2637000000 6.322750e+02 
2638000000 6.428750e+02 
2639000000 6.424750e+02 
2640000000 6.342500e+02 
2641000000 6.378500e+02 
2.642000e+09 6.338250e+02 
2643000000 6.405000e+02 
2644000000 6.322250e+02 
2645000000 6.339000e+02 
2646000000 6.390250e+02 
2.647000e+09 6.348250e+02 
2648000000 6.347250e+02 
2649000000 6.362750e+02 
2.650000e+09 6.382750e+02 
2.651000e+09 6.416750e+02 
2652000000 6.466250e+02 
2653000000 6.456500e+02 
2654000000 6.464500e+02 
2.655000e+09 6.507000e+02 
2656000000 6.470750e+02 
2657000000 6.475250e+02 
2.658000e+09 6.409250e+02 
2.659000e+09 6.491750e+02 
2660000000 649 
2661000000 6.524000e+02 
2662000000 6.413000e+02 
2.663000e+09 6.376750e+02 
2664000000 6.623750e+02 
2665000000 6.473250e+02 
2.666000e+09 6.499750e+02 
2.667000e+09 6.497250e+02 
2668000000 6.581500e+02 
2669000000 6.521500e+02 
2670000000 6.516500e+02 
2.671000e+09 6.487500e+02 
2672000000 6.475000e+02 
2673000000 6.536000e+02 
2.674000e+09 6.531500e+02 
2.675000e+09 6.481750e+02 
2676000000 6.554750e+02 
2677000000 6.539000e+02 
2678000000 6.591750e+02 
2.679000e+09 6.522500e+02 
2680000000 6.523500e+02 
2681000000 6.591500e+02 
2682000000 6.561750e+02 
2.683000e+09 6.596000e+02 
2684000000 6.462500e+02 
2685000000 6.547250e+02 
2.686000e+09 6.526750e+02 
2.687000e+09 6.643000e+02 
2688000000 6.525500e+02 
2689000000 6.471000e+02 
2690000000 6.468750e+02 
2.691000e+09 6.539250e+02 
2692000000 6.526750e+02 
2693000000 6.607250e+02 
2.694000e+09 6.538750e+02 
2.695000e+09 6.516500e+02 
2696000000 6.544750e+02 
2697000000 6.532000e+02 
2698000000 6.562250e+02 
2.699000e+09 6.573750e+02 
2700000000 6.521500e+02 

END
