IGOR
WAVES/D/O sweep,sig(1) 
BEGIN
2600000000 7.106500e+02 
2601000000 7.065750e+02 
2.602000e+09 7.048750e+02 
2603000000 7.114750e+02 
2604000000 7.114000e+02 
2605000000 7.118000e+02 
2606000000 7.183500e+02 
2607000000 7.130500e+02 
2608000000 701 
2609000000 7.096500e+02 
2.610000e+09 7.096250e+02 
2611000000 707 
2612000000 7.106750e+02 
2613000000 7.095250e+02 
2614000000 7.055000e+02 
2615000000 7.067750e+02 
2616000000 7.073500e+02 
2617000000 7.033750e+02 
2.618000e+09 7.109500e+02 
2619000000 7.079000e+02 
2620000000 7.148000e+02 
2621000000 7.122750e+02 
2622000000 7.106250e+02 
2623000000 7.081250e+02 
2624000000 703 
2625000000 7.129750e+02 
2.626000e+09 7.069750e+02 
2627000000 7.098500e+02 
2628000000 7.080750e+02 
2629000000 7.071000e+02 
2630000000 7.037500e+02 
2631000000 7.013250e+02 
2632000000 7.071500e+02 
2633000000 7.079500e+02 
2.634000e+09 7.028500e+02 
2635000000 7.027750e+02 
2636000000 6.964500e+02 
2637000000 6.917250e+02 
2638000000 6.931250e+02 
2639000000 692 
2640000000 6.863250e+02 
2641000000 6.904000e+02 
2.642000e+09 6.915000e+02 
2643000000 6.922000e+02 
2644000000 6.813500e+02 
2645000000 6.899000e+02 
2646000000 6.924750e+02 
2.647000e+09 6.935000e+02 
2648000000 6.993750e+02 
2649000000 7.002250e+02 
2.650000e+09 6.980750e+02 
2.651000e+09 6.958000e+02 
2652000000 7.030500e+02 
2653000000 7.013750e+02 
2654000000 6.957750e+02 
2.655000e+09 7.036250e+02 
2656000000 7.063250e+02 
2657000000 7.151500e+02 
2.658000e+09 7.067750e+02 
2.659000e+09 7.022750e+02 
2660000000 7.013500e+02 
2661000000 7.138750e+02 
2662000000 7.043750e+02 
2.663000e+09 7.079000e+02 
2664000000 7.139250e+02 
2665000000 7.053750e+02 
2.666000e+09 7.079750e+02 
2.667000e+09 7.012000e+02 
2668000000 7.054500e+02 
2669000000 7.131500e+02 
2670000000 7.043750e+02 
2.671000e+09 7.055000e+02 
2672000000 7.137500e+02 
2673000000 7.064250e+02 
2.674000e+09 7.015250e+02 
2.675000e+09 7.030500e+02 
2676000000 7.143500e+02 
2677000000 7.154500e+02 
2678000000 7.090500e+02 
2.679000e+09 7.100500e+02 
2680000000 7.045000e+02 
2681000000 7.026000e+02 
2682000000 7.098750e+02 
2.683000e+09 7.103500e+02 
2684000000 7.105250e+02 
2685000000 7.111250e+02 
2.686000e+09 7.114250e+02 
2.687000e+09 7.071500e+02 
2688000000 7.042500e+02 
2689000000 7.097500e+02 
2690000000 7.079500e+02 
2.691000e+09 7.100750e+02 
2692000000 7.119000e+02 
2693000000 7.118000e+02 
2.694000e+09 7.103000e+02 
2.695000e+09 7.265250e+02 
2696000000 7.115000e+02 
2697000000 7.168250e+02 
2698000000 7.115250e+02 
2.699000e+09 705 
2700000000 7.064750e+02 

END
