IGOR
WAVES/D/O sweep,sig(1) 
BEGIN
2600000000 6.476000e+02 
2601000000 6.409000e+02 
2.602000e+09 6.417250e+02 
2603000000 6.418250e+02 
2604000000 6.465000e+02 
2605000000 6.439000e+02 
2606000000 6.491750e+02 
2607000000 6.533750e+02 
2608000000 6.433500e+02 
2609000000 6.471250e+02 
2.610000e+09 6.438000e+02 
2611000000 6.463250e+02 
2612000000 6.454000e+02 
2613000000 6.464250e+02 
2614000000 6.485500e+02 
2615000000 6.497750e+02 
2616000000 6.476000e+02 
2617000000 6.385750e+02 
2.618000e+09 6.503750e+02 
2619000000 6.475750e+02 
2620000000 6.412750e+02 
2621000000 6.434250e+02 
2622000000 6.432750e+02 
2623000000 6.491500e+02 
2624000000 6.495250e+02 
2625000000 6.438500e+02 
2.626000e+09 6.462500e+02 
2627000000 6.436000e+02 
2628000000 6.460500e+02 
2629000000 6.449750e+02 
2630000000 6.373750e+02 
2631000000 6.401500e+02 
2632000000 6.414500e+02 
2633000000 6.296250e+02 
2.634000e+09 6.343750e+02 
2635000000 6.415500e+02 
2636000000 6.394750e+02 
2637000000 6.318000e+02 
2638000000 6.286750e+02 
2639000000 6.374500e+02 
2640000000 6.347750e+02 
2641000000 6.279250e+02 
2.642000e+09 6.320750e+02 
2643000000 6.319500e+02 
2644000000 6.236250e+02 
2645000000 6.306750e+02 
2646000000 6.324000e+02 
2.647000e+09 6.355250e+02 
2648000000 6.369500e+02 
2649000000 6.350250e+02 
2.650000e+09 6.374250e+02 
2.651000e+09 6.365250e+02 
2652000000 6.419500e+02 
2653000000 6.422000e+02 
2654000000 6.356500e+02 
2.655000e+09 639 
2656000000 6.450750e+02 
2657000000 6.454250e+02 
2.658000e+09 6.438250e+02 
2.659000e+09 6.425750e+02 
2660000000 6.372750e+02 
2661000000 6.448750e+02 
2662000000 6.436500e+02 
2.663000e+09 6.453000e+02 
2664000000 6.460250e+02 
2665000000 6.426250e+02 
2.666000e+09 6.486000e+02 
2.667000e+09 6.514250e+02 
2668000000 6.436000e+02 
2669000000 6.447000e+02 
2670000000 6.481250e+02 
2.671000e+09 6.519250e+02 
2672000000 6.516000e+02 
2673000000 6.434500e+02 
2.674000e+09 6.428500e+02 
2.675000e+09 6.461000e+02 
2676000000 6.448250e+02 
2677000000 6.475250e+02 
2678000000 6.564250e+02 
2.679000e+09 6.353250e+02 
2680000000 6.414250e+02 
2681000000 6.424250e+02 
2682000000 6.447000e+02 
2.683000e+09 6.572250e+02 
2684000000 6.501250e+02 
2685000000 6.400500e+02 
2.686000e+09 6.446250e+02 
2.687000e+09 6.474750e+02 
2688000000 6.412750e+02 
2689000000 6.508000e+02 
2690000000 6.498000e+02 
2.691000e+09 6.519250e+02 
2692000000 6.486500e+02 
2693000000 6.548000e+02 
2.694000e+09 6.426250e+02 
2.695000e+09 6.443500e+02 
2696000000 6.450250e+02 
2697000000 6.498250e+02 
2698000000 6.497500e+02 
2.699000e+09 6.400250e+02 
2700000000 6.474250e+02 

END
