IGOR
WAVES/D/O sweep,sig(1) 
BEGIN
2600000000 6.856250e+02 
2601000000 6.764250e+02 
2.602000e+09 6.751750e+02 
2603000000 6.789000e+02 
2604000000 6.722750e+02 
2605000000 678 
2606000000 6.884250e+02 
2607000000 6.794250e+02 
2608000000 6.754250e+02 
2609000000 6.772750e+02 
2.610000e+09 6.750500e+02 
2611000000 6.742750e+02 
2612000000 6.831500e+02 
2613000000 6.766250e+02 
2614000000 6.771250e+02 
2615000000 6.822000e+02 
2616000000 6.787000e+02 
2617000000 6.782750e+02 
2.618000e+09 6.809250e+02 
2619000000 6.776000e+02 
2620000000 6.828250e+02 
2621000000 6.752000e+02 
2622000000 6.869500e+02 
2623000000 6.871250e+02 
2624000000 6.782000e+02 
2625000000 6.848500e+02 
2.626000e+09 6.768750e+02 
2627000000 6.752500e+02 
2628000000 6.781750e+02 
2629000000 6.774000e+02 
2630000000 6.830750e+02 
2631000000 6.721000e+02 
2632000000 6.701000e+02 
2633000000 6.672250e+02 
2.634000e+09 6.656500e+02 
2635000000 6.611250e+02 
2636000000 6.667000e+02 
2637000000 6.656250e+02 
2638000000 6.661750e+02 
2639000000 6.674000e+02 
2640000000 6.680750e+02 
2641000000 6.685750e+02 
2.642000e+09 6.585750e+02 
2643000000 6.620250e+02 
2644000000 6.612500e+02 
2645000000 6.711250e+02 
2646000000 6.585750e+02 
2.647000e+09 6.700500e+02 
2648000000 6.673000e+02 
2649000000 6.635500e+02 
2.650000e+09 6.683750e+02 
2.651000e+09 6.722000e+02 
2652000000 6.759750e+02 
2653000000 6.668250e+02 
2654000000 6.736000e+02 
2.655000e+09 6.771250e+02 
2656000000 6.755000e+02 
2657000000 6.810500e+02 
2.658000e+09 6.731750e+02 
2.659000e+09 6.793750e+02 
2660000000 6.898500e+02 
2661000000 6.781250e+02 
2662000000 6.766500e+02 
2.663000e+09 6.785500e+02 
2664000000 6.798000e+02 
2665000000 6.804000e+02 
2.666000e+09 6.788000e+02 
2.667000e+09 6.795500e+02 
2668000000 6.795250e+02 
2669000000 6.823250e+02 
2670000000 6.790750e+02 
2.671000e+09 6.785750e+02 
2672000000 6.848000e+02 
2673000000 6.804750e+02 
2.674000e+09 6.769250e+02 
2.675000e+09 6.767250e+02 
2676000000 6.831000e+02 
2677000000 6.822000e+02 
2678000000 6.709250e+02 
2.679000e+09 6.818500e+02 
2680000000 6.837750e+02 
2681000000 6.769000e+02 
2682000000 6.756000e+02 
2.683000e+09 6.803750e+02 
2684000000 6.732750e+02 
2685000000 689 
2.686000e+09 6.839000e+02 
2.687000e+09 6.856500e+02 
2688000000 6.785250e+02 
2689000000 6.824250e+02 
2690000000 6.839500e+02 
2.691000e+09 6.819750e+02 
2692000000 676 
2693000000 6.857750e+02 
2.694000e+09 6.894250e+02 
2.695000e+09 6.834250e+02 
2696000000 6.819750e+02 
2697000000 690 
2698000000 6.737250e+02 
2.699000e+09 6.803750e+02 
2700000000 6.785000e+02 

END
