IGOR
WAVES/D/O sweep,sig(1) 
BEGIN
2600000000 6.666750e+02 
2601000000 6.677250e+02 
2.602000e+09 6.657500e+02 
2603000000 6.715750e+02 
2604000000 6.703750e+02 
2605000000 6.685000e+02 
2606000000 6.658250e+02 
2607000000 6.666000e+02 
2608000000 6.754500e+02 
2609000000 6.651500e+02 
2.610000e+09 6.732500e+02 
2611000000 6.669750e+02 
2612000000 6.641500e+02 
2613000000 6.719750e+02 
2614000000 6.705000e+02 
2615000000 6.660250e+02 
2616000000 6.621500e+02 
2617000000 6.667250e+02 
2.618000e+09 6.636500e+02 
2619000000 6.657500e+02 
2620000000 6.731750e+02 
2621000000 6.693000e+02 
2622000000 6.675250e+02 
2623000000 6.652750e+02 
2624000000 6.640750e+02 
2625000000 6.689000e+02 
2.626000e+09 6.713000e+02 
2627000000 6.639250e+02 
2628000000 6.712000e+02 
2629000000 6.603500e+02 
2630000000 6.695750e+02 
2631000000 6.635000e+02 
2632000000 6.586250e+02 
2633000000 6.604250e+02 
2.634000e+09 6.658000e+02 
2635000000 6.563000e+02 
2636000000 6.540750e+02 
2637000000 6.543000e+02 
2638000000 6.552500e+02 
2639000000 6.487250e+02 
2640000000 6.544500e+02 
2641000000 6.528250e+02 
2.642000e+09 6.552000e+02 
2643000000 6.515500e+02 
2644000000 6.635000e+02 
2645000000 6.575000e+02 
2646000000 6.540500e+02 
2.647000e+09 6.562750e+02 
2648000000 6.653750e+02 
2649000000 6.568250e+02 
2.650000e+09 6.636250e+02 
2.651000e+09 654 
2652000000 6.515500e+02 
2653000000 6.637500e+02 
2654000000 6.632500e+02 
2.655000e+09 6.595250e+02 
2656000000 6.636500e+02 
2657000000 669 
2.658000e+09 6.683250e+02 
2.659000e+09 6.635000e+02 
2660000000 6.677000e+02 
2661000000 6.632750e+02 
2662000000 6.647250e+02 
2.663000e+09 6.718500e+02 
2664000000 6.704500e+02 
2665000000 6.620250e+02 
2.666000e+09 6.659750e+02 
2.667000e+09 6.622250e+02 
2668000000 6.706750e+02 
2669000000 6.612500e+02 
2670000000 6.712000e+02 
2.671000e+09 6.707500e+02 
2672000000 6.732250e+02 
2673000000 6.730750e+02 
2.674000e+09 6.771250e+02 
2.675000e+09 6.752750e+02 
2676000000 6.662500e+02 
2677000000 6.694250e+02 
2678000000 6.682500e+02 
2.679000e+09 6.711250e+02 
2680000000 6.669250e+02 
2681000000 6.698500e+02 
2682000000 6.694000e+02 
2.683000e+09 6.688500e+02 
2684000000 6.682000e+02 
2685000000 6.654500e+02 
2.686000e+09 6.730250e+02 
2.687000e+09 6.654250e+02 
2688000000 6.721500e+02 
2689000000 665 
2690000000 6.694500e+02 
2.691000e+09 6.630250e+02 
2692000000 6.692500e+02 
2693000000 6.675250e+02 
2.694000e+09 6.755250e+02 
2.695000e+09 6.718250e+02 
2696000000 6.736750e+02 
2697000000 6.785500e+02 
2698000000 6.671250e+02 
2.699000e+09 6.707500e+02 
2700000000 6.658750e+02 

END
