IGOR
WAVES/D/O sweep,sig(1) 
BEGIN
2570000000 3.472750e+02 
2571500000 3.445750e+02 
2573000000 3.436750e+02 
2574500000 3.432500e+02 
2.576000e+09 3.451500e+02 
2.577500e+09 3.448500e+02 
2.579000e+09 3.507000e+02 
2580500000 3.458250e+02 
2582000000 3.437500e+02 
2583500000 3.413750e+02 
2585000000 3.397750e+02 
2586500000 3.504250e+02 
2588000000 3.464750e+02 
2.589500e+09 3.448250e+02 
2.591000e+09 3.473250e+02 
2592500000 3.506000e+02 
2594000000 3.485500e+02 
2595500000 3.409750e+02 
2597000000 3.460500e+02 
2598500000 3.449500e+02 
2.600000e+09 3.426250e+02 
2.601500e+09 3.374250e+02 
2.603000e+09 3.495750e+02 
2604500000 3.441250e+02 
2606000000 3.453250e+02 
2607500000 3.461750e+02 
2609000000 3.428500e+02 
2610500000 3.435000e+02 
2612000000 3.441750e+02 
2.613500e+09 3.479250e+02 
2615000000 3.466000e+02 
2616500000 3.430250e+02 
2618000000 3.443750e+02 
2619500000 3.440500e+02 
2621000000 3.374250e+02 
2622500000 343 
2.624000e+09 3.473500e+02 
2.625500e+09 3.492000e+02 
2627000000 3.504500e+02 
2628500000 3.391750e+02 
2630000000 3.407250e+02 
2631500000 3.426750e+02 
2633000000 3.468500e+02 
2634500000 3.401000e+02 
2636000000 3.505500e+02 
2.637500e+09 3.432500e+02 
2639000000 3.433000e+02 
2640500000 3.434500e+02 
2642000000 3.522500e+02 
2643500000 3.446750e+02 
2645000000 344 
2646500000 347 
2.648000e+09 3.471750e+02 
2.649500e+09 3.490250e+02 
2651000000 3.461750e+02 
2652500000 3.479000e+02 
2654000000 3.500750e+02 
2655500000 3.454500e+02 
2657000000 3.480250e+02 
2658500000 3.437750e+02 
2.660000e+09 3.453000e+02 
2.661500e+09 3.477750e+02 
2663000000 3.404000e+02 
2664500000 3.457000e+02 
2666000000 3.450750e+02 
2667500000 3.455250e+02 
2669000000 3.456000e+02 
2670500000 3.434250e+02 
2672000000 3.446500e+02 
2673500000 3.463750e+02 
2675000000 3.469000e+02 
2676500000 346 
2678000000 3.461750e+02 
2679500000 3.466000e+02 
2681000000 3.443000e+02 
2682500000 3.451250e+02 
2.684000e+09 3.408750e+02 
2685500000 3.477250e+02 
2687000000 343 
2688500000 3.455750e+02 
2690000000 3.497500e+02 
2691500000 3.416750e+02 
2693000000 346 
2694500000 3.429000e+02 
2.696000e+09 3.543000e+02 
2697500000 3.473750e+02 
2699000000 3.496000e+02 
2700500000 3.479500e+02 
2702000000 3.447250e+02 
2703500000 3.461000e+02 
2705000000 3.461750e+02 
2706500000 3.440750e+02 
2708000000 3.491250e+02 
2709500000 3.436500e+02 
2711000000 3.456250e+02 
2712500000 3.447000e+02 
2714000000 3.450750e+02 
2715500000 3.418750e+02 
2717000000 3.444500e+02 
2718500000 3.369250e+02 
2.720000e+09 3.501250e+02 
2721500000 3.445500e+02 
2723000000 3.448500e+02 
2724500000 3.447750e+02 
2726000000 3.426250e+02 
2727500000 3.491000e+02 
2729000000 3.441500e+02 
2730500000 3.469250e+02 
2732000000 3.438250e+02 
2733500000 3.512750e+02 
2735000000 3.428750e+02 
2736500000 3.428750e+02 
2738000000 3.455500e+02 
2739500000 3.475250e+02 
2741000000 3.443250e+02 
2742500000 3.375250e+02 
2744000000 3.438000e+02 
2745500000 3.437750e+02 
2747000000 3.410500e+02 
2748500000 3.367750e+02 
2750000000 3.442500e+02 
2751500000 3.471000e+02 
2753000000 3.485000e+02 
2754500000 3.457250e+02 
2756000000 3.464750e+02 
2757500000 3.442500e+02 
2759000000 3.457750e+02 
2760500000 3.459500e+02 
2762000000 3.435750e+02 
2763500000 3.502500e+02 
2765000000 345 
2766500000 3.482500e+02 
2768000000 3.499000e+02 
2769500000 3.477750e+02 
2771000000 3.487750e+02 
2772500000 3.486750e+02 
2774000000 3.417000e+02 
2775500000 3.466250e+02 
2777000000 3.532500e+02 
2778500000 3.475250e+02 
2.780000e+09 3.503750e+02 
2781500000 3.459750e+02 
2783000000 3.449000e+02 
2784500000 3.422750e+02 
2786000000 3.407500e+02 
2787500000 3.408500e+02 
2789000000 3.472500e+02 
2790500000 3.446250e+02 
2792000000 3.472250e+02 
2793500000 3.487750e+02 
2795000000 3.460250e+02 
2796500000 3.468500e+02 
2798000000 3.428000e+02 
2799500000 3.450750e+02 
2801000000 3.478500e+02 
2802500000 3.487000e+02 
2.804000e+09 3.437500e+02 
2805500000 348 
2807000000 3.452750e+02 
2808500000 3.437000e+02 
2810000000 3.467000e+02 
2811500000 3.434000e+02 
2813000000 3.486250e+02 
2814500000 3.479500e+02 
2816000000 3.492000e+02 
2817500000 3.453750e+02 
2819000000 3.469500e+02 
2820500000 3.423250e+02 
2822000000 3.386000e+02 
2823500000 3.445250e+02 
2825000000 3.457500e+02 
2826500000 3.426750e+02 
2.828000e+09 3.454500e+02 
2829500000 3.411250e+02 
2831000000 3.384250e+02 
2832500000 3.438750e+02 
2834000000 3.424750e+02 
2835500000 3.436750e+02 
2837000000 3.443750e+02 
2.838500e+09 3.425000e+02 
2840000000 3.495500e+02 
2841500000 3.554500e+02 
2843000000 3.443000e+02 
2844500000 3.472250e+02 
2846000000 3.490500e+02 
2847500000 3.486750e+02 
2849000000 3.464000e+02 
2.850500e+09 3.412750e+02 
2.852000e+09 3.466500e+02 
2853500000 3.436000e+02 
2855000000 3.421750e+02 
2856500000 3.481500e+02 
2858000000 3.477000e+02 
2859500000 3.431500e+02 
2861000000 3.460500e+02 
2.862500e+09 3.506500e+02 
2864000000 3.474000e+02 
2865500000 3.408000e+02 
2867000000 3.455250e+02 
2868500000 3.446750e+02 
2870000000 342 

END
