IGOR
WAVES/D/O sweep,sig(1) 
BEGIN
2600000000 6.774500e+02 
2601000000 6.741750e+02 
2.602000e+09 6.722000e+02 
2603000000 6.826250e+02 
2604000000 6.807000e+02 
2605000000 6.754000e+02 
2606000000 6.794750e+02 
2607000000 6.798750e+02 
2608000000 6.780750e+02 
2609000000 6.725000e+02 
2.610000e+09 6.739750e+02 
2611000000 6.700250e+02 
2612000000 6.784500e+02 
2613000000 6.683750e+02 
2614000000 6.686750e+02 
2615000000 6.756000e+02 
2616000000 6.730250e+02 
2617000000 6.745500e+02 
2.618000e+09 6.687000e+02 
2619000000 6.774000e+02 
2620000000 6.723750e+02 
2621000000 6.747250e+02 
2622000000 6.730750e+02 
2623000000 6.680750e+02 
2624000000 6.647250e+02 
2625000000 6.800500e+02 
2.626000e+09 6.720500e+02 
2627000000 6.641750e+02 
2628000000 6.698750e+02 
2629000000 671 
2630000000 6.658500e+02 
2631000000 6.664750e+02 
2632000000 6.653000e+02 
2633000000 6.598250e+02 
2.634000e+09 6.577000e+02 
2635000000 6.559000e+02 
2636000000 6.608750e+02 
2637000000 6.651250e+02 
2638000000 6.563750e+02 
2639000000 6.594000e+02 
2640000000 6.546000e+02 
2641000000 6.553500e+02 
2.642000e+09 6.636250e+02 
2643000000 6.580750e+02 
2644000000 6.542000e+02 
2645000000 6.586500e+02 
2646000000 6.628250e+02 
2.647000e+09 6.586250e+02 
2648000000 6.606500e+02 
2649000000 6.560500e+02 
2.650000e+09 6.567250e+02 
2.651000e+09 6.673750e+02 
2652000000 6.701250e+02 
2653000000 6.673250e+02 
2654000000 6.659000e+02 
2.655000e+09 6.690500e+02 
2656000000 6.689250e+02 
2657000000 6.684000e+02 
2.658000e+09 6.681500e+02 
2.659000e+09 6.699000e+02 
2660000000 6.815750e+02 
2661000000 6.674500e+02 
2662000000 6.645000e+02 
2.663000e+09 6.631750e+02 
2664000000 6.686500e+02 
2665000000 6.714000e+02 
2.666000e+09 673 
2.667000e+09 6.744750e+02 
2668000000 6.719000e+02 
2669000000 6.750500e+02 
2670000000 6.726750e+02 
2.671000e+09 6.750750e+02 
2672000000 6.800250e+02 
2673000000 6.705000e+02 
2.674000e+09 6.766000e+02 
2.675000e+09 6.801500e+02 
2676000000 6.724500e+02 
2677000000 6.703750e+02 
2678000000 6.740750e+02 
2.679000e+09 6.760250e+02 
2680000000 6.778750e+02 
2681000000 6.768000e+02 
2682000000 6.762500e+02 
2.683000e+09 6.804000e+02 
2684000000 6.744750e+02 
2685000000 6.761500e+02 
2.686000e+09 6.796000e+02 
2.687000e+09 6.818250e+02 
2688000000 6.794750e+02 
2689000000 6.771250e+02 
2690000000 6.799500e+02 
2.691000e+09 6.778000e+02 
2692000000 6.781750e+02 
2693000000 6.758000e+02 
2.694000e+09 6.779750e+02 
2.695000e+09 6.725000e+02 
2696000000 6.765750e+02 
2697000000 6.736750e+02 
2698000000 6.800750e+02 
2.699000e+09 6.808250e+02 
2700000000 6.764500e+02 

END
