IGOR
WAVES/D/O sweep,sig(4) 
BEGIN
750 2481443 2.468206e+06 2.413863e+06 2.427280e+06 
7.525000e+02 2479819 2.466987e+06 2.412731e+06 2426026 
755 2478476 2.465890e+06 2412559 2425621 
7.575000e+02 2.479464e+06 2466897 2.414902e+06 2.427219e+06 
760 2.476209e+06 2.463566e+06 2.409128e+06 2.422221e+06 
7.625000e+02 2.476084e+06 2.463440e+06 2.410866e+06 2422711 
765 2.477109e+06 2.463594e+06 2409774 2.423732e+06 
7.675000e+02 2.471487e+06 2.458905e+06 2.407742e+06 2417878 
770 2.475775e+06 2.463488e+06 2.408627e+06 2.422786e+06 
7.725000e+02 2.476262e+06 2461830 2.409500e+06 2.423992e+06 
775 2.479273e+06 2.464446e+06 2413114 2.425496e+06 
7.775000e+02 2.474332e+06 2.460091e+06 2409945 2.421828e+06 
780 2475730 2.462795e+06 2.408627e+06 2422379 
7.825000e+02 2.478176e+06 2.463542e+06 2.412327e+06 2425480 
785 2.480436e+06 2465069 2.414681e+06 2.426960e+06 
7.875000e+02 2.481042e+06 2.466578e+06 2416478 2.430000e+06 
790 2.482296e+06 2.466062e+06 2.414796e+06 2430327 
7.925000e+02 2.478079e+06 2.463800e+06 2413552 2.427974e+06 
795 2484743 2.470216e+06 2.417146e+06 2431279 
7.975000e+02 2.484107e+06 2.467552e+06 2418610 2.432359e+06 
800 2486264 2471398 2.422400e+06 2435180 
8.025000e+02 2485573 2.470908e+06 2.418430e+06 2.434406e+06 
805 2.482216e+06 2.468324e+06 2.418007e+06 2.430624e+06 
8.075000e+02 2.485197e+06 2.469479e+06 2.418823e+06 2.431864e+06 
810 2485720 2.470528e+06 2.419676e+06 2.432386e+06 
8.125000e+02 2.489532e+06 2.473048e+06 2.421819e+06 2.434888e+06 
815 2.490022e+06 2.474193e+06 2.422700e+06 2.436784e+06 
8.175000e+02 2.488996e+06 2.471553e+06 2.420851e+06 2.434257e+06 
820 2.489905e+06 2.474247e+06 2.422358e+06 2434366 
8.225000e+02 2.487487e+06 2473850 2.420374e+06 2.433218e+06 
825 2486788 2.473714e+06 2.420016e+06 2433395 
8.275000e+02 2.484970e+06 2.470512e+06 2418409 2429850 
830 2.484404e+06 2.470736e+06 2.417877e+06 2.430759e+06 
8.325000e+02 2483305 2.470096e+06 2.415939e+06 2430723 
835 2485277 2.471180e+06 2.415018e+06 2.429566e+06 
8.375000e+02 2.482038e+06 2.468678e+06 2.415550e+06 2427983 
840 2.481067e+06 2.465612e+06 2.413584e+06 2.428464e+06 
8.425000e+02 2480094 2.466626e+06 2414442 2.427085e+06 
845 2.480585e+06 2.467262e+06 2414631 2.427156e+06 
8.475000e+02 2483461 2.468396e+06 2.416009e+06 2428557 
850 2487613 2.471007e+06 2.418544e+06 2.431761e+06 
8.525000e+02 2.484743e+06 2.471092e+06 2.417181e+06 2.429776e+06 
855 2.485834e+06 2469743 2.417752e+06 2432240 
8.575000e+02 2.481560e+06 2465698 2414693 2.428730e+06 
860 2482557 2.465993e+06 2.415469e+06 2429896 
8.625000e+02 2.481237e+06 2465698 2.414377e+06 2428491 
865 2474049 2457990 2.407050e+06 2421929 
8.675000e+02 2479994 2461714 2415420 2.428285e+06 
870 2.477827e+06 2461831 2.411650e+06 2427357 
8.725000e+02 2.478534e+06 2.461618e+06 2.413609e+06 2.427583e+06 
875 2479974 2.462453e+06 2.412919e+06 2429831 
8.775000e+02 2481426 2.464832e+06 2.417338e+06 2.432881e+06 
880 2.482899e+06 2.462913e+06 2.417722e+06 2.434549e+06 
8.825000e+02 2483307 2.465433e+06 2.416737e+06 2433219 
885 2.486081e+06 2468353 2420100 2436289 
8.875000e+02 2482507 2463633 2.416697e+06 2.432664e+06 
890 2485869 2467712 2.421315e+06 2.436157e+06 
8.925000e+02 2.486935e+06 2.469101e+06 2420020 2.435472e+06 
895 2.483895e+06 2.466527e+06 2418887 2432461 
8.975000e+02 2.479380e+06 2.461721e+06 2.413166e+06 2.429482e+06 
900 2.486469e+06 2.467859e+06 2419713 2436012 
9.025000e+02 2.486689e+06 2470932 2420876 2.437367e+06 
905 2.486556e+06 2.470221e+06 2.420472e+06 2.435671e+06 
9.075000e+02 2.485652e+06 2470011 2.419089e+06 2.432893e+06 
910 2484801 2.467863e+06 2.418016e+06 2431654 
9.125000e+02 2.482625e+06 2.467320e+06 2.415730e+06 2.428537e+06 
915 2483939 2.468272e+06 2.416739e+06 2.430039e+06 
9.175000e+02 2.484503e+06 2468722 2.418634e+06 2.431745e+06 
920 2.485955e+06 2.471339e+06 2.418413e+06 2.431692e+06 
9.225000e+02 2.482275e+06 2468925 2416646 2.429317e+06 
925 2.485865e+06 2.471682e+06 2.419635e+06 2.433129e+06 
9.275000e+02 2.485195e+06 2471793 2.420197e+06 2.431525e+06 
930 2482650 2.465750e+06 2.415986e+06 2429930 
9.325000e+02 2.485194e+06 2468781 2.417624e+06 2.428714e+06 
935 2.488333e+06 2.475142e+06 2.421993e+06 2.434191e+06 
9.375000e+02 2.486558e+06 2.468496e+06 2.417984e+06 2432273 
940 2.482430e+06 2.469583e+06 2417544 2.430353e+06 
9.425000e+02 2.482275e+06 2467465 2416579 2429841 
945 2.479684e+06 2466179 2.415103e+06 2.425569e+06 
9.475000e+02 2481902 2.467761e+06 2.415537e+06 2.428927e+06 
950 2.487539e+06 2470419 2.419819e+06 2.435174e+06 
9.525000e+02 2.486444e+06 2472357 2419562 2.434221e+06 
955 2487259 2470541 2.418462e+06 2.430983e+06 
9.575000e+02 2481320 2.466215e+06 2416432 2.427208e+06 
960 2.484132e+06 2.470499e+06 2.419480e+06 2.434346e+06 
9.625000e+02 2487772 2470978 2.420055e+06 2.435238e+06 
965 2.486523e+06 2.470471e+06 2.420439e+06 2.432815e+06 
9.675000e+02 2.484121e+06 2471172 2.418777e+06 2433978 
970 2.486768e+06 2.469516e+06 2420559 2.435032e+06 
9.725000e+02 2.486090e+06 2469573 2.419858e+06 2432765 
975 2.487799e+06 2472929 2419804 2.433138e+06 
9.775000e+02 2.484476e+06 2.469908e+06 2.417977e+06 2.432323e+06 
980 2.487900e+06 2.471875e+06 2420344 2.434434e+06 
9.825000e+02 2.487813e+06 2.470997e+06 2419638 2432387 
985 2.485711e+06 2.472330e+06 2.418390e+06 2.434989e+06 
9.875000e+02 2.485529e+06 2470537 2.417386e+06 2432411 
990 2485523 2.471414e+06 2.417736e+06 2432453 
9.925000e+02 2481068 2.466762e+06 2.414552e+06 2.427834e+06 
995 2.485277e+06 2.470792e+06 2417284 2.431331e+06 
9.975000e+02 2.481658e+06 2.465696e+06 2414506 2.427458e+06 
1000 2.484569e+06 2.472402e+06 2.418439e+06 2433015 

END
X//SEQUENCE PARAMETERS
X//meas
X//SPCM
X//meas2
X//PD0 not connected
X//bGo
X//0
X//bExp
X//0
X//bTomo
X//0
X//m
X//842.5
X//name
X//f_DEER_scan_freq
X//From
X//750
X//To
X//1000
X//bSweep1log
X//0
X//N
X//101
X//From2
X//0
X//bSweep2log
X//0
X//bSweep2
X//0
X//To2
X//200
X//N2
X//21
X//From3
X//0
X//bSweep3log
X//0
X//bSweep3
X//0
X//To3
X//200
X//N3
X//21
X//pi
X//8
X//halfpi
X//4
X//interval
X//4
X//readout
X//100000
X//misc
X//16
X//CtrGateDur
X//30000
X//bWarmUpAOM
X//0
X//bTrack
X//0
X//saveRaw
X//0
X//post_init_wait
X//5000
X//post_MW_wait
X//1000
X//P1Pulse
X//0
X//TrackPointN
X//111
X//DEERpi
X//8
X//DEERt
X//100
X//bAAR
X//1
X//Repeat
X//60000
X//Average
X//30
X//bCust
X//0
X//measPD
X//0
X//bRaman
X//0
X//NSweepParam
X//101
X//bGoAfterAvg
X//1
X//ctrN
X//4
X//bRandom
X//0
X//dataN
X//4
X//refCounts
X//0
X//iAverage
X//4
X//bCtr
X//0
X//bAutoRun
X//1
