IGOR
WAVES/D/O sweep,sig(1) 
BEGIN
3037500000 5.970983e+03 
3038812500 5.958967e+03 
3040125000 5.976267e+03 
3041437500 5.971717e+03 
3.042750e+09 5.970383e+03 
3044062500 5.972617e+03 
3045375000 5.966483e+03 
3046687500 5.995883e+03 
3048000000 5.978650e+03 
3049312500 5.980250e+03 
3050625000 5.965683e+03 
3051937500 5968 
3.053250e+09 5.969883e+03 
3.054563e+09 5.984167e+03 
3055875000 5.983233e+03 
3057187500 5.971283e+03 
3058500000 5.983217e+03 
3059812500 5.973150e+03 
3061125000 5.972017e+03 
3062437500 5.978317e+03 
3063750000 5.982850e+03 
3.065063e+09 5.967383e+03 
3066375000 5.988267e+03 
3067687500 5.997467e+03 
3069000000 5.967950e+03 
3070312500 5.972933e+03 
3071625000 5.971417e+03 
3072937500 5.975750e+03 
3074250000 5.971833e+03 
3075562500 5.986633e+03 
3.076875e+09 5.964300e+03 
3078187500 5.961800e+03 
3079500000 5983 
3080812500 6.003650e+03 
3082125000 5.974433e+03 
3083437500 5.961850e+03 
3084750000 5.977167e+03 
3086062500 5.965800e+03 
3087375000 5.973683e+03 
3.088688e+09 5.976783e+03 
3090000000 5.980617e+03 
3091312500 5.972683e+03 
3092625000 5.968417e+03 
3093937500 5.982450e+03 
3095250000 5.976017e+03 
3096562500 5.975100e+03 
3097875000 5.990400e+03 
3099187500 5.979417e+03 
3100500000 5.983033e+03 
3101812500 5.974033e+03 
3103125000 5.966650e+03 
3104437500 5.979533e+03 
3105750000 5.975150e+03 
3107062500 5.970417e+03 
3108375000 5.959967e+03 
3109687500 5.985500e+03 
3111000000 5.971850e+03 
3112312500 5.978617e+03 
3113625000 5.984050e+03 
3114937500 5.978733e+03 
3116250000 5.989133e+03 
3117562500 5.972350e+03 
3118875000 5.974167e+03 
3120187500 5.987450e+03 
3121500000 5.981700e+03 
3122812500 5.987117e+03 
3124125000 5.964650e+03 
3125437500 5.967317e+03 
3126750000 5.970933e+03 
3128062500 5.982583e+03 
3129375000 5.968700e+03 
3130687500 5983 
3132000000 5.977133e+03 
3133312500 5.971617e+03 
3134625000 5.968133e+03 
3135937500 5.970783e+03 
3137250000 5.956200e+03 
3138562500 5.957750e+03 
3139875000 5.956567e+03 
3141187500 5.950617e+03 
3142500000 5.958700e+03 
3143812500 5.947867e+03 
3145125000 5.977050e+03 
3146437500 5.981517e+03 
3147750000 5.974233e+03 
3149062500 5.965133e+03 
3150375000 5.974683e+03 
3151687500 5.964500e+03 
3153000000 5.952400e+03 
3154312500 5.936633e+03 
3155625000 5.947133e+03 
3156937500 5.952783e+03 
3158250000 5.942083e+03 
3159562500 5.956033e+03 
3160875000 5.973633e+03 
3162187500 5.972267e+03 
3163500000 5.975517e+03 
3164812500 5.983767e+03 
3166125000 5.982083e+03 
3167437500 5.969350e+03 
3168750000 5.990933e+03 
3170062500 5.971300e+03 
3171375000 5.985400e+03 
3172687500 5.975600e+03 
3174000000 5.972450e+03 
3175312500 5.963033e+03 
3176625000 5.970050e+03 
3177937500 5.959850e+03 
3179250000 5.960400e+03 
3.180562e+09 5.966700e+03 
3181875000 5.977217e+03 
3183187500 5.977617e+03 
3184500000 5.976050e+03 
3185812500 5.969317e+03 
3187125000 5.968650e+03 
3188437500 5.990650e+03 
3189750000 5.991650e+03 
3191062500 5.976967e+03 
3.192375e+09 5.991133e+03 
3193687500 5.981600e+03 
3195000000 5.983200e+03 
3196312500 5.990650e+03 
3197625000 5.956400e+03 
3198937500 5.960033e+03 
3200250000 5.959217e+03 
3201562500 5.985150e+03 
3.202875e+09 5.964683e+03 
3.204187e+09 5.969700e+03 
3205500000 5.978983e+03 
3206812500 5.952050e+03 
3208125000 5.982483e+03 
3209437500 5.981433e+03 
3210750000 5.985217e+03 
3212062500 5.967950e+03 
3213375000 5.952950e+03 
3214687500 5981 
3.216000e+09 5.985100e+03 
3217312500 5.977583e+03 
3218625000 5.979900e+03 
3219937500 5.972817e+03 
3221250000 5.981883e+03 
3222562500 5.984083e+03 
3223875000 5.978800e+03 
3.225187e+09 5.983550e+03 
3.226500e+09 5.973433e+03 
3.227812e+09 5.983333e+03 
3229125000 5.966567e+03 
3230437500 5.971067e+03 
3231750000 5.971767e+03 
3233062500 5.962117e+03 
3234375000 5.972350e+03 
3235687500 5.984850e+03 
3237000000 5.994517e+03 
3.238312e+09 6.000850e+03 
3.239625e+09 5.982850e+03 
3240937500 5.980883e+03 
3242250000 5.983050e+03 
3243562500 5.974317e+03 
3244875000 5.965183e+03 
3246187500 5.988250e+03 
3247500000 5.970633e+03 
3.248812e+09 5.956067e+03 
3.250125e+09 5.980067e+03 
3.251437e+09 5.976267e+03 
3252750000 5.987667e+03 
3254062500 5.971050e+03 
3255375000 5.987800e+03 
3256687500 5.976533e+03 
3258000000 5.962367e+03 
3259312500 5.995500e+03 
3260625000 5.958883e+03 
3.261937e+09 5972 
3263250000 5.965167e+03 
3264562500 5.963533e+03 
3265875000 5.959400e+03 
3267187500 5.968467e+03 
3268500000 5.993133e+03 
3269812500 5.974717e+03 
3.271125e+09 5.983433e+03 
3.272437e+09 5.980483e+03 
3.273750e+09 5.981700e+03 
3275062500 5.961167e+03 
3276375000 5.967367e+03 
3277687500 5.991067e+03 
3279000000 5.979600e+03 
3280312500 5.967283e+03 
3281625000 5.976633e+03 
3282937500 5.970950e+03 
3.284250e+09 5.961983e+03 
3.285562e+09 5.985283e+03 
3286875000 5.969517e+03 
3288187500 5.976983e+03 
3289500000 5.970267e+03 
3290812500 5.990467e+03 
3292125000 5.956933e+03 
3293437500 5.954167e+03 
3.294750e+09 5.935383e+03 
3.296062e+09 5.921150e+03 
3.297375e+09 5.928550e+03 
3298687500 5.909417e+03 
3300000000 5.921350e+03 

END
X//SEQUENCE PARAMETERS
X//meas
X//SPCM
X//meas2
X//PD0 not connected
X//bGo
X//0
X//bExp
X//0
X//bTomo
X//false
X//m
X//200
X//name
X//ESR
X//From
X//3.0375
X//To
X//3.3
X//bSweep1log
X//0
X//N
X//201
X//From2
X//0
X//bSweep2log
X//0
X//bSweep2
X//0
X//To2
X//200
X//N2
X//21
X//From3
X//0
X//bSweep3log
X//0
X//bSweep3
X//0
X//To3
X//200
X//N3
X//21
X//pi
X//20
X//halfpi
X//100
X//interval
X//5000
X//readout
X//10000
X//misc
X//5
X//CtrGateDur
X//400
X//bWarmUpAOM
X//0
X//bTrack
X//0
X//saveRaw
X//0
X//post_init_wait
X//5000
X//post_MW_wait
X//1000
X//P1Pulse
X//0
X//TrackPointN
X//13
X//DEERpi
X//20
X//DEERt
X//5000
X//bAAR
X//1
X//Repeat
X//60000
X//Average
X//99999
X//bCust
X//0
X//measPD
X//0
X//ctrN
X//1
X//bRaman
X//0
X//NSweepParam
X//201
X//bGoAfterAvg
X//1
X//bRandom
X//0
X//dataN
X//1
X//refCounts
X//0
X//iAverage
X//3
X//bCtr
X//0
X//bLiO
X//1
