IGOR
WAVES/D/O sweep,sig(1) 
BEGIN
2770000000 1.050150e+03 
2.772000e+09 1.046850e+03 
2774000000 1.053100e+03 
2776000000 1.046800e+03 
2778000000 1.040500e+03 
2.780000e+09 1.047700e+03 
2782000000 1.043650e+03 
2784000000 1.044650e+03 
2786000000 1.048550e+03 
2.788000e+09 1.041850e+03 
2790000000 1.045400e+03 
2792000000 1.044950e+03 
2794000000 1.030100e+03 
2.796000e+09 1.040150e+03 
2798000000 1.056550e+03 
2800000000 1.057650e+03 
2802000000 1.041200e+03 
2.804000e+09 1.050850e+03 
2806000000 1.049100e+03 
2808000000 1.047100e+03 
2810000000 1.036800e+03 
2.812000e+09 1.039700e+03 
2814000000 1.041550e+03 
2816000000 1.041100e+03 
2818000000 1.043750e+03 
2.820000e+09 1.040400e+03 
2822000000 1.026400e+03 
2824000000 1.040900e+03 
2826000000 1.041950e+03 
2.828000e+09 1045 
2830000000 1.042850e+03 
2832000000 1.058600e+03 
2834000000 1.047400e+03 
2.836000e+09 1.042650e+03 
2838000000 1.043550e+03 
2840000000 1.032200e+03 
2842000000 1.044550e+03 
2.844000e+09 1.027700e+03 
2846000000 1.041400e+03 
2848000000 1042 
2850000000 1.038450e+03 
2852000000 1.026900e+03 
2854000000 1.028600e+03 
2.856000e+09 1.030400e+03 
2858000000 1024 
2860000000 1.036350e+03 
2862000000 1.027900e+03 
2.864000e+09 1030 
2866000000 1.023050e+03 
2868000000 1.023750e+03 
2870000000 1.024200e+03 
2.872000e+09 1.035500e+03 
2874000000 1.041700e+03 
2876000000 1.024500e+03 
2878000000 1.022500e+03 
2.880000e+09 1.024400e+03 
2882000000 1.013700e+03 
2884000000 1.018400e+03 
2886000000 1.027800e+03 
2.888000e+09 1.009800e+03 
2890000000 1.014300e+03 
2892000000 1051 
2894000000 1.037050e+03 
2896000000 1.034600e+03 
2898000000 1037 
2.900000e+09 1045 
2902000000 1.030250e+03 
2904000000 1.049800e+03 
2906000000 1.039700e+03 
2.908000e+09 1.050050e+03 
2910000000 1.049850e+03 
2912000000 1.039050e+03 
2914000000 1.053500e+03 
2.916000e+09 1.047250e+03 
2918000000 1.040950e+03 
2920000000 1.033800e+03 
2922000000 1.038900e+03 
2.924000e+09 1.014050e+03 
2926000000 1.031050e+03 
2928000000 1.039100e+03 
2930000000 1.041050e+03 
2.932000e+09 1.040450e+03 
2934000000 1.028750e+03 
2936000000 1.041050e+03 
2938000000 1.048700e+03 
2.940000e+09 1038 
2942000000 1.049950e+03 
2944000000 1.040850e+03 
2946000000 1.037250e+03 
2.948000e+09 1.055550e+03 
2950000000 1.041400e+03 
2952000000 1020 
2954000000 1.046850e+03 
2.956000e+09 1.023100e+03 
2958000000 1.039500e+03 
2960000000 1.040300e+03 
2962000000 1.047400e+03 
2.964000e+09 1.035200e+03 
2966000000 1.049500e+03 
2968000000 1.026300e+03 
2970000000 1.035250e+03 

END
