IGOR
WAVES/D/O sweep,sig(1) 
BEGIN
2770000000 9.999500e+02 
2.772000e+09 9.736000e+02 
2774000000 9.933000e+02 
2776000000 975 
2778000000 9.703500e+02 
2.780000e+09 9.899000e+02 
2782000000 9.811500e+02 
2784000000 9.839500e+02 
2786000000 9.785500e+02 
2.788000e+09 9.831000e+02 
2790000000 9.771000e+02 
2792000000 9.690500e+02 
2794000000 9.758500e+02 
2.796000e+09 9.656000e+02 
2798000000 9.933500e+02 
2800000000 9.733000e+02 
2802000000 9.812500e+02 
2.804000e+09 9.789000e+02 
2806000000 9.826500e+02 
2808000000 9.787500e+02 
2810000000 9.785000e+02 
2.812000e+09 9.914500e+02 
2814000000 9.845000e+02 
2816000000 9.740500e+02 
2818000000 9.907500e+02 
2.820000e+09 9.863000e+02 
2822000000 9.852000e+02 
2824000000 9.785000e+02 
2826000000 9.914000e+02 
2.828000e+09 9.903500e+02 
2830000000 9.892000e+02 
2832000000 9.874500e+02 
2834000000 9.915500e+02 
2.836000e+09 9.877000e+02 
2838000000 9.793000e+02 
2840000000 9.741500e+02 
2842000000 9.865000e+02 
2.844000e+09 9.795500e+02 
2846000000 9.825500e+02 
2848000000 9.891000e+02 
2850000000 9.797500e+02 
2852000000 9.834000e+02 
2854000000 9.801000e+02 
2.856000e+09 9.856500e+02 
2858000000 9.852500e+02 
2860000000 9.857500e+02 
2862000000 9.811500e+02 
2.864000e+09 9.658500e+02 
2866000000 9.649000e+02 
2868000000 9.703000e+02 
2870000000 9.761500e+02 
2.872000e+09 9.704000e+02 
2874000000 9.791500e+02 
2876000000 9.819500e+02 
2878000000 9.676500e+02 
2.880000e+09 975 
2882000000 9.728500e+02 
2884000000 9.687500e+02 
2886000000 9.669000e+02 
2.888000e+09 9.779500e+02 
2890000000 9.758500e+02 
2892000000 9.886000e+02 
2894000000 9.896000e+02 
2896000000 1.004700e+03 
2898000000 9.851000e+02 
2.900000e+09 9.931000e+02 
2902000000 9.783000e+02 
2904000000 9.955000e+02 
2906000000 9.905000e+02 
2.908000e+09 9.871500e+02 
2910000000 9.950500e+02 
2912000000 9.909000e+02 
2914000000 9.820500e+02 
2.916000e+09 9.975500e+02 
2918000000 9.913000e+02 
2920000000 9.901000e+02 
2922000000 9.869500e+02 
2.924000e+09 9.853000e+02 
2926000000 1.000900e+03 
2928000000 9.821000e+02 
2930000000 9.982000e+02 
2.932000e+09 9.886000e+02 
2934000000 9.943000e+02 
2936000000 9.759500e+02 
2938000000 9.840500e+02 
2.940000e+09 9.861500e+02 
2942000000 9.918500e+02 
2944000000 9.807500e+02 
2946000000 9.839500e+02 
2.948000e+09 9.802500e+02 
2950000000 9.695500e+02 
2952000000 9.898500e+02 
2954000000 9.749500e+02 
2.956000e+09 9.823500e+02 
2958000000 9.839000e+02 
2960000000 9.881500e+02 
2962000000 9.842000e+02 
2.964000e+09 9.880500e+02 
2966000000 9.867500e+02 
2968000000 9.873500e+02 
2970000000 1.009750e+03 

END
