IGOR
WAVES/D/O sweep,sig(1) 
BEGIN
2770000000 9.871500e+02 
2.772000e+09 9.782000e+02 
2774000000 9.656500e+02 
2776000000 970 
2778000000 9.779000e+02 
2.780000e+09 9.693000e+02 
2782000000 9.724500e+02 
2784000000 9.711500e+02 
2786000000 9.739500e+02 
2.788000e+09 9.652500e+02 
2790000000 9.614000e+02 
2792000000 9.604000e+02 
2794000000 9.668000e+02 
2.796000e+09 9.746000e+02 
2798000000 9.639000e+02 
2800000000 9.684000e+02 
2802000000 980 
2.804000e+09 9.722500e+02 
2806000000 9.795000e+02 
2808000000 9.618500e+02 
2810000000 9.757000e+02 
2.812000e+09 9.819000e+02 
2814000000 9.655000e+02 
2816000000 9.775000e+02 
2818000000 9.745500e+02 
2.820000e+09 9.813000e+02 
2822000000 9.715000e+02 
2824000000 9.607000e+02 
2826000000 9.603000e+02 
2.828000e+09 9.657500e+02 
2830000000 9.694500e+02 
2832000000 9.629000e+02 
2834000000 9.806500e+02 
2.836000e+09 9.676000e+02 
2838000000 9.671500e+02 
2840000000 9.566500e+02 
2842000000 9.634000e+02 
2.844000e+09 9.711000e+02 
2846000000 9.717000e+02 
2848000000 9.776500e+02 
2850000000 9.799000e+02 
2852000000 9.628000e+02 
2854000000 9.727000e+02 
2.856000e+09 9.730500e+02 
2858000000 9.672500e+02 
2860000000 9.792000e+02 
2862000000 9.716000e+02 
2.864000e+09 9.531000e+02 
2866000000 9.577500e+02 
2868000000 9.670500e+02 
2870000000 9.659000e+02 
2.872000e+09 9.564000e+02 
2874000000 9.687000e+02 
2876000000 9.771500e+02 
2878000000 9.691000e+02 
2.880000e+09 9.619500e+02 
2882000000 9.525000e+02 
2884000000 9.724000e+02 
2886000000 9.648500e+02 
2.888000e+09 9.644000e+02 
2890000000 9.649500e+02 
2892000000 9.812500e+02 
2894000000 9.794000e+02 
2896000000 9.785500e+02 
2898000000 9.744500e+02 
2.900000e+09 9.858500e+02 
2902000000 9.755000e+02 
2904000000 9.771500e+02 
2906000000 9.630500e+02 
2.908000e+09 9.937500e+02 
2910000000 9.662000e+02 
2912000000 9.669500e+02 
2914000000 9.648500e+02 
2.916000e+09 9.804000e+02 
2918000000 9.669000e+02 
2920000000 9.725000e+02 
2922000000 9.732000e+02 
2.924000e+09 9.775500e+02 
2926000000 9.738000e+02 
2928000000 9.716000e+02 
2930000000 9.697500e+02 
2.932000e+09 9.824500e+02 
2934000000 9.728500e+02 
2936000000 9.641000e+02 
2938000000 9.886000e+02 
2.940000e+09 9.653500e+02 
2942000000 9.661000e+02 
2944000000 9.706500e+02 
2946000000 9.683000e+02 
2.948000e+09 9.602500e+02 
2950000000 9.644500e+02 
2952000000 9.631000e+02 
2954000000 9.531000e+02 
2.956000e+09 9.558500e+02 
2958000000 9.746000e+02 
2960000000 9.742000e+02 
2962000000 9.665000e+02 
2.964000e+09 9.743000e+02 
2966000000 9.755000e+02 
2968000000 9.681000e+02 
2970000000 9.716500e+02 

END
