IGOR
WAVES/D/O sweep,sig(1) 
BEGIN
2770000000 1.045250e+03 
2.772000e+09 1.052800e+03 
2774000000 1.049900e+03 
2776000000 1.041700e+03 
2778000000 1.060600e+03 
2.780000e+09 1.050800e+03 
2782000000 1.043800e+03 
2784000000 1.030900e+03 
2786000000 1.059600e+03 
2.788000e+09 1030 
2790000000 1.042450e+03 
2792000000 1.045100e+03 
2794000000 1.042450e+03 
2.796000e+09 1.042450e+03 
2798000000 1.049950e+03 
2800000000 1.048200e+03 
2802000000 1.041100e+03 
2.804000e+09 1.049150e+03 
2806000000 1.037800e+03 
2808000000 1.043350e+03 
2810000000 1.039750e+03 
2.812000e+09 1.040800e+03 
2814000000 1.058050e+03 
2816000000 1.032500e+03 
2818000000 1.054900e+03 
2.820000e+09 1.055700e+03 
2822000000 1.038600e+03 
2824000000 1.045150e+03 
2826000000 1.043200e+03 
2.828000e+09 1.040150e+03 
2830000000 1.047650e+03 
2832000000 1.042250e+03 
2834000000 1.042900e+03 
2.836000e+09 1.050500e+03 
2838000000 1.034300e+03 
2840000000 1.038600e+03 
2842000000 1.046200e+03 
2.844000e+09 1.025850e+03 
2846000000 1.047550e+03 
2848000000 1.039750e+03 
2850000000 1.029850e+03 
2852000000 1.031150e+03 
2854000000 1.024900e+03 
2.856000e+09 1.023550e+03 
2858000000 1.034450e+03 
2860000000 1.035300e+03 
2862000000 1.021500e+03 
2.864000e+09 1.040550e+03 
2866000000 1.031550e+03 
2868000000 1.035050e+03 
2870000000 1.026750e+03 
2.872000e+09 1.026400e+03 
2874000000 1.049100e+03 
2876000000 1.065700e+03 
2878000000 1.022400e+03 
2.880000e+09 1.039050e+03 
2882000000 1.026150e+03 
2884000000 1.012700e+03 
2886000000 1.037350e+03 
2.888000e+09 1.030500e+03 
2890000000 1.025350e+03 
2892000000 1.036150e+03 
2894000000 1.026250e+03 
2896000000 1.036950e+03 
2898000000 1.066500e+03 
2.900000e+09 1.033750e+03 
2902000000 1.043950e+03 
2904000000 1.046400e+03 
2906000000 1.043600e+03 
2.908000e+09 1.046850e+03 
2910000000 1.057850e+03 
2912000000 1.035150e+03 
2914000000 1.065300e+03 
2.916000e+09 1.049200e+03 
2918000000 1.029650e+03 
2920000000 1.053050e+03 
2922000000 1.045550e+03 
2.924000e+09 1.058550e+03 
2926000000 1.052200e+03 
2928000000 1.048050e+03 
2930000000 1.047100e+03 
2.932000e+09 1.052800e+03 
2934000000 1.036200e+03 
2936000000 1.055050e+03 
2938000000 1.068500e+03 
2.940000e+09 1.044100e+03 
2942000000 1.052200e+03 
2944000000 1.028700e+03 
2946000000 1.040700e+03 
2.948000e+09 1.044500e+03 
2950000000 1.045650e+03 
2952000000 1.044850e+03 
2954000000 1051 
2.956000e+09 1.051100e+03 
2958000000 1.042450e+03 
2960000000 1.055300e+03 
2962000000 1.044200e+03 
2.964000e+09 1.040900e+03 
2966000000 1.051800e+03 
2968000000 1.040100e+03 
2970000000 1.046850e+03 

END
