IGOR
WAVES/D/O sweep,sig(1) 
BEGIN
2770000000 9.610500e+02 
2.772000e+09 9.584000e+02 
2774000000 9.425000e+02 
2776000000 9.778500e+02 
2778000000 9.703000e+02 
2.780000e+09 9.615500e+02 
2782000000 9.756000e+02 
2784000000 9.775000e+02 
2786000000 9.501000e+02 
2.788000e+09 9.541500e+02 
2790000000 9.615500e+02 
2792000000 9.619500e+02 
2794000000 9.575000e+02 
2.796000e+09 9.527500e+02 
2798000000 956 
2800000000 9.592500e+02 
2802000000 955 
2.804000e+09 9.807000e+02 
2806000000 9.656000e+02 
2808000000 9.540500e+02 
2810000000 9.665000e+02 
2.812000e+09 9.504000e+02 
2814000000 9.537500e+02 
2816000000 9.796000e+02 
2818000000 9.650500e+02 
2.820000e+09 9.664500e+02 
2822000000 9.717000e+02 
2824000000 9.718500e+02 
2826000000 9.594500e+02 
2.828000e+09 9.495500e+02 
2830000000 9.635500e+02 
2832000000 9.777500e+02 
2834000000 9.610500e+02 
2.836000e+09 9.572500e+02 
2838000000 9.745000e+02 
2840000000 9.608500e+02 
2842000000 9.574000e+02 
2.844000e+09 9.707500e+02 
2846000000 9.571000e+02 
2848000000 9.595500e+02 
2850000000 9.634000e+02 
2852000000 9.799000e+02 
2854000000 9.544500e+02 
2.856000e+09 9.640500e+02 
2858000000 9.648500e+02 
2860000000 9.585000e+02 
2862000000 9.500500e+02 
2.864000e+09 9.569500e+02 
2866000000 9.623000e+02 
2868000000 9.570500e+02 
2870000000 9.523500e+02 
2.872000e+09 9.658000e+02 
2874000000 9.472500e+02 
2876000000 9.674000e+02 
2878000000 9.618000e+02 
2.880000e+09 9.562000e+02 
2882000000 9.534000e+02 
2884000000 9.402000e+02 
2886000000 9.377000e+02 
2.888000e+09 9.659000e+02 
2890000000 9.625500e+02 
2892000000 9.416000e+02 
2894000000 9.571500e+02 
2896000000 9.646000e+02 
2898000000 9.618000e+02 
2.900000e+09 9.578500e+02 
2902000000 9.592000e+02 
2904000000 957 
2906000000 9.649000e+02 
2.908000e+09 9.556000e+02 
2910000000 9.653500e+02 
2912000000 9.571500e+02 
2914000000 9.606000e+02 
2.916000e+09 9.616500e+02 
2918000000 9.658000e+02 
2920000000 971 
2922000000 9.541500e+02 
2.924000e+09 9.641500e+02 
2926000000 9.540500e+02 
2928000000 9.598500e+02 
2930000000 9.555000e+02 
2.932000e+09 9.710500e+02 
2934000000 9.701000e+02 
2936000000 9.572500e+02 
2938000000 9.736000e+02 
2.940000e+09 9.413000e+02 
2942000000 9.513500e+02 
2944000000 9.601500e+02 
2946000000 9.495000e+02 
2.948000e+09 9.462000e+02 
2950000000 9.426000e+02 
2952000000 9.428000e+02 
2954000000 9.497500e+02 
2.956000e+09 9.644000e+02 
2958000000 9.524000e+02 
2960000000 9.661500e+02 
2962000000 9.558500e+02 
2.964000e+09 9.492500e+02 
2966000000 9.627000e+02 
2968000000 9.703000e+02 
2970000000 9.702000e+02 

END
