IGOR
WAVES/D/O sweep,sig(1) 
BEGIN
2770000000 9.969000e+02 
2.772000e+09 9.936000e+02 
2774000000 9.925500e+02 
2776000000 9.832000e+02 
2778000000 9.989000e+02 
2.780000e+09 9.908500e+02 
2782000000 9.972500e+02 
2784000000 9.796500e+02 
2786000000 9.892500e+02 
2.788000e+09 9.944500e+02 
2790000000 9.848000e+02 
2792000000 9.710500e+02 
2794000000 9.821000e+02 
2.796000e+09 9.913500e+02 
2798000000 9.872500e+02 
2800000000 9.782000e+02 
2802000000 9.850500e+02 
2.804000e+09 9.917000e+02 
2806000000 9.889500e+02 
2808000000 9.877500e+02 
2810000000 9.895000e+02 
2.812000e+09 9.856500e+02 
2814000000 1.003550e+03 
2816000000 9.868000e+02 
2818000000 9.908000e+02 
2.820000e+09 9.861500e+02 
2822000000 9.984500e+02 
2824000000 9.866500e+02 
2826000000 9.877000e+02 
2.828000e+09 9.888500e+02 
2830000000 9.992500e+02 
2832000000 9.834000e+02 
2834000000 9.918000e+02 
2.836000e+09 9.995500e+02 
2838000000 9.872500e+02 
2840000000 9.937000e+02 
2842000000 9.847500e+02 
2.844000e+09 9.966000e+02 
2846000000 986 
2848000000 1.002850e+03 
2850000000 993 
2852000000 9.776500e+02 
2854000000 9.834500e+02 
2.856000e+09 9.805500e+02 
2858000000 9.916500e+02 
2860000000 9.896000e+02 
2862000000 9.720500e+02 
2.864000e+09 9.857000e+02 
2866000000 9.804000e+02 
2868000000 9.846500e+02 
2870000000 9.762500e+02 
2.872000e+09 9.701000e+02 
2874000000 9.857500e+02 
2876000000 988 
2878000000 9.874500e+02 
2.880000e+09 9.731500e+02 
2882000000 9.778500e+02 
2884000000 9.721000e+02 
2886000000 9.809500e+02 
2.888000e+09 9.785500e+02 
2890000000 9.872000e+02 
2892000000 9.884500e+02 
2894000000 9.868500e+02 
2896000000 9.764500e+02 
2898000000 9.859500e+02 
2.900000e+09 9.981500e+02 
2902000000 9.981500e+02 
2904000000 9.855500e+02 
2906000000 9.969500e+02 
2.908000e+09 9.899500e+02 
2910000000 9.835000e+02 
2912000000 9.955500e+02 
2914000000 9.789000e+02 
2.916000e+09 9.935500e+02 
2918000000 981 
2920000000 9.951000e+02 
2922000000 9.982000e+02 
2.924000e+09 1003 
2926000000 9.949000e+02 
2928000000 9.986000e+02 
2930000000 9.799500e+02 
2.932000e+09 9.892000e+02 
2934000000 1.003700e+03 
2936000000 9.913500e+02 
2938000000 9.968000e+02 
2.940000e+09 1.000350e+03 
2942000000 9.875000e+02 
2944000000 1.001550e+03 
2946000000 1.000850e+03 
2.948000e+09 9.978500e+02 
2950000000 982 
2952000000 9.879500e+02 
2954000000 9.925500e+02 
2.956000e+09 9.800500e+02 
2958000000 9.831000e+02 
2960000000 9.819000e+02 
2962000000 9.966500e+02 
2.964000e+09 9.779500e+02 
2966000000 9.825000e+02 
2968000000 9.978500e+02 
2970000000 9.947500e+02 

END
