IGOR
WAVES/D/O sweep,sig(1) 
BEGIN
2900000000 1.944000e+02 
2901200000 1.954500e+02 
2902400000 1.969500e+02 
2903600000 1.946000e+02 
2904800000 1.974500e+02 
2.906000e+09 1.948500e+02 
2907200000 1.996500e+02 
2908400000 1.948000e+02 
2.909600e+09 1.958000e+02 
2910800000 1.977000e+02 
2912000000 1.968500e+02 
2913200000 2.025000e+02 
2914400000 1.993500e+02 
2915600000 2.011000e+02 
2916800000 1.995000e+02 
2918000000 2.014500e+02 
2919200000 2.004000e+02 
2920400000 1.910500e+02 
2.921600e+09 2.023500e+02 
2922800000 1.969500e+02 
2924000000 2.013000e+02 
2925200000 1.985500e+02 
2926400000 2.005000e+02 
2927600000 1.990500e+02 
2928800000 1.922500e+02 
2.930000e+09 1.960500e+02 
2931200000 1.986500e+02 
2932400000 1.968000e+02 
2933600000 1.977000e+02 
2934800000 1.952000e+02 
2936000000 1.966000e+02 
2937200000 2.012000e+02 
2938400000 1.929500e+02 
2939600000 1.936000e+02 
2940800000 1.924000e+02 
2942000000 1.993000e+02 
2943200000 1.924500e+02 
2944400000 1.989000e+02 
2945600000 1.895000e+02 
2946800000 1.971500e+02 
2948000000 1.981000e+02 
2949200000 1.903500e+02 
2950400000 1.964000e+02 
2951600000 1.963500e+02 
2952800000 1.925500e+02 
2.954000e+09 196 
2955200000 1.885500e+02 
2956400000 1.899500e+02 
2957600000 199 
2958800000 1.927500e+02 
2960000000 1.963000e+02 

END
