IGOR
WAVES/D/O sweep,sig(1) 
BEGIN
2770000000 1.051300e+03 
2.772000e+09 1.035600e+03 
2774000000 1.042900e+03 
2776000000 1.044500e+03 
2778000000 1.038500e+03 
2.780000e+09 1.042350e+03 
2782000000 1.041400e+03 
2784000000 1.035650e+03 
2786000000 1.047200e+03 
2.788000e+09 1.034700e+03 
2790000000 1.032700e+03 
2792000000 1.036050e+03 
2794000000 1.042050e+03 
2.796000e+09 1.051350e+03 
2798000000 1.040700e+03 
2800000000 1.045250e+03 
2802000000 1.028400e+03 
2.804000e+09 1.044500e+03 
2806000000 1.031400e+03 
2808000000 1.042650e+03 
2810000000 1.034850e+03 
2.812000e+09 1.047350e+03 
2814000000 1.040300e+03 
2816000000 1.042450e+03 
2818000000 1.044100e+03 
2.820000e+09 1.027200e+03 
2822000000 1.035100e+03 
2824000000 1.036650e+03 
2826000000 1.032050e+03 
2.828000e+09 1.039800e+03 
2830000000 1.027200e+03 
2832000000 1.044750e+03 
2834000000 1.038250e+03 
2.836000e+09 1.044650e+03 
2838000000 1.037850e+03 
2840000000 1.042200e+03 
2842000000 1.041950e+03 
2.844000e+09 1.046400e+03 
2846000000 1.045650e+03 
2848000000 1.046450e+03 
2850000000 1.035600e+03 
2852000000 1.028100e+03 
2854000000 1.022300e+03 
2.856000e+09 1.008550e+03 
2858000000 1.015050e+03 
2860000000 1.013200e+03 
2862000000 1.029500e+03 
2.864000e+09 1.028800e+03 
2866000000 1.033200e+03 
2868000000 1.027650e+03 
2870000000 1.038150e+03 
2.872000e+09 1.037350e+03 
2874000000 1.035950e+03 
2876000000 1.017600e+03 
2878000000 1.027100e+03 
2.880000e+09 1.023250e+03 
2882000000 1.014650e+03 
2884000000 1020 
2886000000 1.017100e+03 
2.888000e+09 1.021200e+03 
2890000000 1.028600e+03 
2892000000 1.019550e+03 
2894000000 1.039900e+03 
2896000000 1.040550e+03 
2898000000 1.035900e+03 
2.900000e+09 1.044050e+03 
2902000000 1.047400e+03 
2904000000 1.032900e+03 
2906000000 1.047600e+03 
2.908000e+09 1.041900e+03 
2910000000 1.035300e+03 
2912000000 1.034800e+03 
2914000000 1.037550e+03 
2.916000e+09 1.040650e+03 
2918000000 1.046150e+03 
2920000000 1.030700e+03 
2922000000 1.051750e+03 
2.924000e+09 1.045050e+03 
2926000000 1.040550e+03 
2928000000 1.044100e+03 
2930000000 1.034450e+03 
2.932000e+09 1.037350e+03 
2934000000 1.046150e+03 
2936000000 1.047650e+03 
2938000000 1.040550e+03 
2.940000e+09 1.039750e+03 
2942000000 1.029250e+03 
2944000000 1.054450e+03 
2946000000 1.037650e+03 
2.948000e+09 1.037150e+03 
2950000000 1.050750e+03 
2952000000 1.046450e+03 
2954000000 1.038500e+03 
2.956000e+09 1.043550e+03 
2958000000 1.027450e+03 
2960000000 1.030250e+03 
2962000000 1.035350e+03 
2.964000e+09 1.033350e+03 
2966000000 1.034050e+03 
2968000000 1048 
2970000000 1.040200e+03 

END
