IGOR
WAVES/D/O sweep,sig(1) 
BEGIN
2770000000 9.866000e+02 
2.772000e+09 9.771000e+02 
2774000000 9.846500e+02 
2776000000 9.905000e+02 
2778000000 9.864000e+02 
2.780000e+09 9.690500e+02 
2782000000 9.765500e+02 
2784000000 9.777000e+02 
2786000000 9.718000e+02 
2.788000e+09 9.661500e+02 
2790000000 9.741500e+02 
2792000000 9.757000e+02 
2794000000 9.604500e+02 
2.796000e+09 9.672500e+02 
2798000000 9.711000e+02 
2800000000 9.849500e+02 
2802000000 9.821000e+02 
2.804000e+09 9.912000e+02 
2806000000 9.783500e+02 
2808000000 9.878000e+02 
2810000000 9.965000e+02 
2.812000e+09 9.874500e+02 
2814000000 9.937000e+02 
2816000000 9.935000e+02 
2818000000 9.750500e+02 
2.820000e+09 992 
2822000000 9.927500e+02 
2824000000 9.921000e+02 
2826000000 9.801000e+02 
2.828000e+09 993 
2830000000 9.769500e+02 
2832000000 9.911500e+02 
2834000000 9.913000e+02 
2.836000e+09 9.800500e+02 
2838000000 9.796500e+02 
2840000000 9.755500e+02 
2842000000 9.928500e+02 
2.844000e+09 9.836500e+02 
2846000000 9.782000e+02 
2848000000 9.803000e+02 
2850000000 9.935000e+02 
2852000000 9.848500e+02 
2854000000 9.757000e+02 
2.856000e+09 9.881500e+02 
2858000000 9.919000e+02 
2860000000 990 
2862000000 9.860500e+02 
2.864000e+09 9.702000e+02 
2866000000 9.645000e+02 
2868000000 9.907000e+02 
2870000000 9.646500e+02 
2.872000e+09 9.671000e+02 
2874000000 9.796500e+02 
2876000000 9.702000e+02 
2878000000 9.787000e+02 
2.880000e+09 9.691500e+02 
2882000000 9.828500e+02 
2884000000 9.821000e+02 
2886000000 9.721000e+02 
2.888000e+09 9.843500e+02 
2890000000 9.798000e+02 
2892000000 9.736500e+02 
2894000000 9.824500e+02 
2896000000 9.886000e+02 
2898000000 9.947500e+02 
2.900000e+09 9.842500e+02 
2902000000 9.806500e+02 
2904000000 9.859000e+02 
2906000000 9.831500e+02 
2.908000e+09 9.894500e+02 
2910000000 9.828500e+02 
2912000000 9.787500e+02 
2914000000 9.843500e+02 
2.916000e+09 9.832500e+02 
2918000000 9.877500e+02 
2920000000 9.966000e+02 
2922000000 9.873000e+02 
2.924000e+09 9.882000e+02 
2926000000 9.706500e+02 
2928000000 9.945000e+02 
2930000000 993 
2.932000e+09 9.891500e+02 
2934000000 9.931500e+02 
2936000000 9.873000e+02 
2938000000 9.848000e+02 
2.940000e+09 990 
2942000000 9.757000e+02 
2944000000 9.826000e+02 
2946000000 9.766500e+02 
2.948000e+09 9.741000e+02 
2950000000 9.580500e+02 
2952000000 9.787500e+02 
2954000000 9.609500e+02 
2.956000e+09 9.676000e+02 
2958000000 9.670500e+02 
2960000000 9.755500e+02 
2962000000 9.898000e+02 
2.964000e+09 9.586000e+02 
2966000000 9.888000e+02 
2968000000 9.768500e+02 
2970000000 9.723500e+02 

END
