IGOR
WAVES/D/O sweep,sig(1) 
BEGIN
2770000000 1.046600e+03 
2.772000e+09 1.047150e+03 
2774000000 1.046300e+03 
2776000000 1.039650e+03 
2778000000 1.042800e+03 
2.780000e+09 1.047550e+03 
2782000000 1.029850e+03 
2784000000 1.029950e+03 
2786000000 1.059600e+03 
2.788000e+09 1.037050e+03 
2790000000 1047 
2792000000 1.046300e+03 
2794000000 1.036300e+03 
2.796000e+09 1.051900e+03 
2798000000 1.039100e+03 
2800000000 1.044550e+03 
2802000000 1046 
2.804000e+09 1.044450e+03 
2806000000 1.038700e+03 
2808000000 1.065650e+03 
2810000000 1.040950e+03 
2.812000e+09 1.035350e+03 
2814000000 1.044850e+03 
2816000000 1.029900e+03 
2818000000 1041 
2.820000e+09 1.043400e+03 
2822000000 1.038600e+03 
2824000000 1.042500e+03 
2826000000 1.060700e+03 
2.828000e+09 1.042750e+03 
2830000000 1.053700e+03 
2832000000 1.029900e+03 
2834000000 1.034200e+03 
2.836000e+09 1.026150e+03 
2838000000 1.023500e+03 
2840000000 1.040850e+03 
2842000000 1.051250e+03 
2.844000e+09 1.028600e+03 
2846000000 1.040950e+03 
2848000000 1.046750e+03 
2850000000 1.024150e+03 
2852000000 1.018350e+03 
2854000000 1.015550e+03 
2.856000e+09 1.015850e+03 
2858000000 1.047450e+03 
2860000000 1.018750e+03 
2862000000 1.024950e+03 
2.864000e+09 1.035150e+03 
2866000000 1.028900e+03 
2868000000 1.033650e+03 
2870000000 1.028050e+03 
2.872000e+09 1.021800e+03 
2874000000 1.033300e+03 
2876000000 1.032100e+03 
2878000000 1.015750e+03 
2.880000e+09 1.014200e+03 
2882000000 1.016900e+03 
2884000000 1019 
2886000000 1.038100e+03 
2.888000e+09 1.032350e+03 
2890000000 1.017950e+03 
2892000000 1.030500e+03 
2894000000 1025 
2896000000 1.039550e+03 
2898000000 1.044800e+03 
2.900000e+09 1.013350e+03 
2902000000 1.049400e+03 
2904000000 1.051500e+03 
2906000000 1.036300e+03 
2.908000e+09 1.052200e+03 
2910000000 1.046850e+03 
2912000000 1.052100e+03 
2914000000 1.049950e+03 
2.916000e+09 1.043100e+03 
2918000000 1.045250e+03 
2920000000 1.039200e+03 
2922000000 1.028500e+03 
2.924000e+09 1.043450e+03 
2926000000 1.046100e+03 
2928000000 1.048550e+03 
2930000000 1.043650e+03 
2.932000e+09 1.053800e+03 
2934000000 1041 
2936000000 1051 
2938000000 1.034950e+03 
2.940000e+09 1.036850e+03 
2942000000 1.047800e+03 
2944000000 1.054200e+03 
2946000000 1.036650e+03 
2.948000e+09 1.046550e+03 
2950000000 1.046800e+03 
2952000000 1.032600e+03 
2954000000 1.047750e+03 
2.956000e+09 1.032950e+03 
2958000000 1042 
2960000000 1.043200e+03 
2962000000 1.036750e+03 
2.964000e+09 1.044400e+03 
2966000000 1.052700e+03 
2968000000 1.040750e+03 
2970000000 1.048200e+03 

END
