IGOR
WAVES/D/O sweep,sig(1) 
BEGIN
2770000000 9.918500e+02 
2.772000e+09 1.001300e+03 
2774000000 983 
2776000000 9.794500e+02 
2778000000 997 
2.780000e+09 9.846500e+02 
2782000000 9.930500e+02 
2784000000 1.002950e+03 
2786000000 9.877000e+02 
2.788000e+09 9.777500e+02 
2790000000 9.857000e+02 
2792000000 9.716000e+02 
2794000000 9.855000e+02 
2.796000e+09 9.904000e+02 
2798000000 985 
2800000000 9.904500e+02 
2802000000 9.932500e+02 
2.804000e+09 9.885000e+02 
2806000000 986 
2808000000 9.761000e+02 
2810000000 1.001550e+03 
2.812000e+09 9.939000e+02 
2814000000 9.923500e+02 
2816000000 1.003250e+03 
2818000000 9.893500e+02 
2.820000e+09 9.874500e+02 
2822000000 9.840500e+02 
2824000000 9.868500e+02 
2826000000 9.919500e+02 
2.828000e+09 1.000600e+03 
2830000000 9.893000e+02 
2832000000 9.873000e+02 
2834000000 9.905000e+02 
2.836000e+09 9.806000e+02 
2838000000 1.004200e+03 
2840000000 9.937000e+02 
2842000000 9.830500e+02 
2.844000e+09 1006 
2846000000 9.822500e+02 
2848000000 9.924500e+02 
2850000000 9.898500e+02 
2852000000 9.998500e+02 
2854000000 9.976500e+02 
2.856000e+09 9.816000e+02 
2858000000 9.823000e+02 
2860000000 9.913000e+02 
2862000000 9.835000e+02 
2.864000e+09 9.797500e+02 
2866000000 9.786000e+02 
2868000000 9.741000e+02 
2870000000 9.866500e+02 
2.872000e+09 9.665500e+02 
2874000000 9.816000e+02 
2876000000 9.828000e+02 
2878000000 9.857500e+02 
2.880000e+09 9.838500e+02 
2882000000 9.722500e+02 
2884000000 9.759500e+02 
2886000000 9.764000e+02 
2.888000e+09 9.764500e+02 
2890000000 9.913500e+02 
2892000000 9.907000e+02 
2894000000 9.844500e+02 
2896000000 9.842500e+02 
2898000000 1.005500e+03 
2.900000e+09 996 
2902000000 9.877000e+02 
2904000000 9.891000e+02 
2906000000 9.826500e+02 
2.908000e+09 1.003100e+03 
2910000000 9.931500e+02 
2912000000 9.909000e+02 
2914000000 1.002450e+03 
2.916000e+09 9.889000e+02 
2918000000 9.871000e+02 
2920000000 9.903500e+02 
2922000000 9.903500e+02 
2.924000e+09 9.884000e+02 
2926000000 1.004650e+03 
2928000000 1.001950e+03 
2930000000 9.777000e+02 
2.932000e+09 9.954500e+02 
2934000000 993 
2936000000 9.964500e+02 
2938000000 1.000350e+03 
2.940000e+09 9.961500e+02 
2942000000 9.975500e+02 
2944000000 9.786000e+02 
2946000000 9.908500e+02 
2.948000e+09 9.735500e+02 
2950000000 9.848500e+02 
2952000000 9.773000e+02 
2954000000 9.713000e+02 
2.956000e+09 9.980500e+02 
2958000000 9.844000e+02 
2960000000 1.003400e+03 
2962000000 985 
2.964000e+09 9.885500e+02 
2966000000 9.893000e+02 
2968000000 9.948500e+02 
2970000000 9.762000e+02 

END
