IGOR
WAVES/D/O sweep,sig(1) 
BEGIN
2770000000 9.577500e+02 
2.772000e+09 9.651500e+02 
2774000000 9.494500e+02 
2776000000 9.637000e+02 
2778000000 9.572000e+02 
2.780000e+09 955 
2782000000 9.618500e+02 
2784000000 942 
2786000000 9.656500e+02 
2.788000e+09 9.611000e+02 
2790000000 9.530500e+02 
2792000000 9.512500e+02 
2794000000 9.498000e+02 
2.796000e+09 9.558000e+02 
2798000000 9.584000e+02 
2800000000 9.542500e+02 
2802000000 9.641000e+02 
2.804000e+09 9.645000e+02 
2806000000 9.704500e+02 
2808000000 9.601000e+02 
2810000000 9.619500e+02 
2.812000e+09 9.683500e+02 
2814000000 9.618500e+02 
2816000000 9.573000e+02 
2818000000 9.647000e+02 
2.820000e+09 9.617000e+02 
2822000000 9.628000e+02 
2824000000 9.673000e+02 
2826000000 9.618500e+02 
2.828000e+09 9.599500e+02 
2830000000 9.694000e+02 
2832000000 958 
2834000000 9.653500e+02 
2.836000e+09 9.562000e+02 
2838000000 9.569000e+02 
2840000000 9.562500e+02 
2842000000 9.738000e+02 
2.844000e+09 951 
2846000000 9.528500e+02 
2848000000 9.586000e+02 
2850000000 9.735500e+02 
2852000000 9.632000e+02 
2854000000 9.608500e+02 
2.856000e+09 9.529000e+02 
2858000000 9.539500e+02 
2860000000 9.581500e+02 
2862000000 9.509000e+02 
2.864000e+09 9.576500e+02 
2866000000 9.525500e+02 
2868000000 9.502000e+02 
2870000000 9.489500e+02 
2.872000e+09 9.484000e+02 
2874000000 9.581500e+02 
2876000000 9.562000e+02 
2878000000 9.631500e+02 
2.880000e+09 9.541000e+02 
2882000000 9.605000e+02 
2884000000 9.414000e+02 
2886000000 9.408000e+02 
2.888000e+09 9.544500e+02 
2890000000 9.606500e+02 
2892000000 9.548500e+02 
2894000000 9.550500e+02 
2896000000 9.595500e+02 
2898000000 9.639000e+02 
2.900000e+09 9.664500e+02 
2902000000 9.706000e+02 
2904000000 9.647500e+02 
2906000000 9.570500e+02 
2.908000e+09 9.504000e+02 
2910000000 9.654000e+02 
2912000000 9.477000e+02 
2914000000 9.564000e+02 
2.916000e+09 9.697500e+02 
2918000000 9.752000e+02 
2920000000 9.634000e+02 
2922000000 964 
2.924000e+09 9.563000e+02 
2926000000 9.681500e+02 
2928000000 9.607500e+02 
2930000000 9.692500e+02 
2.932000e+09 9.663000e+02 
2934000000 9.609500e+02 
2936000000 9.614500e+02 
2938000000 9.541500e+02 
2.940000e+09 9.662000e+02 
2942000000 9.711000e+02 
2944000000 9.691500e+02 
2946000000 9.488000e+02 
2.948000e+09 945 
2950000000 9.564000e+02 
2952000000 9.473500e+02 
2954000000 9.439500e+02 
2.956000e+09 9.460500e+02 
2958000000 9.525000e+02 
2960000000 9.498500e+02 
2962000000 9.652500e+02 
2.964000e+09 9.575500e+02 
2966000000 9.471500e+02 
2968000000 9.612500e+02 
2970000000 9.572500e+02 

END
