IGOR
WAVES/D/O sweep,sig(1) 
BEGIN
2770000000 1.032700e+03 
2.772000e+09 1.038550e+03 
2774000000 1.046650e+03 
2776000000 1.045950e+03 
2778000000 1032 
2.780000e+09 1.030550e+03 
2782000000 1.031950e+03 
2784000000 1.037200e+03 
2786000000 1.042600e+03 
2.788000e+09 1.041850e+03 
2790000000 1.040300e+03 
2792000000 1.029500e+03 
2794000000 1.046650e+03 
2.796000e+09 1.043250e+03 
2798000000 1.029550e+03 
2800000000 1.051250e+03 
2802000000 1.044050e+03 
2.804000e+09 1.040850e+03 
2806000000 1.043700e+03 
2808000000 1.039100e+03 
2810000000 1040 
2.812000e+09 1.029500e+03 
2814000000 1.048250e+03 
2816000000 1.044350e+03 
2818000000 1.040300e+03 
2.820000e+09 1.033900e+03 
2822000000 1.049100e+03 
2824000000 1.037950e+03 
2826000000 1.036800e+03 
2.828000e+09 1.043200e+03 
2830000000 1.026200e+03 
2832000000 1.038650e+03 
2834000000 1.043800e+03 
2.836000e+09 1.028600e+03 
2838000000 1.040550e+03 
2840000000 1.040850e+03 
2842000000 1.050650e+03 
2.844000e+09 1.030800e+03 
2846000000 1.042500e+03 
2848000000 1.029700e+03 
2850000000 1.038200e+03 
2852000000 1.034450e+03 
2854000000 1.025800e+03 
2.856000e+09 1024 
2858000000 1.015800e+03 
2860000000 1.024800e+03 
2862000000 1.024900e+03 
2.864000e+09 1.031850e+03 
2866000000 1.034550e+03 
2868000000 1.034450e+03 
2870000000 1.034500e+03 
2.872000e+09 1.043300e+03 
2874000000 1.028850e+03 
2876000000 1.032800e+03 
2878000000 1.039900e+03 
2.880000e+09 1.025150e+03 
2882000000 1.022450e+03 
2884000000 1.001500e+03 
2886000000 1.015500e+03 
2.888000e+09 1.014100e+03 
2890000000 1.027450e+03 
2892000000 1.017300e+03 
2894000000 1.029300e+03 
2896000000 1.025350e+03 
2898000000 1.047250e+03 
2.900000e+09 1.029500e+03 
2902000000 1.050650e+03 
2904000000 1.035050e+03 
2906000000 1039 
2.908000e+09 1.038250e+03 
2910000000 1.030350e+03 
2912000000 1.041200e+03 
2914000000 1.042350e+03 
2.916000e+09 1.037750e+03 
2918000000 1.040050e+03 
2920000000 1.049100e+03 
2922000000 1.041600e+03 
2.924000e+09 1.051400e+03 
2926000000 1.020500e+03 
2928000000 1.035900e+03 
2930000000 1.038450e+03 
2.932000e+09 1.023550e+03 
2934000000 1.034700e+03 
2936000000 1.040200e+03 
2938000000 1.035950e+03 
2.940000e+09 1.034700e+03 
2942000000 1.037700e+03 
2944000000 1.040350e+03 
2946000000 1.038400e+03 
2.948000e+09 1.036900e+03 
2950000000 1.056500e+03 
2952000000 1.035850e+03 
2954000000 1.033100e+03 
2.956000e+09 1.046600e+03 
2958000000 1.049300e+03 
2960000000 1.034650e+03 
2962000000 1.044400e+03 
2.964000e+09 1.025100e+03 
2966000000 1.031300e+03 
2968000000 1.056100e+03 
2970000000 1.028400e+03 

END
