IGOR
WAVES/D/O sweep,sig(1) 
BEGIN
2770000000 9.578000e+02 
2.772000e+09 9.641000e+02 
2774000000 9.389000e+02 
2776000000 9.617500e+02 
2778000000 9.610500e+02 
2.780000e+09 9.714500e+02 
2782000000 965 
2784000000 9.560500e+02 
2786000000 9.510500e+02 
2.788000e+09 9.593500e+02 
2790000000 9.472500e+02 
2792000000 9.424000e+02 
2794000000 9.562000e+02 
2.796000e+09 9.474000e+02 
2798000000 9.534000e+02 
2800000000 9.513500e+02 
2802000000 9.458000e+02 
2.804000e+09 9.638500e+02 
2806000000 9.591000e+02 
2808000000 9.630500e+02 
2810000000 9.527500e+02 
2.812000e+09 9.548000e+02 
2814000000 9.703500e+02 
2816000000 9.516500e+02 
2818000000 9.659000e+02 
2.820000e+09 9.601000e+02 
2822000000 9.617000e+02 
2824000000 9.606000e+02 
2826000000 9.626500e+02 
2.828000e+09 9.571000e+02 
2830000000 9.639500e+02 
2832000000 9.599500e+02 
2834000000 9.705500e+02 
2.836000e+09 9.764000e+02 
2838000000 9.708500e+02 
2840000000 9.589500e+02 
2842000000 9.712500e+02 
2.844000e+09 9.578500e+02 
2846000000 9.578000e+02 
2848000000 9.535500e+02 
2850000000 9.544000e+02 
2852000000 9.514500e+02 
2854000000 9.609500e+02 
2.856000e+09 9.615000e+02 
2858000000 9.473000e+02 
2860000000 9.563000e+02 
2862000000 9.620500e+02 
2.864000e+09 9.584000e+02 
2866000000 9.653500e+02 
2868000000 9.455500e+02 
2870000000 9.572000e+02 
2.872000e+09 9.528500e+02 
2874000000 9.536500e+02 
2876000000 9.562000e+02 
2878000000 9.579500e+02 
2.880000e+09 9.522000e+02 
2882000000 9.469000e+02 
2884000000 955 
2886000000 9.499000e+02 
2.888000e+09 9.691000e+02 
2890000000 9.643500e+02 
2892000000 9.572000e+02 
2894000000 9.460500e+02 
2896000000 9.732500e+02 
2898000000 9.585500e+02 
2.900000e+09 9.565500e+02 
2902000000 9.504500e+02 
2904000000 9.589500e+02 
2906000000 9.449000e+02 
2.908000e+09 9.708000e+02 
2910000000 9.692500e+02 
2912000000 9.574000e+02 
2914000000 9.572000e+02 
2.916000e+09 9.633000e+02 
2918000000 9.617500e+02 
2920000000 9.672500e+02 
2922000000 9.642500e+02 
2.924000e+09 9.548500e+02 
2926000000 9.565000e+02 
2928000000 9.537500e+02 
2930000000 9.736500e+02 
2.932000e+09 9.555500e+02 
2934000000 9.687000e+02 
2936000000 9.655000e+02 
2938000000 9.684000e+02 
2.940000e+09 9.582000e+02 
2942000000 9.611000e+02 
2944000000 9.434000e+02 
2946000000 957 
2.948000e+09 9.520500e+02 
2950000000 9.457500e+02 
2952000000 9.414000e+02 
2954000000 9.448000e+02 
2.956000e+09 9.492000e+02 
2958000000 9.665000e+02 
2960000000 9.597500e+02 
2962000000 9.466500e+02 
2.964000e+09 9.623000e+02 
2966000000 9.687500e+02 
2968000000 9.498500e+02 
2970000000 9.595500e+02 

END
