IGOR
WAVES/D/O sweep,sig(1) 
BEGIN
2700000000 2.942306e+03 
2.701688e+09 2.943556e+03 
2.703375e+09 2.937250e+03 
2.705063e+09 2.946588e+03 
2706750000 2.942150e+03 
2708437500 2.937119e+03 
2710125000 2.940450e+03 
2711812500 2.939950e+03 
2.713500e+09 2.937206e+03 
2.715188e+09 2.945475e+03 
2.716875e+09 2.936775e+03 
2718562500 2.932750e+03 
2720250000 2.933637e+03 
2721937500 2.941175e+03 
2723625000 2.938275e+03 
2.725313e+09 2.944294e+03 
2.727000e+09 2.944219e+03 
2.728688e+09 2.943794e+03 
2730375000 2.935800e+03 
2732062500 2.930619e+03 
2733750000 2.943200e+03 
2735437500 2.936044e+03 
2.737125e+09 2.945525e+03 
2.738813e+09 2.936969e+03 
2.740500e+09 2.934881e+03 
2742187500 2.937288e+03 
2743875000 2.933225e+03 
2745562500 2.940937e+03 
2747250000 2.936956e+03 
2.748938e+09 2.934938e+03 
2.750625e+09 2.941056e+03 
2.752313e+09 2.939081e+03 
2754000000 2.941088e+03 
2755687500 2.937875e+03 
2757375000 2.933031e+03 
2759062500 2.952231e+03 
2.760750e+09 2.938931e+03 
2.762438e+09 2.943987e+03 
2764125000 2.939119e+03 
2765812500 2.940181e+03 
2767500000 2.939450e+03 
2769187500 2.938237e+03 
2770875000 2.940869e+03 
2.772563e+09 2.935831e+03 
2.774250e+09 2.936437e+03 
2775937500 2.929569e+03 
2777625000 2.940137e+03 
2779312500 2.934081e+03 
2781000000 2.937306e+03 
2782687500 2.934919e+03 
2.784375e+09 2.932456e+03 
2.786063e+09 2.930319e+03 
2787750000 2.928519e+03 
2789437500 2.921544e+03 
2791125000 2.909831e+03 
2792812500 2.909325e+03 
2794500000 2.906925e+03 
2.796188e+09 2.905675e+03 
2.797875e+09 2.916600e+03 
2799562500 2.926394e+03 
2801250000 2.922206e+03 
2802937500 2.924463e+03 
2804625000 2.920619e+03 
2806312500 2.899631e+03 
2.808000e+09 2.909487e+03 
2.809688e+09 2.895837e+03 
2811375000 2.901756e+03 
2813062500 2.909213e+03 
2814750000 2910 
2816437500 2.920050e+03 
2818125000 2.922312e+03 
2.819813e+09 2.921225e+03 
2.821500e+09 2.920194e+03 
2823187500 2.921375e+03 
2824875000 2.914756e+03 
2826562500 2.920338e+03 
2828250000 2.917787e+03 
2829937500 2.933856e+03 
2.831625e+09 2.930144e+03 
2.833313e+09 2.927038e+03 
2835000000 2.918487e+03 
2836687500 2.914594e+03 
2838375000 2.911444e+03 
2840062500 2.911594e+03 
2841750000 2.920713e+03 
2.843438e+09 2.924456e+03 
2.845125e+09 2.930988e+03 
2846812500 2.935512e+03 
2848500000 2.928569e+03 
2850187500 2.937725e+03 
2851875000 2.933669e+03 
2853562500 2.934006e+03 
2.855250e+09 2.936487e+03 
2856937500 2.939950e+03 
2858625000 2.941756e+03 
2860312500 2.926812e+03 
2862000000 2.935550e+03 
2863687500 2.945319e+03 
2865375000 2.934113e+03 
2.867063e+09 2.942406e+03 
2.868750e+09 2.937088e+03 
2870437500 2.938987e+03 
2872125000 2.931613e+03 
2873812500 2.937244e+03 
2875500000 2.937181e+03 
2877187500 2.933412e+03 
2.878875e+09 2.936219e+03 
2880562500 2.936144e+03 
2882250000 2.940869e+03 
2883937500 2.942288e+03 
2885625000 2.939169e+03 
2887312500 2.939581e+03 
2889000000 2.939706e+03 
2.890688e+09 2.943137e+03 
2892375000 2.931400e+03 
2894062500 2.933631e+03 
2895750000 2.935212e+03 
2897437500 2.932631e+03 
2899125000 2.940844e+03 
2900812500 2.928319e+03 
2.902500e+09 2.936662e+03 
2904187500 2.935906e+03 
2905875000 2.939500e+03 
2907562500 2.931956e+03 
2909250000 2.925375e+03 
2910937500 2.921256e+03 
2.912625e+09 2.912869e+03 
2.914313e+09 2.914512e+03 
2916000000 2.915919e+03 
2917687500 2.916850e+03 
2919375000 2.923681e+03 
2921062500 2.923031e+03 
2922750000 2.923262e+03 
2.924438e+09 2.924588e+03 
2.926125e+09 2.923831e+03 
2927812500 2.911531e+03 
2929500000 2.911650e+03 
2931187500 2.918919e+03 
2932875000 2.912975e+03 
2934562500 2.923075e+03 
2.936250e+09 2.917281e+03 
2.937938e+09 2.915806e+03 
2939625000 2.906369e+03 
2941312500 2.900769e+03 
2943000000 2.908394e+03 
2944687500 2.905169e+03 
2946375000 2.909912e+03 
2.948063e+09 2.920631e+03 
2.949750e+09 2.921037e+03 
2951437500 2.916888e+03 
2953125000 2.909956e+03 
2954812500 2.899331e+03 
2956500000 2.904712e+03 
2958187500 2.899894e+03 
2.959875e+09 2.908787e+03 
2.961563e+09 2.923100e+03 
2963250000 2.932488e+03 
2964937500 2.939306e+03 
2966625000 2.927444e+03 
2968312500 2.936719e+03 
2970000000 2.946913e+03 
2.971688e+09 2.933756e+03 
2973375000 2.936388e+03 
2975062500 2.926294e+03 
2976750000 2.937931e+03 
2978437500 2.937150e+03 
2980125000 2.934806e+03 
2981812500 2.941019e+03 
2.983500e+09 2.940081e+03 
2.985188e+09 2.936162e+03 
2986875000 2.942250e+03 
2988562500 2.932794e+03 
2990250000 2.938344e+03 
2991937500 2.933662e+03 
2993625000 2.944200e+03 
2.995313e+09 2.940756e+03 
2997000000 2.939506e+03 
2998687500 2.939719e+03 
3000375000 2.946169e+03 
3002062500 2.943556e+03 
3003750000 2.936106e+03 
3005437500 2.939694e+03 
3.007125e+09 2.936619e+03 
3.008813e+09 2.935950e+03 
3010500000 2939 
3012187500 2.941806e+03 
3013875000 2.935269e+03 
3015562500 2.934050e+03 
3017250000 2.940275e+03 
3018937500 2.938775e+03 
3020625000 2.932919e+03 
3022312500 2.941794e+03 
3024000000 2.934362e+03 
3025687500 2.942000e+03 
3027375000 2.934181e+03 
3029062500 2.939119e+03 
3.030750e+09 2.936106e+03 
3.032438e+09 2.930212e+03 
3034125000 2.937831e+03 
3035812500 2.942319e+03 
3037500000 2.938131e+03 

END
X//SEQUENCE PARAMETERS
X//meas
X//SPCM
X//meas2
X//PD0 not connected
X//bGo
X//0
X//bExp
X//0
X//bTomo
X//false
X//m
X//2.75
X//name
X//ESR
X//From
X//2.7
X//To
X//3.0375
X//bSweep1log
X//0
X//N
X//201
X//From2
X//0
X//bSweep2log
X//0
X//bSweep2
X//0
X//To2
X//200
X//N2
X//21
X//From3
X//0
X//bSweep3log
X//0
X//bSweep3
X//0
X//To3
X//200
X//N3
X//21
X//pi
X//200
X//halfpi
X//100
X//interval
X//5000
X//readout
X//100000
X//misc
X//5
X//CtrGateDur
X//10000
X//bWarmUpAOM
X//0
X//bTrack
X//0
X//saveRaw
X//0
X//post_init_wait
X//5000
X//post_MW_wait
X//1000
X//P1Pulse
X//0
X//TrackPointN
X//13
X//DEERpi
X//200
X//DEERt
X//5000
X//bAAR
X//1
X//Repeat
X//6000
X//Average
X//99999
X//bCust
X//0
X//measPD
X//0
X//ctrN
X//1
X//bRaman
X//0
X//NSweepParam
X//201
X//bGoAfterAvg
X//1
X//bRandom
X//0
X//dataN
X//1
X//refCounts
X//0
X//iAverage
X//8
X//bCtr
X//0
X//bLiO
X//1
