IGOR
WAVES/D/O sweep,sig(1) 
BEGIN
2570000000 7.912700e+03 
2.572150e+09 7.892375e+03 
2574300000 7.928100e+03 
2576450000 7.901175e+03 
2578600000 7.904175e+03 
2.580750e+09 7.893100e+03 
2582900000 7.902950e+03 
2585050000 7.897850e+03 
2.587200e+09 7.917375e+03 
2589350000 7.882450e+03 
2591500000 7.925850e+03 
2593650000 7.910550e+03 
2.595800e+09 7.929325e+03 
2597950000 7.893100e+03 
2600100000 7921 
2.602250e+09 7.904050e+03 
2604400000 7.893550e+03 
2606550000 7.906650e+03 
2608700000 7.913950e+03 
2.610850e+09 7.917975e+03 
2613000000 7.939175e+03 
2615150000 7.918225e+03 
2.617300e+09 7.905825e+03 
2619450000 7911 
2621600000 7.912225e+03 
2623750000 7.901625e+03 
2.625900e+09 7.881725e+03 
2628050000 7.893650e+03 
2630200000 7.897600e+03 
2.632350e+09 7.859875e+03 
2634500000 7.886200e+03 
2636650000 7.865675e+03 
2638800000 7.843500e+03 
2.640950e+09 7.863700e+03 
2643100000 7.880125e+03 
2645250000 7.907500e+03 
2.647400e+09 7.865625e+03 
2649550000 7.887625e+03 
2651700000 7.910250e+03 
2653850000 7.891125e+03 
2.656000e+09 7.903275e+03 
2658150000 7.878400e+03 
2660300000 7.881900e+03 
2.662450e+09 7.883625e+03 
2664600000 7.864475e+03 
2666750000 7.842800e+03 
2668900000 7.857750e+03 
2.671050e+09 7.856725e+03 
2673200000 7.835850e+03 
2675350000 7.846500e+03 
2677500000 7.830850e+03 
2679650000 7.862250e+03 
2681800000 7.882300e+03 
2683950000 7.886150e+03 
2.686100e+09 7.881050e+03 
2688250000 7.895125e+03 
2690400000 7.887575e+03 
2692550000 7.894200e+03 
2694700000 7.890625e+03 
2696850000 7.862100e+03 
2699000000 7.850950e+03 
2.701150e+09 7.842100e+03 
2703300000 7.833875e+03 
2705450000 7.824475e+03 
2707600000 7.824700e+03 
2.709750e+09 7.823650e+03 
2711900000 7.826725e+03 
2714050000 7.849675e+03 
2.716200e+09 7.841575e+03 
2718350000 7.876525e+03 
2720500000 7.859600e+03 
2722650000 7.906750e+03 
2724800000 7.908875e+03 
2726950000 7.881600e+03 
2729100000 7.865550e+03 
2.731250e+09 7.873800e+03 
2733400000 7.871425e+03 
2735550000 7.852850e+03 
2737700000 7.856900e+03 
2.739850e+09 7.886675e+03 
2742000000 7.863550e+03 
2744150000 7.874075e+03 
2.746300e+09 7.875700e+03 
2748450000 7.897450e+03 
2750600000 7.906400e+03 
2752750000 7.884325e+03 
2754900000 7.904025e+03 
2757050000 7.920900e+03 
2759200000 7.913600e+03 
2.761350e+09 7.884200e+03 
2763500000 7.885300e+03 
2765650000 7.905775e+03 
2767800000 7.870675e+03 
2.769950e+09 7.921875e+03 
2772100000 7.876200e+03 
2774250000 7.888975e+03 
2.776400e+09 7.899375e+03 
2778550000 7.908575e+03 
2780700000 7.875225e+03 
2782850000 7.891850e+03 
2785000000 7.886700e+03 
2787150000 7.874650e+03 
2789300000 7.900650e+03 
2791450000 7.905875e+03 
2793600000 7.902375e+03 
2795750000 7.893425e+03 
2797900000 7.902200e+03 
2.800050e+09 7.909375e+03 
2802200000 7.905025e+03 
2804350000 7.885925e+03 
2806500000 7.880400e+03 
2808650000 7.910575e+03 
2810800000 7.886375e+03 
2812950000 7.884950e+03 
2815100000 7.890400e+03 
2817250000 7.899425e+03 
2819400000 7.899125e+03 
2821550000 7.895575e+03 
2823700000 7.892175e+03 
2825850000 7.900850e+03 
2828000000 7.894300e+03 
2.830150e+09 7.870150e+03 
2832300000 7.907825e+03 
2834450000 7.875625e+03 
2836600000 7.912450e+03 
2838750000 7.908825e+03 
2840900000 7.899150e+03 
2843050000 7.871425e+03 
2845200000 7.877275e+03 
2847350000 7.877875e+03 
2849500000 7.846450e+03 
2851650000 7.875850e+03 
2853800000 7.874200e+03 
2855950000 7.888450e+03 
2858100000 7.875675e+03 
2.860250e+09 7.883075e+03 
2862400000 7.893100e+03 
2864550000 7.914650e+03 
2866700000 7.890150e+03 
2868850000 7.864500e+03 
2871000000 7.894875e+03 
2873150000 7.908325e+03 
2875300000 7.891675e+03 
2877450000 7.913250e+03 
2879600000 7.897925e+03 
2881750000 7.893750e+03 
2883900000 7.890200e+03 
2886050000 7.892775e+03 
2888200000 7.874025e+03 
2.890350e+09 7901 
2892500000 7.883975e+03 
2894650000 7.885900e+03 
2896800000 7.910675e+03 
2898950000 7.913450e+03 
2901100000 7.898375e+03 
2903250000 7.891250e+03 
2905400000 7.902500e+03 
2907550000 7.887475e+03 
2909700000 7.911375e+03 
2911850000 7.890325e+03 
2914000000 7.899900e+03 
2916150000 7.876600e+03 
2918300000 7.869300e+03 
2920450000 7.889725e+03 
2922600000 7.892175e+03 
2924750000 7.901350e+03 
2926900000 7.910625e+03 
2929050000 7.917700e+03 
2931200000 7.904225e+03 
2933350000 7.873075e+03 
2935500000 7.931775e+03 
2937650000 7.916700e+03 
2939800000 7.894075e+03 
2941950000 7.874950e+03 
2.944100e+09 7.877950e+03 
2946250000 7.904025e+03 
2948400000 7.879425e+03 
2950550000 7.893050e+03 
2952700000 7.923125e+03 
2954850000 7.903375e+03 
2957000000 7.924875e+03 
2959150000 7.891025e+03 
2961300000 7.908850e+03 
2963450000 7.905800e+03 
2965600000 7.886150e+03 
2967750000 7.921325e+03 
2969900000 7.923225e+03 
2972050000 7.903300e+03 
2974200000 7.901775e+03 
2976350000 7.930300e+03 
2978500000 7.906025e+03 
2980650000 7.900850e+03 
2982800000 7.912250e+03 
2984950000 7.913525e+03 
2987100000 7.908125e+03 
2989250000 7.891875e+03 
2991400000 7.905850e+03 
2993550000 7.914075e+03 
2995700000 7.908975e+03 
2997850000 7.885375e+03 
3000000000 7.883400e+03 

END
