IGOR
WAVES/D/O sweep,sig(1) 
BEGIN
2570000000 8.092250e+03 
2.572150e+09 8.087175e+03 
2574300000 8.108600e+03 
2576450000 8.109450e+03 
2578600000 8.086525e+03 
2.580750e+09 8.075200e+03 
2582900000 8.111775e+03 
2585050000 8.086350e+03 
2.587200e+09 8.083100e+03 
2589350000 8.102200e+03 
2591500000 8.086075e+03 
2593650000 8.066550e+03 
2.595800e+09 8.065875e+03 
2597950000 8.071425e+03 
2600100000 8.085575e+03 
2.602250e+09 8.088525e+03 
2604400000 8.100300e+03 
2606550000 8.067250e+03 
2608700000 8.123525e+03 
2.610850e+09 8.084325e+03 
2613000000 8.078025e+03 
2615150000 8.086450e+03 
2.617300e+09 8.109425e+03 
2619450000 8.072075e+03 
2621600000 8.097975e+03 
2623750000 8.106600e+03 
2.625900e+09 8078 
2628050000 8.076550e+03 
2630200000 8.079750e+03 
2.632350e+09 8.063550e+03 
2634500000 8.029750e+03 
2636650000 8.065825e+03 
2638800000 8.043975e+03 
2.640950e+09 8.047575e+03 
2643100000 8.074900e+03 
2645250000 8.051900e+03 
2.647400e+09 8.080925e+03 
2649550000 8.055875e+03 
2651700000 8083 
2653850000 8.045425e+03 
2.656000e+09 8.071150e+03 
2658150000 8.086675e+03 
2660300000 8.074850e+03 
2.662450e+09 8.043275e+03 
2664600000 8.021525e+03 
2666750000 8.029100e+03 
2668900000 8.015625e+03 
2.671050e+09 8.041025e+03 
2673200000 8.024625e+03 
2675350000 8.038425e+03 
2677500000 8.067825e+03 
2679650000 8.047075e+03 
2681800000 8.077425e+03 
2683950000 8.097325e+03 
2.686100e+09 8.062925e+03 
2688250000 8.095050e+03 
2690400000 8.094650e+03 
2692550000 8.091125e+03 
2694700000 8.087725e+03 
2696850000 8.066575e+03 
2699000000 8.082850e+03 
2.701150e+09 8.047200e+03 
2703300000 8.013500e+03 
2705450000 8.020550e+03 
2707600000 8.013375e+03 
2.709750e+09 8.023325e+03 
2711900000 8.027850e+03 
2714050000 8.079525e+03 
2.716200e+09 8.057875e+03 
2718350000 8.081150e+03 
2720500000 8082 
2722650000 8.099950e+03 
2724800000 8.123300e+03 
2726950000 8.098125e+03 
2729100000 8.101375e+03 
2.731250e+09 8.086575e+03 
2733400000 8.067625e+03 
2735550000 8.074200e+03 
2737700000 8.073050e+03 
2.739850e+09 8.071350e+03 
2742000000 8.078050e+03 
2744150000 8.078900e+03 
2.746300e+09 8.088350e+03 
2748450000 8.072575e+03 
2750600000 8.086700e+03 
2752750000 8.079675e+03 
2754900000 8.099175e+03 
2757050000 8.090350e+03 
2759200000 8.126125e+03 
2.761350e+09 8.093875e+03 
2763500000 8.092325e+03 
2765650000 8.073600e+03 
2767800000 8.097325e+03 
2.769950e+09 8.104625e+03 
2772100000 8.087225e+03 
2774250000 8.108675e+03 
2.776400e+09 8.090750e+03 
2778550000 8.112600e+03 
2780700000 8.122875e+03 
2782850000 8.115125e+03 
2785000000 8.119650e+03 
2787150000 8.087125e+03 
2789300000 8.095750e+03 
2791450000 8.112525e+03 
2793600000 8.120225e+03 
2795750000 8.082075e+03 
2797900000 8.096075e+03 
2.800050e+09 8.108650e+03 
2802200000 8.105650e+03 
2804350000 8.111700e+03 
2806500000 8.075525e+03 
2808650000 8.093800e+03 
2810800000 8.131075e+03 
2812950000 8.093650e+03 
2815100000 8.102650e+03 
2817250000 8.118400e+03 
2819400000 8.100550e+03 
2821550000 8.107800e+03 
2823700000 8.136150e+03 
2825850000 8.108375e+03 
2828000000 8.119875e+03 
2.830150e+09 8.098925e+03 
2832300000 8.103800e+03 
2834450000 8.105950e+03 
2836600000 8.114275e+03 
2838750000 8.131600e+03 
2840900000 8.099300e+03 
2843050000 8.120550e+03 
2845200000 8.110575e+03 
2847350000 8.086475e+03 
2849500000 8.109800e+03 
2851650000 8.108975e+03 
2853800000 8.098325e+03 
2855950000 8105 
2858100000 8.109550e+03 
2.860250e+09 8.087675e+03 
2862400000 8.099150e+03 
2864550000 8.079625e+03 
2866700000 8.108425e+03 
2868850000 8.115250e+03 
2871000000 8.126225e+03 
2873150000 8.126525e+03 
2875300000 8.105925e+03 
2877450000 8.107225e+03 
2879600000 8.074525e+03 
2881750000 8.117800e+03 
2883900000 8.084125e+03 
2886050000 8.116200e+03 
2888200000 8.101100e+03 
2.890350e+09 8.115225e+03 
2892500000 8.101825e+03 
2894650000 8.109725e+03 
2896800000 8.118825e+03 
2898950000 8.103250e+03 
2901100000 8.114300e+03 
2903250000 8.096200e+03 
2905400000 8.092025e+03 
2907550000 8.101975e+03 
2909700000 8.125625e+03 
2911850000 8.078775e+03 
2914000000 8.116050e+03 
2916150000 8.088500e+03 
2918300000 8.099800e+03 
2920450000 8.098175e+03 
2922600000 8.117825e+03 
2924750000 8.097800e+03 
2926900000 8.098475e+03 
2929050000 8.088400e+03 
2931200000 8.091725e+03 
2933350000 8.109750e+03 
2935500000 8.094450e+03 
2937650000 8.095075e+03 
2939800000 8.097575e+03 
2941950000 8.098850e+03 
2.944100e+09 8.098350e+03 
2946250000 8.099450e+03 
2948400000 8.087300e+03 
2950550000 8.110725e+03 
2952700000 8.088725e+03 
2954850000 8.094950e+03 
2957000000 8.106175e+03 
2959150000 8.094850e+03 
2961300000 8.115925e+03 
2963450000 8.114700e+03 
2965600000 8.109325e+03 
2967750000 8095 
2969900000 8.099625e+03 
2972050000 8.095800e+03 
2974200000 8.119550e+03 
2976350000 8.113850e+03 
2978500000 8.102725e+03 
2980650000 8.113350e+03 
2982800000 8.110825e+03 
2984950000 8.108225e+03 
2987100000 8.105900e+03 
2989250000 8.113475e+03 
2991400000 8.122525e+03 
2993550000 8.101175e+03 
2995700000 8.123475e+03 
2997850000 8.129625e+03 
3000000000 8.081025e+03 

END
