IGOR
WAVES/D/O sweep,sig(1) 
BEGIN
2570000000 8.062375e+03 
2.572150e+09 8.057500e+03 
2574300000 8.072525e+03 
2576450000 8.081925e+03 
2578600000 8.065075e+03 
2.580750e+09 8.036325e+03 
2582900000 8.056700e+03 
2585050000 8.064950e+03 
2.587200e+09 8.088575e+03 
2589350000 8.040650e+03 
2591500000 8.075950e+03 
2593650000 8.038100e+03 
2.595800e+09 8.047950e+03 
2597950000 8.071250e+03 
2600100000 8.066850e+03 
2.602250e+09 8.071525e+03 
2604400000 8.079775e+03 
2606550000 8.075250e+03 
2608700000 8.082675e+03 
2.610850e+09 8071 
2613000000 8.063475e+03 
2615150000 8.072550e+03 
2.617300e+09 8.052125e+03 
2619450000 8.062375e+03 
2621600000 8.062600e+03 
2623750000 8.056750e+03 
2.625900e+09 8.062625e+03 
2628050000 8.081825e+03 
2630200000 8.050825e+03 
2.632350e+09 8.041650e+03 
2634500000 8.045100e+03 
2636650000 8.002575e+03 
2638800000 8.020700e+03 
2.640950e+09 8.020600e+03 
2643100000 8.016975e+03 
2645250000 8.049425e+03 
2.647400e+09 8.028325e+03 
2649550000 8.044975e+03 
2651700000 8.038375e+03 
2653850000 8.053250e+03 
2.656000e+09 8.060300e+03 
2658150000 8.039625e+03 
2660300000 8.037125e+03 
2.662450e+09 8.039025e+03 
2664600000 8.039450e+03 
2666750000 7.993175e+03 
2668900000 8.000625e+03 
2.671050e+09 7.976250e+03 
2673200000 7.992125e+03 
2675350000 7.971425e+03 
2677500000 8.036400e+03 
2679650000 8.036600e+03 
2681800000 8.034050e+03 
2683950000 8.060975e+03 
2.686100e+09 8.045475e+03 
2688250000 8.086175e+03 
2690400000 8.062725e+03 
2692550000 8.050650e+03 
2694700000 8.058075e+03 
2696850000 8.052450e+03 
2699000000 8.029075e+03 
2.701150e+09 8.009975e+03 
2703300000 7.992650e+03 
2705450000 7.985950e+03 
2707600000 7.981275e+03 
2.709750e+09 7.980375e+03 
2711900000 8.005175e+03 
2714050000 8.004350e+03 
2.716200e+09 8.012600e+03 
2718350000 8.019725e+03 
2720500000 8.032575e+03 
2722650000 8.044925e+03 
2724800000 8.053575e+03 
2726950000 8.083550e+03 
2729100000 8.052650e+03 
2.731250e+09 8.063725e+03 
2733400000 8.026800e+03 
2735550000 8.006275e+03 
2737700000 8.032500e+03 
2.739850e+09 8.032625e+03 
2742000000 8.016325e+03 
2744150000 8.023550e+03 
2.746300e+09 8.025775e+03 
2748450000 8.039550e+03 
2750600000 8.039300e+03 
2752750000 8.054750e+03 
2754900000 8.073475e+03 
2757050000 8.077325e+03 
2759200000 8.075825e+03 
2.761350e+09 8.068150e+03 
2763500000 8075 
2765650000 8.058950e+03 
2767800000 8.046250e+03 
2.769950e+09 8.054500e+03 
2772100000 8.036700e+03 
2774250000 8.046925e+03 
2.776400e+09 8.050450e+03 
2778550000 8.078300e+03 
2780700000 8.030725e+03 
2782850000 8.071450e+03 
2785000000 8.069775e+03 
2787150000 8.063850e+03 
2789300000 8.032800e+03 
2791450000 8.054950e+03 
2793600000 8.058300e+03 
2795750000 8.052175e+03 
2797900000 8.075775e+03 
2.800050e+09 8.038550e+03 
2802200000 8.044250e+03 
2804350000 8.052875e+03 
2806500000 8.030600e+03 
2808650000 8.060950e+03 
2810800000 8.079625e+03 
2812950000 8.068775e+03 
2815100000 8049 
2817250000 8.064150e+03 
2819400000 8.090450e+03 
2821550000 8.061600e+03 
2823700000 8.029550e+03 
2825850000 8.052100e+03 
2828000000 8.052775e+03 
2.830150e+09 8.078575e+03 
2832300000 8.039050e+03 
2834450000 8.058600e+03 
2836600000 8.050250e+03 
2838750000 8.053975e+03 
2840900000 8.052725e+03 
2843050000 8.072025e+03 
2845200000 8.067100e+03 
2847350000 8.045650e+03 
2849500000 8.061225e+03 
2851650000 8061 
2853800000 8.075850e+03 
2855950000 8.058525e+03 
2858100000 8.075350e+03 
2.860250e+09 8.058650e+03 
2862400000 8.061150e+03 
2864550000 8.078475e+03 
2866700000 8.072175e+03 
2868850000 8.057925e+03 
2871000000 8.052325e+03 
2873150000 8.071225e+03 
2875300000 8.078300e+03 
2877450000 8.052550e+03 
2879600000 8.069400e+03 
2881750000 8.079400e+03 
2883900000 8070 
2886050000 8.082400e+03 
2888200000 8.097625e+03 
2.890350e+09 8.070225e+03 
2892500000 8.069475e+03 
2894650000 8.097475e+03 
2896800000 8.096675e+03 
2898950000 8095 
2901100000 8.056225e+03 
2903250000 8.052350e+03 
2905400000 8.074875e+03 
2907550000 8.077325e+03 
2909700000 8.074775e+03 
2911850000 8.068425e+03 
2914000000 8.082375e+03 
2916150000 8.081225e+03 
2918300000 8.087650e+03 
2920450000 8.063425e+03 
2922600000 8.052100e+03 
2924750000 8.066350e+03 
2926900000 8.079150e+03 
2929050000 8.086325e+03 
2931200000 8.086500e+03 
2933350000 8.085650e+03 
2935500000 8.113700e+03 
2937650000 8.061800e+03 
2939800000 8.074425e+03 
2941950000 8.100650e+03 
2.944100e+09 8.095475e+03 
2946250000 8.065175e+03 
2948400000 8.085650e+03 
2950550000 8.102200e+03 
2952700000 8.069075e+03 
2954850000 8.081200e+03 
2957000000 8.070450e+03 
2959150000 8.107375e+03 
2961300000 8.098050e+03 
2963450000 8.075625e+03 
2965600000 8.048825e+03 
2967750000 8.085375e+03 
2969900000 8.104550e+03 
2972050000 8090 
2974200000 8.098775e+03 
2976350000 8.093700e+03 
2978500000 8.095600e+03 
2980650000 8.100200e+03 
2982800000 8.076475e+03 
2984950000 8.101575e+03 
2987100000 8.098875e+03 
2989250000 8.078950e+03 
2991400000 8.100400e+03 
2993550000 8.105475e+03 
2995700000 8.092800e+03 
2997850000 8.076850e+03 
3000000000 8.066200e+03 

END
