IGOR
WAVES/D/O sweep,sig(1) 
BEGIN
2570000000 8.124950e+03 
2.572150e+09 8.122275e+03 
2574300000 8.109125e+03 
2576450000 8.139125e+03 
2578600000 8.129025e+03 
2.580750e+09 8108 
2582900000 8.136325e+03 
2585050000 8.113075e+03 
2.587200e+09 8.115225e+03 
2589350000 8.116025e+03 
2591500000 8.122400e+03 
2593650000 8106 
2.595800e+09 8.106350e+03 
2597950000 8.140325e+03 
2600100000 8.107125e+03 
2.602250e+09 8.150200e+03 
2604400000 8.103825e+03 
2606550000 8.105200e+03 
2608700000 8.132950e+03 
2.610850e+09 8.098925e+03 
2613000000 8.101400e+03 
2615150000 8.114900e+03 
2.617300e+09 8.122400e+03 
2619450000 8.150450e+03 
2621600000 8.117500e+03 
2623750000 8.129275e+03 
2.625900e+09 8.131125e+03 
2628050000 8.114875e+03 
2630200000 8.096250e+03 
2.632350e+09 8.098075e+03 
2634500000 8.089650e+03 
2636650000 8.072400e+03 
2638800000 8.087875e+03 
2.640950e+09 8.094550e+03 
2643100000 8.089775e+03 
2645250000 8.096650e+03 
2.647400e+09 8.129275e+03 
2649550000 8.098525e+03 
2651700000 8.134125e+03 
2653850000 8.112675e+03 
2.656000e+09 8.151300e+03 
2658150000 8.091700e+03 
2660300000 8.092775e+03 
2.662450e+09 8.085450e+03 
2664600000 8.073675e+03 
2666750000 8.068750e+03 
2668900000 8.061800e+03 
2.671050e+09 8.043025e+03 
2673200000 8.072050e+03 
2675350000 8.067575e+03 
2677500000 8.099650e+03 
2679650000 8.091325e+03 
2681800000 8.114225e+03 
2683950000 8.122325e+03 
2.686100e+09 8.110750e+03 
2688250000 8138 
2690400000 8.150725e+03 
2692550000 8.137225e+03 
2694700000 8.120325e+03 
2696850000 8.094150e+03 
2699000000 8.078425e+03 
2.701150e+09 8.104875e+03 
2703300000 8.087725e+03 
2705450000 8.048400e+03 
2707600000 8.050100e+03 
2.709750e+09 8.061650e+03 
2711900000 8.061625e+03 
2714050000 8.067250e+03 
2.716200e+09 8.097375e+03 
2718350000 8.105600e+03 
2720500000 8.083300e+03 
2722650000 8.121750e+03 
2724800000 8.121400e+03 
2726950000 8.100875e+03 
2729100000 8.121800e+03 
2.731250e+09 8.099875e+03 
2733400000 8.121600e+03 
2735550000 8.080825e+03 
2737700000 8.073850e+03 
2.739850e+09 8.125825e+03 
2742000000 8084 
2744150000 8.102325e+03 
2.746300e+09 8.126550e+03 
2748450000 8.124775e+03 
2750600000 8.110225e+03 
2752750000 8.109600e+03 
2754900000 8.147450e+03 
2757050000 8.125175e+03 
2759200000 8.140425e+03 
2.761350e+09 8.126675e+03 
2763500000 8.143475e+03 
2765650000 8.136375e+03 
2767800000 8.126325e+03 
2.769950e+09 8.144125e+03 
2772100000 8.138550e+03 
2774250000 8.125450e+03 
2.776400e+09 8.126150e+03 
2778550000 8.088925e+03 
2780700000 8.120400e+03 
2782850000 8.114325e+03 
2785000000 8.149500e+03 
2787150000 8.143750e+03 
2789300000 8.119850e+03 
2791450000 8.140550e+03 
2793600000 8.142475e+03 
2795750000 8.100025e+03 
2797900000 8.105650e+03 
2.800050e+09 8.123950e+03 
2802200000 8.146500e+03 
2804350000 8.130250e+03 
2806500000 8.136750e+03 
2808650000 8.127900e+03 
2810800000 8.142800e+03 
2812950000 8.133825e+03 
2815100000 8.115775e+03 
2817250000 8.134575e+03 
2819400000 8.139850e+03 
2821550000 8.134750e+03 
2823700000 8.149100e+03 
2825850000 8.142225e+03 
2828000000 8.139400e+03 
2.830150e+09 8.127975e+03 
2832300000 8.141950e+03 
2834450000 8.131250e+03 
2836600000 8.126975e+03 
2838750000 8.123425e+03 
2840900000 8.143500e+03 
2843050000 8.121775e+03 
2845200000 8.139475e+03 
2847350000 8.146900e+03 
2849500000 8.109100e+03 
2851650000 8.114725e+03 
2853800000 8.137975e+03 
2855950000 8.121125e+03 
2858100000 8.120350e+03 
2.860250e+09 8.137550e+03 
2862400000 8.143550e+03 
2864550000 8.120725e+03 
2866700000 8.128100e+03 
2868850000 8.112050e+03 
2871000000 8.126900e+03 
2873150000 8.121425e+03 
2875300000 8.117775e+03 
2877450000 8.136575e+03 
2879600000 8.119150e+03 
2881750000 8.124375e+03 
2883900000 8.108525e+03 
2886050000 8.116275e+03 
2888200000 8.119250e+03 
2.890350e+09 8.126275e+03 
2892500000 8.120175e+03 
2894650000 8.117375e+03 
2896800000 8.110200e+03 
2898950000 8.101775e+03 
2901100000 8118 
2903250000 8.113450e+03 
2905400000 8.110125e+03 
2907550000 8.105275e+03 
2909700000 8.141875e+03 
2911850000 8.129550e+03 
2914000000 8.098725e+03 
2916150000 8.097900e+03 
2918300000 8.113100e+03 
2920450000 8.102025e+03 
2922600000 8.103275e+03 
2924750000 8.103275e+03 
2926900000 8.125225e+03 
2929050000 8.134725e+03 
2931200000 8.133075e+03 
2933350000 8.121650e+03 
2935500000 8.132725e+03 
2937650000 8.114650e+03 
2939800000 8.096775e+03 
2941950000 8.109100e+03 
2.944100e+09 8.110825e+03 
2946250000 8.106250e+03 
2948400000 8.106925e+03 
2950550000 8.108575e+03 
2952700000 8.088900e+03 
2954850000 8.108925e+03 
2957000000 8.150625e+03 
2959150000 8.121925e+03 
2961300000 8.113825e+03 
2963450000 8.111300e+03 
2965600000 8.106775e+03 
2967750000 8.092200e+03 
2969900000 8.128825e+03 
2972050000 8.116350e+03 
2974200000 8.095900e+03 
2976350000 8.105750e+03 
2978500000 8.109700e+03 
2980650000 8.115600e+03 
2982800000 8.141250e+03 
2984950000 8.119600e+03 
2987100000 8.109550e+03 
2989250000 8.090975e+03 
2991400000 8.124550e+03 
2993550000 8.104925e+03 
2995700000 8.102350e+03 
2997850000 8.083025e+03 
3000000000 8.097250e+03 

END
