IGOR
WAVES/D/O sweep,sig(1) 
BEGIN
2570000000 8.053125e+03 
2.572150e+09 8.046350e+03 
2574300000 8.037300e+03 
2576450000 8.028350e+03 
2578600000 8.018025e+03 
2.580750e+09 8.033125e+03 
2582900000 8.035950e+03 
2585050000 8.028775e+03 
2.587200e+09 8.013325e+03 
2589350000 8.013400e+03 
2591500000 8.039400e+03 
2593650000 8.020550e+03 
2.595800e+09 8.016850e+03 
2597950000 8.007750e+03 
2600100000 8.034950e+03 
2.602250e+09 8.021400e+03 
2604400000 8.004025e+03 
2606550000 8.030875e+03 
2608700000 8.026975e+03 
2.610850e+09 8.033575e+03 
2613000000 8.039225e+03 
2615150000 8.025800e+03 
2.617300e+09 8.004750e+03 
2619450000 8.011150e+03 
2621600000 8.016650e+03 
2623750000 8.034100e+03 
2.625900e+09 8.032250e+03 
2628050000 8.038425e+03 
2630200000 8.014850e+03 
2.632350e+09 8.019900e+03 
2634500000 8.014500e+03 
2636650000 8.043250e+03 
2638800000 8.017225e+03 
2.640950e+09 8.030725e+03 
2643100000 8.017850e+03 
2645250000 8.027725e+03 
2.647400e+09 8037 
2649550000 8.038450e+03 
2651700000 8.032525e+03 
2653850000 8.017150e+03 
2.656000e+09 8.040800e+03 
2658150000 8.019450e+03 
2660300000 8.021275e+03 
2.662450e+09 8.017950e+03 
2664600000 8.043150e+03 
2666750000 8.037200e+03 
2668900000 8.055650e+03 
2.671050e+09 8.030325e+03 
2673200000 8.041300e+03 
2675350000 8.032975e+03 
2677500000 8.027300e+03 
2679650000 8025 
2681800000 8.016150e+03 
2683950000 8.020600e+03 
2.686100e+09 8.039400e+03 
2688250000 8.031200e+03 
2690400000 8.014725e+03 
2692550000 8.027900e+03 
2694700000 8.008200e+03 
2696850000 8001 
2699000000 7.994050e+03 
2.701150e+09 7.967150e+03 
2703300000 7970 
2705450000 7.971250e+03 
2707600000 7.993950e+03 
2.709750e+09 7.999225e+03 
2711900000 7.991600e+03 
2714050000 8.004175e+03 
2.716200e+09 8.000950e+03 
2718350000 8.028450e+03 
2720500000 8.002300e+03 
2722650000 8.033150e+03 
2724800000 8.044600e+03 
2726950000 8.034400e+03 
2729100000 7.982675e+03 
2.731250e+09 7.996600e+03 
2733400000 7.956575e+03 
2735550000 7.960500e+03 
2737700000 7.932825e+03 
2.739850e+09 7.908525e+03 
2742000000 7.906775e+03 
2744150000 7.901175e+03 
2.746300e+09 7.909700e+03 
2748450000 7.931500e+03 
2750600000 7.947725e+03 
2752750000 7.926175e+03 
2754900000 7.945725e+03 
2757050000 7.966025e+03 
2759200000 7.981675e+03 
2.761350e+09 7.989050e+03 
2763500000 8.002575e+03 
2765650000 8.016850e+03 
2767800000 7.996425e+03 
2.769950e+09 7.987925e+03 
2772100000 8.004625e+03 
2774250000 8.035050e+03 
2.776400e+09 8.005400e+03 
2778550000 8.000125e+03 
2780700000 8.007875e+03 
2782850000 8.017575e+03 
2785000000 7993 
2787150000 7.962600e+03 
2789300000 7.956850e+03 
2791450000 7.977175e+03 
2793600000 7.989350e+03 
2795750000 8.017725e+03 
2797900000 8.028675e+03 
2.800050e+09 8.018500e+03 
2802200000 8.009775e+03 
2804350000 8.019500e+03 
2806500000 8.036900e+03 
2808650000 8.004750e+03 
2810800000 7.999525e+03 
2812950000 8.000325e+03 
2815100000 8.014400e+03 
2817250000 8.042850e+03 
2819400000 8.042825e+03 
2821550000 8.012050e+03 
2823700000 8.032525e+03 
2825850000 8.000275e+03 
2828000000 8.014875e+03 
2.830150e+09 8.021175e+03 
2832300000 8.020425e+03 
2834450000 8.016250e+03 
2836600000 8.024225e+03 
2838750000 8.039575e+03 
2840900000 8.025275e+03 
2843050000 8.024975e+03 
2845200000 8.013225e+03 
2847350000 8.019525e+03 
2849500000 8.030225e+03 
2851650000 8.001450e+03 
2853800000 8.011825e+03 
2855950000 8.014825e+03 
2858100000 7.998250e+03 
2.860250e+09 8.032925e+03 
2862400000 7.998050e+03 
2864550000 8.025325e+03 
2866700000 8.007150e+03 
2868850000 8.009950e+03 
2871000000 8.040925e+03 
2873150000 8.024175e+03 
2875300000 8.038675e+03 
2877450000 8.033075e+03 
2879600000 8.011800e+03 
2881750000 8.026550e+03 
2883900000 8.018875e+03 
2886050000 7.999925e+03 
2888200000 8.034425e+03 
2.890350e+09 8.020150e+03 
2892500000 8.027425e+03 
2894650000 8.024725e+03 
2896800000 8.023600e+03 
2898950000 8.030950e+03 
2901100000 8.021950e+03 
2903250000 8.004325e+03 
2905400000 8.015800e+03 
2907550000 8.037500e+03 
2909700000 8.026900e+03 
2911850000 8.009550e+03 
2914000000 8.017225e+03 
2916150000 8.035425e+03 
2918300000 8.021300e+03 
2920450000 8.017525e+03 
2922600000 8.039825e+03 
2924750000 8.014425e+03 
2926900000 8.054500e+03 
2929050000 8.048475e+03 
2931200000 8.012975e+03 
2933350000 8.027525e+03 
2935500000 8.049150e+03 
2937650000 8.025275e+03 
2939800000 8.018900e+03 
2941950000 8.042700e+03 
2.944100e+09 8.041125e+03 
2946250000 8.025275e+03 
2948400000 8.029600e+03 
2950550000 8.021175e+03 
2952700000 8.032100e+03 
2954850000 8.041175e+03 
2957000000 8.031725e+03 
2959150000 8.021950e+03 
2961300000 8.017850e+03 
2963450000 7.987625e+03 
2965600000 8.028575e+03 
2967750000 8.026325e+03 
2969900000 8.025700e+03 
2972050000 8.011850e+03 
2974200000 8.031675e+03 
2976350000 8.042550e+03 
2978500000 8.031700e+03 
2980650000 8.055750e+03 
2982800000 8.054925e+03 
2984950000 8.035600e+03 
2987100000 8.035800e+03 
2989250000 8.047600e+03 
2991400000 8.040550e+03 
2993550000 8.037450e+03 
2995700000 8.041275e+03 
2997850000 8.018475e+03 
3000000000 7.995075e+03 

END
