IGOR
WAVES/D/O sweep,sig(1) 
BEGIN
2570000000 8.241100e+03 
2.572150e+09 8.201475e+03 
2574300000 8.214300e+03 
2576450000 8.208325e+03 
2578600000 8.249775e+03 
2.580750e+09 8.238925e+03 
2582900000 8.228975e+03 
2585050000 8.228100e+03 
2.587200e+09 8.206800e+03 
2589350000 8.223050e+03 
2591500000 8.270375e+03 
2593650000 8.232025e+03 
2.595800e+09 8.227250e+03 
2597950000 8.241025e+03 
2600100000 8.226900e+03 
2.602250e+09 8.237050e+03 
2604400000 8.239900e+03 
2606550000 8.239500e+03 
2608700000 8.234675e+03 
2.610850e+09 8.225700e+03 
2613000000 8.211225e+03 
2615150000 8.227550e+03 
2.617300e+09 8.218850e+03 
2619450000 8.218200e+03 
2621600000 8.228450e+03 
2623750000 8.208625e+03 
2.625900e+09 8.210500e+03 
2628050000 8.199150e+03 
2630200000 8.176050e+03 
2.632350e+09 8.185100e+03 
2634500000 8.197775e+03 
2636650000 8.186475e+03 
2638800000 8.173225e+03 
2.640950e+09 8.170650e+03 
2643100000 8.169625e+03 
2645250000 8.185250e+03 
2.647400e+09 8.217075e+03 
2649550000 8.195575e+03 
2651700000 8.234025e+03 
2653850000 8.199550e+03 
2.656000e+09 8.223150e+03 
2658150000 8.248700e+03 
2660300000 8.224750e+03 
2.662450e+09 8.204425e+03 
2664600000 8.168800e+03 
2666750000 8.144100e+03 
2668900000 8.175900e+03 
2.671050e+09 8.151725e+03 
2673200000 8.139550e+03 
2675350000 8.160825e+03 
2677500000 8.183775e+03 
2679650000 8.196600e+03 
2681800000 8.211100e+03 
2683950000 8.202725e+03 
2.686100e+09 8.213150e+03 
2688250000 8.224375e+03 
2690400000 8.201175e+03 
2692550000 8.228550e+03 
2694700000 8.201850e+03 
2696850000 8.190150e+03 
2699000000 8.205475e+03 
2.701150e+09 8.175875e+03 
2703300000 8.155100e+03 
2705450000 8.135650e+03 
2707600000 8.160775e+03 
2.709750e+09 8.184175e+03 
2711900000 8.167300e+03 
2714050000 8.178950e+03 
2.716200e+09 8.176350e+03 
2718350000 8.179175e+03 
2720500000 8.205400e+03 
2722650000 8.212550e+03 
2724800000 8.222725e+03 
2726950000 8.182575e+03 
2729100000 8.228550e+03 
2.731250e+09 8.218475e+03 
2733400000 8.195600e+03 
2735550000 8.188300e+03 
2737700000 8.189350e+03 
2.739850e+09 8189 
2742000000 8.169425e+03 
2744150000 8.180800e+03 
2.746300e+09 8.169725e+03 
2748450000 8.187050e+03 
2750600000 8.197325e+03 
2752750000 8.203850e+03 
2754900000 8.208175e+03 
2757050000 8.198325e+03 
2759200000 8.184400e+03 
2.761350e+09 8.226300e+03 
2763500000 8.208900e+03 
2765650000 8.212525e+03 
2767800000 8.211550e+03 
2.769950e+09 8.208175e+03 
2772100000 8.206175e+03 
2774250000 8.182425e+03 
2.776400e+09 8.180175e+03 
2778550000 8.221075e+03 
2780700000 8.226675e+03 
2782850000 8.197850e+03 
2785000000 8.194275e+03 
2787150000 8.177475e+03 
2789300000 8.198150e+03 
2791450000 8.219250e+03 
2793600000 8.192775e+03 
2795750000 8.224250e+03 
2797900000 8.220175e+03 
2.800050e+09 8.177725e+03 
2802200000 8.190300e+03 
2804350000 8.220925e+03 
2806500000 8.214950e+03 
2808650000 8.201950e+03 
2810800000 8.229825e+03 
2812950000 8.212275e+03 
2815100000 8.194350e+03 
2817250000 8.179200e+03 
2819400000 8.182750e+03 
2821550000 8.198325e+03 
2823700000 8.181075e+03 
2825850000 8.164225e+03 
2828000000 8.151225e+03 
2.830150e+09 8.171850e+03 
2832300000 8.179375e+03 
2834450000 8.205300e+03 
2836600000 8.184175e+03 
2838750000 8.175950e+03 
2840900000 8.170075e+03 
2843050000 8.174050e+03 
2845200000 8.174800e+03 
2847350000 8.192475e+03 
2849500000 8.172450e+03 
2851650000 8.197900e+03 
2853800000 8.192200e+03 
2855950000 8.204050e+03 
2858100000 8.201125e+03 
2.860250e+09 8.204475e+03 
2862400000 8.206075e+03 
2864550000 8.222800e+03 
2866700000 8.203150e+03 
2868850000 8.207300e+03 
2871000000 8.192675e+03 
2873150000 8.192875e+03 
2875300000 8.197625e+03 
2877450000 8.206300e+03 
2879600000 8.215425e+03 
2881750000 8.194500e+03 
2883900000 8.198275e+03 
2886050000 8.217675e+03 
2888200000 8.205375e+03 
2.890350e+09 8.206675e+03 
2892500000 8.197325e+03 
2894650000 8.187850e+03 
2896800000 8.200375e+03 
2898950000 8.186025e+03 
2901100000 8.201600e+03 
2903250000 8.210650e+03 
2905400000 8.168925e+03 
2907550000 8.174975e+03 
2909700000 8.175775e+03 
2911850000 8.205975e+03 
2914000000 8.187825e+03 
2916150000 8.184500e+03 
2918300000 8.198775e+03 
2920450000 8.177025e+03 
2922600000 8.176200e+03 
2924750000 8.204025e+03 
2926900000 8.172175e+03 
2929050000 8.179600e+03 
2931200000 8.192475e+03 
2933350000 8.179575e+03 
2935500000 8.191900e+03 
2937650000 8.169225e+03 
2939800000 8.198475e+03 
2941950000 8.194675e+03 
2.944100e+09 8.180600e+03 
2946250000 8.175400e+03 
2948400000 8.167625e+03 
2950550000 8.200650e+03 
2952700000 8.201225e+03 
2954850000 8.197250e+03 
2957000000 8.173075e+03 
2959150000 8.199950e+03 
2961300000 8.184475e+03 
2963450000 8.183425e+03 
2965600000 8.203850e+03 
2967750000 8.188150e+03 
2969900000 8.197900e+03 
2972050000 8.212500e+03 
2974200000 8.172975e+03 
2976350000 8.190175e+03 
2978500000 8.204450e+03 
2980650000 8.187225e+03 
2982800000 8.170700e+03 
2984950000 8.158500e+03 
2987100000 8.205925e+03 
2989250000 8.179275e+03 
2991400000 8.185500e+03 
2993550000 8.175175e+03 
2995700000 8.176500e+03 
2997850000 8.195375e+03 
3000000000 8.179050e+03 

END
