IGOR
WAVES/D/O sweep,sig(1) 
BEGIN
2570000000 8.077400e+03 
2.572150e+09 8.065350e+03 
2574300000 8059 
2576450000 8.081650e+03 
2578600000 8.076750e+03 
2.580750e+09 8.091925e+03 
2582900000 8102 
2585050000 8.085300e+03 
2.587200e+09 8.074475e+03 
2589350000 8.100725e+03 
2591500000 8.068850e+03 
2593650000 8.076175e+03 
2.595800e+09 8.080900e+03 
2597950000 8.066450e+03 
2600100000 8.085650e+03 
2.602250e+09 8.086400e+03 
2604400000 8.096175e+03 
2606550000 8.086875e+03 
2608700000 8.084700e+03 
2.610850e+09 8.075400e+03 
2613000000 8.084500e+03 
2615150000 8.099450e+03 
2.617300e+09 8.075675e+03 
2619450000 8.063650e+03 
2621600000 8.070975e+03 
2623750000 8.063950e+03 
2.625900e+09 8.064475e+03 
2628050000 8.039950e+03 
2630200000 8.076225e+03 
2.632350e+09 8.049350e+03 
2634500000 8.078850e+03 
2636650000 8.047125e+03 
2638800000 8.030900e+03 
2.640950e+09 8.072575e+03 
2643100000 8.071450e+03 
2645250000 8.072025e+03 
2.647400e+09 8.065825e+03 
2649550000 8.078075e+03 
2651700000 8.095825e+03 
2653850000 8.106700e+03 
2.656000e+09 8.085800e+03 
2658150000 8.086525e+03 
2660300000 8.069300e+03 
2.662450e+09 8.042450e+03 
2664600000 8.053800e+03 
2666750000 8.026575e+03 
2668900000 8.022075e+03 
2.671050e+09 8.038650e+03 
2673200000 8.036850e+03 
2675350000 8.037300e+03 
2677500000 8.050400e+03 
2679650000 8.074925e+03 
2681800000 8.064325e+03 
2683950000 8.088325e+03 
2.686100e+09 8.091325e+03 
2688250000 8.096850e+03 
2690400000 8.092525e+03 
2692550000 8.084375e+03 
2694700000 8.092975e+03 
2696850000 8.072250e+03 
2699000000 8.078475e+03 
2.701150e+09 8.036750e+03 
2703300000 8.029075e+03 
2705450000 8.039500e+03 
2707600000 8.032325e+03 
2.709750e+09 8.024950e+03 
2711900000 8.027625e+03 
2714050000 8.066550e+03 
2.716200e+09 8.083425e+03 
2718350000 8.061550e+03 
2720500000 8.088825e+03 
2722650000 8.111375e+03 
2724800000 8.098175e+03 
2726950000 8.088125e+03 
2729100000 8.059900e+03 
2.731250e+09 8.067750e+03 
2733400000 8.082825e+03 
2735550000 8.074375e+03 
2737700000 8.086600e+03 
2.739850e+09 8.047225e+03 
2742000000 8.079075e+03 
2744150000 8066 
2.746300e+09 8.077075e+03 
2748450000 8.097325e+03 
2750600000 8.097350e+03 
2752750000 8.105350e+03 
2754900000 8.095900e+03 
2757050000 8.105075e+03 
2759200000 8.099625e+03 
2.761350e+09 8124 
2763500000 8.104600e+03 
2765650000 8.088375e+03 
2767800000 8.123250e+03 
2.769950e+09 8.092350e+03 
2772100000 8.096375e+03 
2774250000 8.098825e+03 
2.776400e+09 8110 
2778550000 8.107750e+03 
2780700000 8.110700e+03 
2782850000 8.105800e+03 
2785000000 8.102350e+03 
2787150000 8.106050e+03 
2789300000 8.096475e+03 
2791450000 8.107525e+03 
2793600000 8.086175e+03 
2795750000 8.102275e+03 
2797900000 8.080550e+03 
2.800050e+09 8.077025e+03 
2802200000 8.112500e+03 
2804350000 8.092025e+03 
2806500000 8095 
2808650000 8.073525e+03 
2810800000 8.096225e+03 
2812950000 8.120325e+03 
2815100000 8.085500e+03 
2817250000 8.120150e+03 
2819400000 8.104800e+03 
2821550000 8.095400e+03 
2823700000 8.109850e+03 
2825850000 8.110250e+03 
2828000000 8.089225e+03 
2.830150e+09 8.090025e+03 
2832300000 8.104300e+03 
2834450000 8.093650e+03 
2836600000 8.104700e+03 
2838750000 8.104400e+03 
2840900000 8.095225e+03 
2843050000 8.103600e+03 
2845200000 8.075575e+03 
2847350000 8.087950e+03 
2849500000 8.096750e+03 
2851650000 8.092675e+03 
2853800000 8.129525e+03 
2855950000 8.139600e+03 
2858100000 8.142325e+03 
2.860250e+09 8.097900e+03 
2862400000 8.113575e+03 
2864550000 8.109175e+03 
2866700000 8.116150e+03 
2868850000 8.112525e+03 
2871000000 8.120275e+03 
2873150000 8.087525e+03 
2875300000 8.120325e+03 
2877450000 8.110700e+03 
2879600000 8.087775e+03 
2881750000 8.113025e+03 
2883900000 8.085775e+03 
2886050000 8.097450e+03 
2888200000 8.112300e+03 
2.890350e+09 8.106050e+03 
2892500000 8.100150e+03 
2894650000 8.098050e+03 
2896800000 8.104400e+03 
2898950000 8.101425e+03 
2901100000 8.085625e+03 
2903250000 8.114075e+03 
2905400000 8.091675e+03 
2907550000 8.129900e+03 
2909700000 8.082800e+03 
2911850000 8.093525e+03 
2914000000 8.094200e+03 
2916150000 8.093750e+03 
2918300000 8.111300e+03 
2920450000 8.078625e+03 
2922600000 8.102875e+03 
2924750000 8.075250e+03 
2926900000 8.098025e+03 
2929050000 8.100925e+03 
2931200000 8.101025e+03 
2933350000 8.100125e+03 
2935500000 8.099275e+03 
2937650000 8.114625e+03 
2939800000 8.112450e+03 
2941950000 8.106025e+03 
2.944100e+09 8.103250e+03 
2946250000 8.109025e+03 
2948400000 8.100050e+03 
2950550000 8.109700e+03 
2952700000 8.109450e+03 
2954850000 8.089225e+03 
2957000000 8.124250e+03 
2959150000 8.103175e+03 
2961300000 8.123725e+03 
2963450000 8.088475e+03 
2965600000 8.092925e+03 
2967750000 8.092350e+03 
2969900000 8.082975e+03 
2972050000 8.100875e+03 
2974200000 8.111700e+03 
2976350000 8.102200e+03 
2978500000 8.115275e+03 
2980650000 8.103275e+03 
2982800000 8.098625e+03 
2984950000 8.103675e+03 
2987100000 8.114500e+03 
2989250000 8102 
2991400000 8.128550e+03 
2993550000 8.111500e+03 
2995700000 8.121925e+03 
2997850000 8.116175e+03 
3000000000 8.097175e+03 

END
