IGOR
WAVES/D/O sweep,sig(1) 
BEGIN
2570000000 7.926750e+03 
2.572150e+09 7.933400e+03 
2574300000 7.929600e+03 
2576450000 7.949200e+03 
2578600000 7.966825e+03 
2.580750e+09 7.956150e+03 
2582900000 7.943400e+03 
2585050000 7.954100e+03 
2.587200e+09 7.932350e+03 
2589350000 7.945800e+03 
2591500000 7.935875e+03 
2593650000 7.938250e+03 
2.595800e+09 7.915700e+03 
2597950000 7.961550e+03 
2600100000 7.926250e+03 
2.602250e+09 7.952575e+03 
2604400000 7.931025e+03 
2606550000 7.924025e+03 
2608700000 7.930500e+03 
2.610850e+09 7.935450e+03 
2613000000 7.941150e+03 
2615150000 7.938300e+03 
2.617300e+09 7.949325e+03 
2619450000 7.932050e+03 
2621600000 7.953225e+03 
2623750000 7.959575e+03 
2.625900e+09 7.932975e+03 
2628050000 7.944975e+03 
2630200000 7.957350e+03 
2.632350e+09 7.972775e+03 
2634500000 7.920775e+03 
2636650000 7.934900e+03 
2638800000 7.948950e+03 
2.640950e+09 7.962925e+03 
2643100000 7.940200e+03 
2645250000 7.938050e+03 
2.647400e+09 7.946150e+03 
2649550000 7.955750e+03 
2651700000 7.960375e+03 
2653850000 7.952475e+03 
2.656000e+09 7.946375e+03 
2658150000 7.951400e+03 
2660300000 7.955025e+03 
2.662450e+09 7.959125e+03 
2664600000 7.958625e+03 
2666750000 7.970025e+03 
2668900000 7.963750e+03 
2.671050e+09 7.950900e+03 
2673200000 7.945325e+03 
2675350000 7.935075e+03 
2677500000 7.969050e+03 
2679650000 7.948675e+03 
2681800000 7.973900e+03 
2683950000 7.977400e+03 
2.686100e+09 7.948300e+03 
2688250000 7.952425e+03 
2690400000 7.936500e+03 
2692550000 7.948500e+03 
2694700000 7.920375e+03 
2696850000 7.933900e+03 
2699000000 7.949750e+03 
2.701150e+09 7.963100e+03 
2703300000 7.975375e+03 
2705450000 7.953350e+03 
2707600000 7.946675e+03 
2.709750e+09 7.947325e+03 
2711900000 7.946475e+03 
2714050000 7.992850e+03 
2.716200e+09 7.957775e+03 
2718350000 7.976350e+03 
2720500000 7.966725e+03 
2722650000 7.968575e+03 
2724800000 7.974875e+03 
2726950000 7.985375e+03 
2729100000 7.961025e+03 
2.731250e+09 7957 
2733400000 7.957275e+03 
2735550000 7.975800e+03 
2737700000 7.973400e+03 
2.739850e+09 7.954175e+03 
2742000000 7.970125e+03 
2744150000 7.982400e+03 
2.746300e+09 7.993050e+03 
2748450000 7.957475e+03 
2750600000 7.971325e+03 
2752750000 7.968150e+03 
2754900000 7.966300e+03 
2757050000 7.943625e+03 
2759200000 7.958925e+03 
2.761350e+09 7.957500e+03 
2763500000 7.972475e+03 
2765650000 7.966875e+03 
2767800000 7.933600e+03 
2.769950e+09 7.971650e+03 
2772100000 7.958650e+03 
2774250000 7.956425e+03 
2.776400e+09 7.938250e+03 
2778550000 7.913350e+03 
2780700000 7.881675e+03 
2782850000 7.856050e+03 
2785000000 7.836700e+03 
2787150000 7.794450e+03 
2789300000 7.826025e+03 
2791450000 7.788825e+03 
2793600000 7.780475e+03 
2795750000 7.780850e+03 
2797900000 7.769375e+03 
2.800050e+09 7.808875e+03 
2802200000 7.828025e+03 
2804350000 7.841750e+03 
2806500000 7.872025e+03 
2808650000 7.889825e+03 
2810800000 7.935425e+03 
2812950000 7.944225e+03 
2815100000 7.945525e+03 
2817250000 7.951400e+03 
2819400000 7.980650e+03 
2821550000 7.984400e+03 
2823700000 7.959325e+03 
2825850000 7.960225e+03 
2828000000 7.986575e+03 
2.830150e+09 7.966375e+03 
2832300000 7971 
2834450000 7.947425e+03 
2836600000 7.961925e+03 
2838750000 7.972200e+03 
2840900000 7.941550e+03 
2843050000 7.966275e+03 
2845200000 7.946675e+03 
2847350000 7.965950e+03 
2849500000 7.970075e+03 
2851650000 7958 
2853800000 7.968625e+03 
2855950000 7.973950e+03 
2858100000 7.961050e+03 
2.860250e+09 7.959050e+03 
2862400000 7.991650e+03 
2864550000 7.961950e+03 
2866700000 7.962750e+03 
2868850000 7.972675e+03 
2871000000 7.982150e+03 
2873150000 7.967700e+03 
2875300000 7.969750e+03 
2877450000 7.971200e+03 
2879600000 7.972075e+03 
2881750000 7.974650e+03 
2883900000 7.997925e+03 
2886050000 7.990100e+03 
2888200000 7.979375e+03 
2.890350e+09 7.997175e+03 
2892500000 7.964375e+03 
2894650000 7.964200e+03 
2896800000 7.965625e+03 
2898950000 7.953875e+03 
2901100000 7.985750e+03 
2903250000 7.963975e+03 
2905400000 8.007800e+03 
2907550000 8.008050e+03 
2909700000 7.956300e+03 
2911850000 7.960300e+03 
2914000000 7962 
2916150000 7.967950e+03 
2918300000 7.978975e+03 
2920450000 7.975475e+03 
2922600000 7.974425e+03 
2924750000 7.983700e+03 
2926900000 7.979800e+03 
2929050000 7.948775e+03 
2931200000 7.961425e+03 
2933350000 7.972525e+03 
2935500000 7.965450e+03 
2937650000 7.980225e+03 
2939800000 7954 
2941950000 7.921800e+03 
2.944100e+09 7.925975e+03 
2946250000 7.937850e+03 
2948400000 7.900350e+03 
2950550000 7.844600e+03 
2952700000 7.840300e+03 
2954850000 7.804650e+03 
2957000000 7.796375e+03 
2959150000 7.758750e+03 
2961300000 7.776350e+03 
2963450000 7.778675e+03 
2965600000 7.765750e+03 
2967750000 7.806650e+03 
2969900000 7.816350e+03 
2972050000 7.862375e+03 
2974200000 7.901500e+03 
2976350000 7.917100e+03 
2978500000 7.920750e+03 
2980650000 7.937600e+03 
2982800000 7.939550e+03 
2984950000 7.961925e+03 
2987100000 7.960600e+03 
2989250000 7.967950e+03 
2991400000 7.954525e+03 
2993550000 7.948650e+03 
2995700000 7.971800e+03 
2997850000 7.957250e+03 
3000000000 7.965075e+03 

END
