IGOR
WAVES/D/O sweep,sig(1) 
BEGIN
2570000000 7.893800e+03 
2.572150e+09 7.910825e+03 
2574300000 7.928675e+03 
2576450000 7.908975e+03 
2578600000 7.913650e+03 
2.580750e+09 7.893625e+03 
2582900000 7.899500e+03 
2585050000 7.877500e+03 
2.587200e+09 7.903725e+03 
2589350000 7.906575e+03 
2591500000 7.912125e+03 
2593650000 7.912400e+03 
2.595800e+09 7.879300e+03 
2597950000 7.893950e+03 
2600100000 7.899500e+03 
2.602250e+09 7.887125e+03 
2604400000 7.903425e+03 
2606550000 7.925475e+03 
2608700000 7.912450e+03 
2.610850e+09 7.922550e+03 
2613000000 7.916650e+03 
2615150000 7.913525e+03 
2.617300e+09 7.894625e+03 
2619450000 7.898025e+03 
2621600000 7.922775e+03 
2623750000 7.898950e+03 
2.625900e+09 7.895250e+03 
2628050000 7.891050e+03 
2630200000 7.887250e+03 
2.632350e+09 7.895950e+03 
2634500000 7.889450e+03 
2636650000 7.863650e+03 
2638800000 7.864825e+03 
2.640950e+09 7.868800e+03 
2643100000 7.871325e+03 
2645250000 7.889700e+03 
2.647400e+09 7.894025e+03 
2649550000 7.884025e+03 
2651700000 7.877975e+03 
2653850000 7.895250e+03 
2.656000e+09 7.912450e+03 
2658150000 7.890725e+03 
2660300000 7.882450e+03 
2.662450e+09 7.851775e+03 
2664600000 7.838900e+03 
2666750000 7.831800e+03 
2668900000 7.831100e+03 
2.671050e+09 7.814400e+03 
2673200000 7.848400e+03 
2675350000 7.839200e+03 
2677500000 7.839825e+03 
2679650000 7.851675e+03 
2681800000 7.875475e+03 
2683950000 7.886800e+03 
2.686100e+09 7.906625e+03 
2688250000 7.900225e+03 
2690400000 7.907175e+03 
2692550000 7.866650e+03 
2694700000 7.913375e+03 
2696850000 7.859925e+03 
2699000000 7.876400e+03 
2.701150e+09 7.827975e+03 
2703300000 7.836975e+03 
2705450000 7.837150e+03 
2707600000 7.852075e+03 
2.709750e+09 7.824250e+03 
2711900000 7.833450e+03 
2714050000 7.848225e+03 
2.716200e+09 7.864400e+03 
2718350000 7.883075e+03 
2720500000 7.888375e+03 
2722650000 7.903050e+03 
2724800000 7.888200e+03 
2726950000 7.883750e+03 
2729100000 7.884775e+03 
2.731250e+09 7.870900e+03 
2733400000 7.868975e+03 
2735550000 7.847425e+03 
2737700000 7.867125e+03 
2.739850e+09 7.862875e+03 
2742000000 7.870975e+03 
2744150000 7.872625e+03 
2.746300e+09 7.861550e+03 
2748450000 7.877750e+03 
2750600000 7.909975e+03 
2752750000 7.893125e+03 
2754900000 7.873650e+03 
2757050000 7.896325e+03 
2759200000 7.884150e+03 
2.761350e+09 7.890100e+03 
2763500000 7.876725e+03 
2765650000 7.918225e+03 
2767800000 7890 
2.769950e+09 7.907550e+03 
2772100000 7887 
2774250000 7.896575e+03 
2.776400e+09 7.923275e+03 
2778550000 7.878575e+03 
2780700000 7.879125e+03 
2782850000 7.873125e+03 
2785000000 7.922025e+03 
2787150000 7.891250e+03 
2789300000 7.878450e+03 
2791450000 7.881050e+03 
2793600000 7.895200e+03 
2795750000 7.879175e+03 
2797900000 7.867725e+03 
2.800050e+09 7.884800e+03 
2802200000 7.898425e+03 
2804350000 7.879875e+03 
2806500000 7.895575e+03 
2808650000 7.878500e+03 
2810800000 7.909525e+03 
2812950000 7.895725e+03 
2815100000 7.909925e+03 
2817250000 7.889250e+03 
2819400000 7.906600e+03 
2821550000 7.910200e+03 
2823700000 7.923850e+03 
2825850000 7.890250e+03 
2828000000 7.920500e+03 
2.830150e+09 7.901650e+03 
2832300000 7.906975e+03 
2834450000 7.879475e+03 
2836600000 7.911550e+03 
2838750000 7.900250e+03 
2840900000 7.890050e+03 
2843050000 7.900750e+03 
2845200000 7.919250e+03 
2847350000 7.906075e+03 
2849500000 7.920700e+03 
2851650000 7.887650e+03 
2853800000 7.897875e+03 
2855950000 7.904500e+03 
2858100000 7.914975e+03 
2.860250e+09 7.903850e+03 
2862400000 7.904375e+03 
2864550000 7.931575e+03 
2866700000 7.885975e+03 
2868850000 7.918400e+03 
2871000000 7.904800e+03 
2873150000 7.906100e+03 
2875300000 7.908475e+03 
2877450000 7.889025e+03 
2879600000 7.921375e+03 
2881750000 7.911500e+03 
2883900000 7.914425e+03 
2886050000 7.907375e+03 
2888200000 7.912100e+03 
2.890350e+09 7.935600e+03 
2892500000 7935 
2894650000 7.903050e+03 
2896800000 7.909400e+03 
2898950000 7.892200e+03 
2901100000 7.901550e+03 
2903250000 7.890175e+03 
2905400000 7.899725e+03 
2907550000 7.909900e+03 
2909700000 7.906075e+03 
2911850000 7.905275e+03 
2914000000 7.912125e+03 
2916150000 7.902525e+03 
2918300000 7.908200e+03 
2920450000 7900 
2922600000 7.926850e+03 
2924750000 7.929700e+03 
2926900000 7.899500e+03 
2929050000 7.905925e+03 
2931200000 7.886025e+03 
2933350000 7.927075e+03 
2935500000 7.935475e+03 
2937650000 7.931375e+03 
2939800000 7.901550e+03 
2941950000 7.907450e+03 
2.944100e+09 7.913550e+03 
2946250000 7.885600e+03 
2948400000 7.908925e+03 
2950550000 7.925625e+03 
2952700000 7.909325e+03 
2954850000 7.895850e+03 
2957000000 7.914500e+03 
2959150000 7.903125e+03 
2961300000 7.907925e+03 
2963450000 7.886675e+03 
2965600000 7.870750e+03 
2967750000 7.920750e+03 
2969900000 7.915050e+03 
2972050000 7.922600e+03 
2974200000 7.942125e+03 
2976350000 7.916650e+03 
2978500000 7.915125e+03 
2980650000 7.920375e+03 
2982800000 7.920875e+03 
2984950000 7.891450e+03 
2987100000 7.903800e+03 
2989250000 7.918200e+03 
2991400000 7.911900e+03 
2993550000 7.883875e+03 
2995700000 7.914100e+03 
2997850000 7.897225e+03 
3000000000 7.910475e+03 

END
