IGOR
WAVES/D/O sweep,sig(1) 
BEGIN
2570000000 7.861225e+03 
2.572150e+09 7.857625e+03 
2574300000 7.852100e+03 
2576450000 7.852375e+03 
2578600000 7.863250e+03 
2.580750e+09 7.869450e+03 
2582900000 7.845325e+03 
2585050000 7.846550e+03 
2.587200e+09 7.867700e+03 
2589350000 7.860950e+03 
2591500000 7.866150e+03 
2593650000 7.873600e+03 
2.595800e+09 7.868625e+03 
2597950000 7.842050e+03 
2600100000 7.860250e+03 
2.602250e+09 7.860550e+03 
2604400000 7.858675e+03 
2606550000 7.828100e+03 
2608700000 7.864250e+03 
2.610850e+09 7.847825e+03 
2613000000 7.860975e+03 
2615150000 7.845900e+03 
2.617300e+09 7.872075e+03 
2619450000 7.868250e+03 
2621600000 7.866275e+03 
2623750000 7.841525e+03 
2.625900e+09 7.866350e+03 
2628050000 7.845050e+03 
2630200000 7.871350e+03 
2.632350e+09 7.855925e+03 
2634500000 7.866200e+03 
2636650000 7.870650e+03 
2638800000 7.859625e+03 
2.640950e+09 7.869350e+03 
2643100000 7.844050e+03 
2645250000 7.866775e+03 
2.647400e+09 7.859450e+03 
2649550000 7.851150e+03 
2651700000 7.867400e+03 
2653850000 7.845975e+03 
2.656000e+09 7.833575e+03 
2658150000 7.877675e+03 
2660300000 7.863950e+03 
2.662450e+09 7.850525e+03 
2664600000 7.837675e+03 
2666750000 7.855950e+03 
2668900000 7.865450e+03 
2.671050e+09 7.876400e+03 
2673200000 7.851725e+03 
2675350000 7.830400e+03 
2677500000 7.849275e+03 
2679650000 7.840425e+03 
2681800000 7.868100e+03 
2683950000 7.833450e+03 
2.686100e+09 7.835900e+03 
2688250000 7.862025e+03 
2690400000 7851 
2692550000 7.859825e+03 
2694700000 7.844850e+03 
2696850000 7879 
2699000000 7.845575e+03 
2.701150e+09 7.829250e+03 
2703300000 7.855250e+03 
2705450000 7.848775e+03 
2707600000 7862 
2.709750e+09 7.829075e+03 
2711900000 7.872525e+03 
2714050000 7.852750e+03 
2.716200e+09 7.872575e+03 
2718350000 7.839675e+03 
2720500000 7.860150e+03 
2722650000 7.851975e+03 
2724800000 7.833350e+03 
2726950000 7.841375e+03 
2729100000 7.845275e+03 
2.731250e+09 7.846075e+03 
2733400000 7.862500e+03 
2735550000 7.829125e+03 
2737700000 7.845025e+03 
2.739850e+09 7.856400e+03 
2742000000 7.856350e+03 
2744150000 7.852450e+03 
2.746300e+09 7.856275e+03 
2748450000 7.825700e+03 
2750600000 7.843550e+03 
2752750000 7.869400e+03 
2754900000 7.849825e+03 
2757050000 7.849725e+03 
2759200000 7.850150e+03 
2.761350e+09 7.845625e+03 
2763500000 7.828875e+03 
2765650000 7.880275e+03 
2767800000 7.846300e+03 
2.769950e+09 7.865125e+03 
2772100000 7.831825e+03 
2774250000 7.872600e+03 
2.776400e+09 7.823700e+03 
2778550000 7.825100e+03 
2780700000 7.781975e+03 
2782850000 7.759600e+03 
2785000000 7.743425e+03 
2787150000 7.712150e+03 
2789300000 7690 
2791450000 7.657950e+03 
2793600000 7.670575e+03 
2795750000 7.643650e+03 
2797900000 7.657100e+03 
2.800050e+09 7.679800e+03 
2802200000 7.698675e+03 
2804350000 7.742200e+03 
2806500000 7.741750e+03 
2808650000 7.768150e+03 
2810800000 7.802675e+03 
2812950000 7.820175e+03 
2815100000 7.834650e+03 
2817250000 7.865850e+03 
2819400000 7.862575e+03 
2821550000 7.830900e+03 
2823700000 7.834300e+03 
2825850000 7.845550e+03 
2828000000 7.839975e+03 
2.830150e+09 7.848525e+03 
2832300000 7.822775e+03 
2834450000 7.835325e+03 
2836600000 7.868725e+03 
2838750000 7.832200e+03 
2840900000 7.865200e+03 
2843050000 7.826475e+03 
2845200000 7.845975e+03 
2847350000 7.837700e+03 
2849500000 7.834750e+03 
2851650000 7.833700e+03 
2853800000 7.830050e+03 
2855950000 7.840425e+03 
2858100000 7.838500e+03 
2.860250e+09 7.844650e+03 
2862400000 7.828850e+03 
2864550000 7.816050e+03 
2866700000 7849 
2868850000 7.845300e+03 
2871000000 7.853625e+03 
2873150000 7.853825e+03 
2875300000 7.848900e+03 
2877450000 7.822125e+03 
2879600000 7.838475e+03 
2881750000 7.835200e+03 
2883900000 7.825675e+03 
2886050000 7.840450e+03 
2888200000 7.842925e+03 
2.890350e+09 7.830775e+03 
2892500000 7.839225e+03 
2894650000 7.819975e+03 
2896800000 7.833450e+03 
2898950000 7.822950e+03 
2901100000 7853 
2903250000 7.807300e+03 
2905400000 7.822025e+03 
2907550000 7.839575e+03 
2909700000 7.850575e+03 
2911850000 7.823050e+03 
2914000000 7.823700e+03 
2916150000 7.819050e+03 
2918300000 7.842475e+03 
2920450000 7.816700e+03 
2922600000 7.791825e+03 
2924750000 7829 
2926900000 7.843525e+03 
2929050000 7.852850e+03 
2931200000 7.846375e+03 
2933350000 7.847025e+03 
2935500000 7.820725e+03 
2937650000 7.850250e+03 
2939800000 7.825575e+03 
2941950000 7820 
2.944100e+09 7.823475e+03 
2946250000 7.793050e+03 
2948400000 7.779750e+03 
2950550000 7.751625e+03 
2952700000 7.728350e+03 
2954850000 7.693650e+03 
2957000000 7.658025e+03 
2959150000 7.631600e+03 
2961300000 7.650875e+03 
2963450000 7.651750e+03 
2965600000 7.659675e+03 
2967750000 7.681850e+03 
2969900000 7.722375e+03 
2972050000 7.747275e+03 
2974200000 7.770575e+03 
2976350000 7.790900e+03 
2978500000 7.832975e+03 
2980650000 7.826300e+03 
2982800000 7.839475e+03 
2984950000 7.820225e+03 
2987100000 7.863800e+03 
2989250000 7.864050e+03 
2991400000 7.848475e+03 
2993550000 7.821800e+03 
2995700000 7.852775e+03 
2997850000 7.838525e+03 
3000000000 7.858175e+03 

END
