IGOR
WAVES/D/O sweep,sig(1) 
BEGIN
2570000000 8.170850e+03 
2.572150e+09 8.167650e+03 
2574300000 8149 
2576450000 8.175825e+03 
2578600000 8.163625e+03 
2.580750e+09 8.161225e+03 
2582900000 8.133325e+03 
2585050000 8.141500e+03 
2.587200e+09 8.140075e+03 
2589350000 8.131400e+03 
2591500000 8.122925e+03 
2593650000 8141 
2.595800e+09 8.180150e+03 
2597950000 8.149200e+03 
2600100000 8.146475e+03 
2.602250e+09 8.161425e+03 
2604400000 8.194775e+03 
2606550000 8.192200e+03 
2608700000 8.163875e+03 
2.610850e+09 8.153775e+03 
2613000000 8.202800e+03 
2615150000 8.131875e+03 
2.617300e+09 8.174100e+03 
2619450000 8.158925e+03 
2621600000 8.161750e+03 
2623750000 8.137325e+03 
2.625900e+09 8.145850e+03 
2628050000 8.082650e+03 
2630200000 8.116200e+03 
2.632350e+09 8.140325e+03 
2634500000 8.128525e+03 
2636650000 8.107175e+03 
2638800000 8.115100e+03 
2.640950e+09 8.092850e+03 
2643100000 8.122800e+03 
2645250000 8.115650e+03 
2.647400e+09 8.131050e+03 
2649550000 8.147200e+03 
2651700000 8.132550e+03 
2653850000 8.155425e+03 
2.656000e+09 8.188725e+03 
2658150000 8.162050e+03 
2660300000 8.128775e+03 
2.662450e+09 8124 
2664600000 8.105100e+03 
2666750000 8.090675e+03 
2668900000 8.097375e+03 
2.671050e+09 8.099675e+03 
2673200000 8.102675e+03 
2675350000 8.121150e+03 
2677500000 8.085025e+03 
2679650000 8.121550e+03 
2681800000 8.143750e+03 
2683950000 8.157175e+03 
2.686100e+09 8.148900e+03 
2688250000 8.154025e+03 
2690400000 8.153050e+03 
2692550000 8.192600e+03 
2694700000 8.153225e+03 
2696850000 8.114775e+03 
2699000000 8.152350e+03 
2.701150e+09 8.155475e+03 
2703300000 8.153350e+03 
2705450000 8.096450e+03 
2707600000 8.108775e+03 
2.709750e+09 8.101775e+03 
2711900000 8.095650e+03 
2714050000 8.135625e+03 
2.716200e+09 8.142625e+03 
2718350000 8.144650e+03 
2720500000 8.171900e+03 
2722650000 8.176600e+03 
2724800000 8.158450e+03 
2726950000 8.163925e+03 
2729100000 8.173100e+03 
2.731250e+09 8.160100e+03 
2733400000 8.124425e+03 
2735550000 8.145650e+03 
2737700000 8.155800e+03 
2.739850e+09 8.141875e+03 
2742000000 8.154900e+03 
2744150000 8.154950e+03 
2.746300e+09 8.165025e+03 
2748450000 8.145425e+03 
2750600000 8.154300e+03 
2752750000 8.158150e+03 
2754900000 8.161250e+03 
2757050000 8.143275e+03 
2759200000 8.161650e+03 
2.761350e+09 8.184425e+03 
2763500000 8.176125e+03 
2765650000 8.175575e+03 
2767800000 8.161050e+03 
2.769950e+09 8.150325e+03 
2772100000 8.183875e+03 
2774250000 8.146275e+03 
2.776400e+09 8.155575e+03 
2778550000 8.165975e+03 
2780700000 8.185650e+03 
2782850000 8.153450e+03 
2785000000 8.166875e+03 
2787150000 8.179400e+03 
2789300000 8.199825e+03 
2791450000 8.214325e+03 
2793600000 8.164750e+03 
2795750000 8.170450e+03 
2797900000 8.169725e+03 
2.800050e+09 8.184625e+03 
2802200000 8.178350e+03 
2804350000 8.162400e+03 
2806500000 8.186450e+03 
2808650000 8.160675e+03 
2810800000 8.186050e+03 
2812950000 8.194625e+03 
2815100000 8.168850e+03 
2817250000 8.169375e+03 
2819400000 8.190250e+03 
2821550000 8.166225e+03 
2823700000 8.154850e+03 
2825850000 8.200075e+03 
2828000000 8.155775e+03 
2.830150e+09 8.170375e+03 
2832300000 8.166975e+03 
2834450000 8.194275e+03 
2836600000 8.199475e+03 
2838750000 8.175775e+03 
2840900000 8.191475e+03 
2843050000 8.178050e+03 
2845200000 8.187450e+03 
2847350000 8.173425e+03 
2849500000 8.195950e+03 
2851650000 8.181675e+03 
2853800000 8.149400e+03 
2855950000 8.173625e+03 
2858100000 8.166075e+03 
2.860250e+09 8.157575e+03 
2862400000 8.154875e+03 
2864550000 8.168400e+03 
2866700000 8.156250e+03 
2868850000 8.184275e+03 
2871000000 8.154975e+03 
2873150000 8.180950e+03 
2875300000 8.166900e+03 
2877450000 8.181125e+03 
2879600000 8.162525e+03 
2881750000 8.174600e+03 
2883900000 8.181600e+03 
2886050000 8.191525e+03 
2888200000 8.172375e+03 
2.890350e+09 8.172725e+03 
2892500000 8.179400e+03 
2894650000 8.200175e+03 
2896800000 8.208300e+03 
2898950000 8.163725e+03 
2901100000 8.156350e+03 
2903250000 8.134500e+03 
2905400000 8.146250e+03 
2907550000 8.186550e+03 
2909700000 8.167300e+03 
2911850000 8.186350e+03 
2914000000 8.182425e+03 
2916150000 8.151125e+03 
2918300000 8.189050e+03 
2920450000 8.194650e+03 
2922600000 8.183775e+03 
2924750000 8.178875e+03 
2926900000 8.185575e+03 
2929050000 8.179150e+03 
2931200000 8.146375e+03 
2933350000 8.165975e+03 
2935500000 8.182175e+03 
2937650000 8.159425e+03 
2939800000 8.176625e+03 
2941950000 8.217050e+03 
2.944100e+09 8.168900e+03 
2946250000 8.181725e+03 
2948400000 8.174425e+03 
2950550000 8.144350e+03 
2952700000 8.160325e+03 
2954850000 8.144900e+03 
2957000000 8.185100e+03 
2959150000 8.159900e+03 
2961300000 8.155850e+03 
2963450000 8.195800e+03 
2965600000 8.157150e+03 
2967750000 8.170875e+03 
2969900000 8.153050e+03 
2972050000 8.125725e+03 
2974200000 8.155400e+03 
2976350000 8.174775e+03 
2978500000 8.149700e+03 
2980650000 8.156100e+03 
2982800000 8.172250e+03 
2984950000 8.175375e+03 
2987100000 8.179200e+03 
2989250000 8.174575e+03 
2991400000 8.175950e+03 
2993550000 8.166850e+03 
2995700000 8.151150e+03 
2997850000 8.159750e+03 
3000000000 8.163400e+03 

END
