IGOR
WAVES/D/O sweep,sig(1) 
BEGIN
2570000000 7.959975e+03 
2.572150e+09 7.962950e+03 
2574300000 7.960175e+03 
2576450000 7.984900e+03 
2578600000 7.968200e+03 
2.580750e+09 7.964125e+03 
2582900000 7.943600e+03 
2585050000 7.967950e+03 
2.587200e+09 7.944100e+03 
2589350000 7.973900e+03 
2591500000 7.966700e+03 
2593650000 7.936750e+03 
2.595800e+09 7.952025e+03 
2597950000 7.949600e+03 
2600100000 7.967475e+03 
2.602250e+09 7.925950e+03 
2604400000 7.951250e+03 
2606550000 7.968225e+03 
2608700000 7.971575e+03 
2.610850e+09 7.944225e+03 
2613000000 7.956600e+03 
2615150000 7.970700e+03 
2.617300e+09 7.957950e+03 
2619450000 7.970475e+03 
2621600000 7916 
2623750000 7.961250e+03 
2.625900e+09 7.960075e+03 
2628050000 7.944125e+03 
2630200000 7.935650e+03 
2.632350e+09 7.927525e+03 
2634500000 7.930750e+03 
2636650000 7.921550e+03 
2638800000 7.913675e+03 
2.640950e+09 7.911625e+03 
2643100000 7.926200e+03 
2645250000 7.941650e+03 
2.647400e+09 7.947850e+03 
2649550000 7.940125e+03 
2651700000 7.946975e+03 
2653850000 7.957275e+03 
2.656000e+09 7.949875e+03 
2658150000 7.939525e+03 
2660300000 7.935975e+03 
2.662450e+09 7.910500e+03 
2664600000 7.900900e+03 
2666750000 7.904600e+03 
2668900000 7.886325e+03 
2.671050e+09 7.864450e+03 
2673200000 7.882425e+03 
2675350000 7.894400e+03 
2677500000 7.935975e+03 
2679650000 7.945875e+03 
2681800000 7.936250e+03 
2683950000 7.933400e+03 
2.686100e+09 7.946225e+03 
2688250000 7.959925e+03 
2690400000 7.938950e+03 
2692550000 7.956325e+03 
2694700000 7.961175e+03 
2696850000 7.932375e+03 
2699000000 7.931275e+03 
2.701150e+09 7.918200e+03 
2703300000 7.904150e+03 
2705450000 7.903675e+03 
2707600000 7.892750e+03 
2.709750e+09 7.886225e+03 
2711900000 7.889475e+03 
2714050000 7.909725e+03 
2.716200e+09 7.912250e+03 
2718350000 7.914600e+03 
2720500000 7.944150e+03 
2722650000 7.940100e+03 
2724800000 7.933050e+03 
2726950000 7.925775e+03 
2729100000 7.944925e+03 
2.731250e+09 7.910825e+03 
2733400000 7.937650e+03 
2735550000 7.929025e+03 
2737700000 7.944200e+03 
2.739850e+09 7.925400e+03 
2742000000 7.930175e+03 
2744150000 7.942100e+03 
2.746300e+09 7.934225e+03 
2748450000 7.960700e+03 
2750600000 7.948125e+03 
2752750000 7.949925e+03 
2754900000 7.936950e+03 
2757050000 7.933850e+03 
2759200000 7.958825e+03 
2.761350e+09 7.953175e+03 
2763500000 7.956950e+03 
2765650000 7.957400e+03 
2767800000 7.956450e+03 
2.769950e+09 7.954475e+03 
2772100000 7.915925e+03 
2774250000 7.942400e+03 
2.776400e+09 7.958750e+03 
2778550000 7.937475e+03 
2780700000 7.937700e+03 
2782850000 7.952700e+03 
2785000000 7.943200e+03 
2787150000 7.915200e+03 
2789300000 7.898175e+03 
2791450000 7.930250e+03 
2793600000 7.939200e+03 
2795750000 7.951225e+03 
2797900000 7.924700e+03 
2.800050e+09 7.934825e+03 
2802200000 7.939075e+03 
2804350000 7.917925e+03 
2806500000 7.946750e+03 
2808650000 7.942525e+03 
2810800000 7.901550e+03 
2812950000 7.949850e+03 
2815100000 7.906600e+03 
2817250000 7.908625e+03 
2819400000 7.944550e+03 
2821550000 7.913925e+03 
2823700000 7.918975e+03 
2825850000 7.934950e+03 
2828000000 7.929375e+03 
2.830150e+09 7.927675e+03 
2832300000 7.915375e+03 
2834450000 7.910625e+03 
2836600000 7.937300e+03 
2838750000 7.940400e+03 
2840900000 7.955550e+03 
2843050000 7.914400e+03 
2845200000 7.917225e+03 
2847350000 7.938375e+03 
2849500000 7.908550e+03 
2851650000 7.940675e+03 
2853800000 7.912400e+03 
2855950000 7.933875e+03 
2858100000 7.926750e+03 
2.860250e+09 7.897675e+03 
2862400000 7.922700e+03 
2864550000 7.922175e+03 
2866700000 7.927400e+03 
2868850000 7.919725e+03 
2871000000 7.903025e+03 
2873150000 7.916050e+03 
2875300000 7.941075e+03 
2877450000 7.925600e+03 
2879600000 7.936725e+03 
2881750000 7.908825e+03 
2883900000 7.933425e+03 
2886050000 7.925400e+03 
2888200000 7.928375e+03 
2.890350e+09 7.919250e+03 
2892500000 7922 
2894650000 7.951625e+03 
2896800000 7.914700e+03 
2898950000 7.912500e+03 
2901100000 7.928125e+03 
2903250000 7.907200e+03 
2905400000 7.912925e+03 
2907550000 7.930450e+03 
2909700000 7.946500e+03 
2911850000 7.917825e+03 
2914000000 7.925300e+03 
2916150000 7.941125e+03 
2918300000 7.921900e+03 
2920450000 7.909450e+03 
2922600000 7.919775e+03 
2924750000 7.912050e+03 
2926900000 7.907900e+03 
2929050000 7893 
2931200000 7.908200e+03 
2933350000 7.895075e+03 
2935500000 7.927675e+03 
2937650000 7935 
2939800000 7.912450e+03 
2941950000 7.933700e+03 
2.944100e+09 7.910225e+03 
2946250000 7.907125e+03 
2948400000 7.896375e+03 
2950550000 7.884400e+03 
2952700000 7.925725e+03 
2954850000 7.918025e+03 
2957000000 7.884150e+03 
2959150000 7.899600e+03 
2961300000 7.933050e+03 
2963450000 7.909525e+03 
2965600000 7.920775e+03 
2967750000 7.893675e+03 
2969900000 7.910125e+03 
2972050000 7.919975e+03 
2974200000 7.875100e+03 
2976350000 7.934025e+03 
2978500000 7.904375e+03 
2980650000 7.895350e+03 
2982800000 7.907425e+03 
2984950000 7.888300e+03 
2987100000 7.907100e+03 
2989250000 7.929500e+03 
2991400000 7.928875e+03 
2993550000 7.910975e+03 
2995700000 7.894250e+03 
2997850000 7.895725e+03 
3000000000 7.897050e+03 

END
