IGOR
WAVES/D/O sweep,sig(1) 
BEGIN
2570000000 8.035500e+03 
2.572150e+09 8.034800e+03 
2574300000 8.024025e+03 
2576450000 8.027225e+03 
2578600000 8.048325e+03 
2.580750e+09 8.035075e+03 
2582900000 8.033325e+03 
2585050000 8.031375e+03 
2.587200e+09 8.013925e+03 
2589350000 8.040800e+03 
2591500000 8.031675e+03 
2593650000 8.032350e+03 
2.595800e+09 8.027525e+03 
2597950000 8.033475e+03 
2600100000 8.004325e+03 
2.602250e+09 8.028975e+03 
2604400000 8.030500e+03 
2606550000 8.037350e+03 
2608700000 8.031925e+03 
2.610850e+09 8.047100e+03 
2613000000 8.041700e+03 
2615150000 8.033500e+03 
2.617300e+09 8.025775e+03 
2619450000 8.049900e+03 
2621600000 8.035950e+03 
2623750000 8.037750e+03 
2.625900e+09 8.044125e+03 
2628050000 8.043675e+03 
2630200000 8.045950e+03 
2.632350e+09 8.002300e+03 
2634500000 7.987950e+03 
2636650000 8.011800e+03 
2638800000 8.017200e+03 
2.640950e+09 8.012300e+03 
2643100000 8.011225e+03 
2645250000 8.009275e+03 
2.647400e+09 8.013075e+03 
2649550000 8.030225e+03 
2651700000 8.044375e+03 
2653850000 8.013475e+03 
2.656000e+09 8.042750e+03 
2658150000 8.025700e+03 
2660300000 8.018350e+03 
2.662450e+09 7.999650e+03 
2664600000 7.976750e+03 
2666750000 7.972125e+03 
2668900000 7.946575e+03 
2.671050e+09 7.949050e+03 
2673200000 7.955600e+03 
2675350000 7.952200e+03 
2677500000 7.989400e+03 
2679650000 7.991225e+03 
2681800000 8.015800e+03 
2683950000 8.014325e+03 
2.686100e+09 8.020475e+03 
2688250000 8.001400e+03 
2690400000 8.027125e+03 
2692550000 8.009450e+03 
2694700000 8.024700e+03 
2696850000 7.998275e+03 
2699000000 8.023250e+03 
2.701150e+09 7.982775e+03 
2703300000 7.985775e+03 
2705450000 7.958500e+03 
2707600000 7.942550e+03 
2.709750e+09 7.935375e+03 
2711900000 7.956500e+03 
2714050000 7.975875e+03 
2.716200e+09 8.000025e+03 
2718350000 7.994575e+03 
2720500000 8.020350e+03 
2722650000 8.033175e+03 
2724800000 8.028025e+03 
2726950000 8.019450e+03 
2729100000 8.013025e+03 
2.731250e+09 8.020275e+03 
2733400000 7.990575e+03 
2735550000 8.000125e+03 
2737700000 7.982475e+03 
2.739850e+09 7.989850e+03 
2742000000 8.005900e+03 
2744150000 7.978525e+03 
2.746300e+09 8.008450e+03 
2748450000 8.014050e+03 
2750600000 8.005975e+03 
2752750000 8.020525e+03 
2754900000 8.022775e+03 
2757050000 8.030575e+03 
2759200000 8.026775e+03 
2.761350e+09 8.009500e+03 
2763500000 8.038350e+03 
2765650000 8.014550e+03 
2767800000 8.014300e+03 
2.769950e+09 8.035250e+03 
2772100000 8.014425e+03 
2774250000 8.034325e+03 
2.776400e+09 8.022125e+03 
2778550000 8.031900e+03 
2780700000 8.029150e+03 
2782850000 8.061025e+03 
2785000000 8.037975e+03 
2787150000 8.012825e+03 
2789300000 8.040425e+03 
2791450000 8.020725e+03 
2793600000 8.002625e+03 
2795750000 8.014950e+03 
2797900000 8.019750e+03 
2.800050e+09 8.033350e+03 
2802200000 8.020575e+03 
2804350000 8.024050e+03 
2806500000 7.997250e+03 
2808650000 8.033250e+03 
2810800000 7.983150e+03 
2812950000 7.991225e+03 
2815100000 8.023825e+03 
2817250000 8.008575e+03 
2819400000 8.007075e+03 
2821550000 8.016050e+03 
2823700000 8.019750e+03 
2825850000 8.005100e+03 
2828000000 8.020275e+03 
2.830150e+09 8.019900e+03 
2832300000 8.005175e+03 
2834450000 8.018575e+03 
2836600000 8.031425e+03 
2838750000 8.018250e+03 
2840900000 8.027725e+03 
2843050000 8.021525e+03 
2845200000 8.022100e+03 
2847350000 7.998350e+03 
2849500000 8.001325e+03 
2851650000 8.007450e+03 
2853800000 7.989075e+03 
2855950000 8.028175e+03 
2858100000 8.017675e+03 
2.860250e+09 8.010500e+03 
2862400000 8.016300e+03 
2864550000 8030 
2866700000 8.012475e+03 
2868850000 8.006850e+03 
2871000000 7.999050e+03 
2873150000 8.004200e+03 
2875300000 7.992425e+03 
2877450000 8.022700e+03 
2879600000 8.009675e+03 
2881750000 8.002875e+03 
2883900000 8.012900e+03 
2886050000 7.997925e+03 
2888200000 8.018950e+03 
2.890350e+09 8.004025e+03 
2892500000 8.001450e+03 
2894650000 8.013850e+03 
2896800000 7.995875e+03 
2898950000 8.001750e+03 
2901100000 8.022625e+03 
2903250000 8.001125e+03 
2905400000 8.018675e+03 
2907550000 7.980700e+03 
2909700000 7.993700e+03 
2911850000 8.023650e+03 
2914000000 7.989775e+03 
2916150000 8.008450e+03 
2918300000 7.999175e+03 
2920450000 8.010650e+03 
2922600000 8.002650e+03 
2924750000 8.008325e+03 
2926900000 8.011225e+03 
2929050000 8.011950e+03 
2931200000 8.037550e+03 
2933350000 7.990825e+03 
2935500000 7.992125e+03 
2937650000 7.999150e+03 
2939800000 8.012150e+03 
2941950000 8.026775e+03 
2.944100e+09 7.986500e+03 
2946250000 7.998475e+03 
2948400000 8.027675e+03 
2950550000 8.017425e+03 
2952700000 7.957150e+03 
2954850000 8.014550e+03 
2957000000 8.033325e+03 
2959150000 7.986050e+03 
2961300000 8.013750e+03 
2963450000 8.007900e+03 
2965600000 7.998900e+03 
2967750000 7.986075e+03 
2969900000 8.007975e+03 
2972050000 8.016100e+03 
2974200000 7.990875e+03 
2976350000 8.016400e+03 
2978500000 8.009100e+03 
2980650000 7.994725e+03 
2982800000 8.014275e+03 
2984950000 7.969375e+03 
2987100000 7.984100e+03 
2989250000 8.004850e+03 
2991400000 7.994675e+03 
2993550000 7.991275e+03 
2995700000 7.991300e+03 
2997850000 7.995950e+03 
3000000000 7.996375e+03 

END
