IGOR
WAVES/D/O sweep,sig(1) 
BEGIN
2570000000 7.901350e+03 
2.572150e+09 7.932700e+03 
2574300000 7.916700e+03 
2576450000 7.922100e+03 
2578600000 7.916150e+03 
2.580750e+09 7.896800e+03 
2582900000 7.905525e+03 
2585050000 7.898950e+03 
2.587200e+09 7.916275e+03 
2589350000 7.931700e+03 
2591500000 7.921525e+03 
2593650000 7.932800e+03 
2.595800e+09 7.926850e+03 
2597950000 7.917850e+03 
2600100000 7.902050e+03 
2.602250e+09 7.899425e+03 
2604400000 7.909700e+03 
2606550000 7.923800e+03 
2608700000 7.908600e+03 
2.610850e+09 7.925550e+03 
2613000000 7.944600e+03 
2615150000 7.914250e+03 
2.617300e+09 7.891375e+03 
2619450000 7.933025e+03 
2621600000 7.897150e+03 
2623750000 7.910825e+03 
2.625900e+09 7.876900e+03 
2628050000 7.897650e+03 
2630200000 7.910425e+03 
2.632350e+09 7.935800e+03 
2634500000 7.894575e+03 
2636650000 7.882150e+03 
2638800000 7.879625e+03 
2.640950e+09 7.871225e+03 
2643100000 7.865500e+03 
2645250000 7.899350e+03 
2.647400e+09 7.905775e+03 
2649550000 7.894500e+03 
2651700000 7.908575e+03 
2653850000 7.913250e+03 
2.656000e+09 7.905425e+03 
2658150000 7.887700e+03 
2660300000 7.899450e+03 
2.662450e+09 7.887175e+03 
2664600000 7.879775e+03 
2666750000 7.847775e+03 
2668900000 7.833675e+03 
2.671050e+09 7.846800e+03 
2673200000 7.827400e+03 
2675350000 7.864100e+03 
2677500000 7.880775e+03 
2679650000 7.896125e+03 
2681800000 7.915075e+03 
2683950000 7.914075e+03 
2.686100e+09 7.909975e+03 
2688250000 7.927025e+03 
2690400000 7.921650e+03 
2692550000 7.897150e+03 
2694700000 7.918250e+03 
2696850000 7.896650e+03 
2699000000 7.907750e+03 
2.701150e+09 7.873650e+03 
2703300000 7.859950e+03 
2705450000 7.857100e+03 
2707600000 7.844400e+03 
2.709750e+09 7.845675e+03 
2711900000 7.857650e+03 
2714050000 7.852525e+03 
2.716200e+09 7.882325e+03 
2718350000 7.900525e+03 
2720500000 7.925250e+03 
2722650000 7.893875e+03 
2724800000 7.905175e+03 
2726950000 7.917150e+03 
2729100000 7.900600e+03 
2.731250e+09 7.900675e+03 
2733400000 7.885175e+03 
2735550000 7.893625e+03 
2737700000 7.882350e+03 
2.739850e+09 7.865475e+03 
2742000000 7.885950e+03 
2744150000 7.886550e+03 
2.746300e+09 7.918125e+03 
2748450000 7.930200e+03 
2750600000 7.905125e+03 
2752750000 7.908575e+03 
2754900000 7.920450e+03 
2757050000 7.911900e+03 
2759200000 7.908025e+03 
2.761350e+09 7.936425e+03 
2763500000 7.924825e+03 
2765650000 7.930300e+03 
2767800000 7.950625e+03 
2.769950e+09 7.926150e+03 
2772100000 7.929025e+03 
2774250000 7.945475e+03 
2.776400e+09 7.899225e+03 
2778550000 7.936650e+03 
2780700000 7.916075e+03 
2782850000 7.929600e+03 
2785000000 7.927875e+03 
2787150000 7.930175e+03 
2789300000 7902 
2791450000 7.942525e+03 
2793600000 7.918975e+03 
2795750000 7.927925e+03 
2797900000 7.918400e+03 
2.800050e+09 7.915425e+03 
2802200000 7.949950e+03 
2804350000 7.942475e+03 
2806500000 7.942375e+03 
2808650000 7.949050e+03 
2810800000 7.928125e+03 
2812950000 7.928225e+03 
2815100000 7.955150e+03 
2817250000 7.931800e+03 
2819400000 7.973900e+03 
2821550000 7.940450e+03 
2823700000 7.947725e+03 
2825850000 7.951650e+03 
2828000000 7.943050e+03 
2.830150e+09 7.946500e+03 
2832300000 7.943150e+03 
2834450000 7.953125e+03 
2836600000 7.968075e+03 
2838750000 7.935775e+03 
2840900000 7.930125e+03 
2843050000 7.918350e+03 
2845200000 7.932100e+03 
2847350000 7.945275e+03 
2849500000 7.978950e+03 
2851650000 7.945750e+03 
2853800000 7.947175e+03 
2855950000 7.949975e+03 
2858100000 7.953500e+03 
2.860250e+09 7.923275e+03 
2862400000 7.956350e+03 
2864550000 7.922250e+03 
2866700000 7.938425e+03 
2868850000 7.933250e+03 
2871000000 7.944275e+03 
2873150000 7.945025e+03 
2875300000 7.945525e+03 
2877450000 7.923925e+03 
2879600000 7.945775e+03 
2881750000 7.956525e+03 
2883900000 7.965725e+03 
2886050000 7.936150e+03 
2888200000 7.936625e+03 
2.890350e+09 7.962775e+03 
2892500000 7.922975e+03 
2894650000 7.938100e+03 
2896800000 7.946575e+03 
2898950000 7.940550e+03 
2901100000 7.942850e+03 
2903250000 7.921650e+03 
2905400000 7.935650e+03 
2907550000 7.935675e+03 
2909700000 7.933325e+03 
2911850000 7.950250e+03 
2914000000 7.921125e+03 
2916150000 7.922550e+03 
2918300000 7.959300e+03 
2920450000 7.942525e+03 
2922600000 7.945600e+03 
2924750000 7.948900e+03 
2926900000 7.942975e+03 
2929050000 7.937300e+03 
2931200000 7.949150e+03 
2933350000 7.961525e+03 
2935500000 7.929250e+03 
2937650000 7.945975e+03 
2939800000 7.962025e+03 
2941950000 7.948300e+03 
2.944100e+09 7.967275e+03 
2946250000 7.944150e+03 
2948400000 7.951375e+03 
2950550000 7.949450e+03 
2952700000 7.962875e+03 
2954850000 7.937175e+03 
2957000000 7.922050e+03 
2959150000 7.925750e+03 
2961300000 7.949125e+03 
2963450000 7.953200e+03 
2965600000 7.943025e+03 
2967750000 7.954375e+03 
2969900000 7.920800e+03 
2972050000 7.953475e+03 
2974200000 7.909550e+03 
2976350000 7.922100e+03 
2978500000 7.934825e+03 
2980650000 7.949650e+03 
2982800000 7.935850e+03 
2984950000 7.938625e+03 
2987100000 7.934275e+03 
2989250000 7.942050e+03 
2991400000 7.929975e+03 
2993550000 7.933200e+03 
2995700000 7.932375e+03 
2997850000 7.945075e+03 
3000000000 7.923950e+03 

END
