IGOR
WAVES/D/O sweep,sig(1) 
BEGIN
2570000000 7.969400e+03 
2.572150e+09 7.982175e+03 
2574300000 7.968800e+03 
2576450000 7.971825e+03 
2578600000 7.958700e+03 
2.580750e+09 7.970500e+03 
2582900000 7.984575e+03 
2585050000 7.957175e+03 
2.587200e+09 7.952300e+03 
2589350000 7.964100e+03 
2591500000 7.966250e+03 
2593650000 7969 
2.595800e+09 7.976375e+03 
2597950000 7.950700e+03 
2600100000 7.980250e+03 
2.602250e+09 7.974025e+03 
2604400000 7.956750e+03 
2606550000 7.985450e+03 
2608700000 7.974750e+03 
2.610850e+09 7.954950e+03 
2613000000 7.965650e+03 
2615150000 7.980800e+03 
2.617300e+09 7.987750e+03 
2619450000 7.972675e+03 
2621600000 7.947375e+03 
2623750000 7.963925e+03 
2.625900e+09 7.969600e+03 
2628050000 7.951875e+03 
2630200000 7.950750e+03 
2.632350e+09 7.964750e+03 
2634500000 7.952700e+03 
2636650000 7.968750e+03 
2638800000 7.954800e+03 
2.640950e+09 7.947800e+03 
2643100000 7.980550e+03 
2645250000 7.945650e+03 
2.647400e+09 7.949250e+03 
2649550000 7.955400e+03 
2651700000 7.958275e+03 
2653850000 7.945125e+03 
2.656000e+09 7.946275e+03 
2658150000 7.972675e+03 
2660300000 7.952950e+03 
2.662450e+09 7969 
2664600000 7.953475e+03 
2666750000 7.950425e+03 
2668900000 7.985975e+03 
2.671050e+09 7.952725e+03 
2673200000 7.970975e+03 
2675350000 7.962075e+03 
2677500000 7.963675e+03 
2679650000 7.976550e+03 
2681800000 7.952150e+03 
2683950000 7.980125e+03 
2.686100e+09 7.975500e+03 
2688250000 8.000800e+03 
2690400000 7.970275e+03 
2692550000 8.004975e+03 
2694700000 7.975300e+03 
2696850000 7.976050e+03 
2699000000 7.964075e+03 
2.701150e+09 7.954200e+03 
2703300000 7.979350e+03 
2705450000 7.973225e+03 
2707600000 7.977100e+03 
2.709750e+09 7.982475e+03 
2711900000 7.970800e+03 
2714050000 7.970725e+03 
2.716200e+09 7.974850e+03 
2718350000 7.953775e+03 
2720500000 7.964350e+03 
2722650000 7.973950e+03 
2724800000 7.947425e+03 
2726950000 7.962300e+03 
2729100000 7.966875e+03 
2.731250e+09 7.973600e+03 
2733400000 7.943350e+03 
2735550000 7.961975e+03 
2737700000 7.960675e+03 
2.739850e+09 7.954375e+03 
2742000000 7.945375e+03 
2744150000 7.978825e+03 
2.746300e+09 7.955575e+03 
2748450000 7.974600e+03 
2750600000 7.957525e+03 
2752750000 7.936750e+03 
2754900000 7.978050e+03 
2757050000 7.948850e+03 
2759200000 7.944475e+03 
2.761350e+09 7.934050e+03 
2763500000 7.947125e+03 
2765650000 7.961700e+03 
2767800000 7.972775e+03 
2.769950e+09 7.943550e+03 
2772100000 7.956150e+03 
2774250000 7.962875e+03 
2.776400e+09 7.941500e+03 
2778550000 7.904650e+03 
2780700000 7.887325e+03 
2782850000 7.874400e+03 
2785000000 7.859200e+03 
2787150000 7.847450e+03 
2789300000 7.817275e+03 
2791450000 7.780925e+03 
2793600000 7784 
2795750000 7.791775e+03 
2797900000 7.788900e+03 
2.800050e+09 7.773250e+03 
2802200000 7.825075e+03 
2804350000 7.834025e+03 
2806500000 7.885275e+03 
2808650000 7.898025e+03 
2810800000 7921 
2812950000 7.936750e+03 
2815100000 7.952825e+03 
2817250000 7.992450e+03 
2819400000 7.983375e+03 
2821550000 7.958625e+03 
2823700000 7.975400e+03 
2825850000 7.972475e+03 
2828000000 7.975700e+03 
2.830150e+09 7.942975e+03 
2832300000 7.968825e+03 
2834450000 7.943225e+03 
2836600000 7.976350e+03 
2838750000 7.970050e+03 
2840900000 7.977275e+03 
2843050000 7.934775e+03 
2845200000 7.964425e+03 
2847350000 7.973025e+03 
2849500000 7.951150e+03 
2851650000 7.926875e+03 
2853800000 7.932550e+03 
2855950000 7.945825e+03 
2858100000 7.946300e+03 
2.860250e+09 7.973225e+03 
2862400000 7.928775e+03 
2864550000 7.955975e+03 
2866700000 7.965525e+03 
2868850000 7.928300e+03 
2871000000 7.974800e+03 
2873150000 7.951625e+03 
2875300000 7.954275e+03 
2877450000 7.937125e+03 
2879600000 7.941825e+03 
2881750000 7.968100e+03 
2883900000 7.957950e+03 
2886050000 7.969375e+03 
2888200000 7.946825e+03 
2.890350e+09 7.981125e+03 
2892500000 7.983625e+03 
2894650000 7.940475e+03 
2896800000 7.970600e+03 
2898950000 7.957025e+03 
2901100000 7.972750e+03 
2903250000 7.941300e+03 
2905400000 7.944875e+03 
2907550000 7.986750e+03 
2909700000 7.964225e+03 
2911850000 7.939350e+03 
2914000000 7.932550e+03 
2916150000 7.939225e+03 
2918300000 7.971250e+03 
2920450000 7.954950e+03 
2922600000 7.972825e+03 
2924750000 7.968325e+03 
2926900000 7.936925e+03 
2929050000 7.947975e+03 
2931200000 7.935350e+03 
2933350000 7.965400e+03 
2935500000 7.959450e+03 
2937650000 7.954075e+03 
2939800000 7.958600e+03 
2941950000 7.966450e+03 
2.944100e+09 7.941875e+03 
2946250000 7.933700e+03 
2948400000 7903 
2950550000 7.899975e+03 
2952700000 7.854300e+03 
2954850000 7.795725e+03 
2957000000 7.767625e+03 
2959150000 7.776025e+03 
2961300000 7.779175e+03 
2963450000 7.769400e+03 
2965600000 7.777425e+03 
2967750000 7.813325e+03 
2969900000 7.832250e+03 
2972050000 7.853025e+03 
2974200000 7.908200e+03 
2976350000 7.929775e+03 
2978500000 7.936475e+03 
2980650000 7.939975e+03 
2982800000 7.955725e+03 
2984950000 7.949700e+03 
2987100000 7.949125e+03 
2989250000 7.964525e+03 
2991400000 7.948100e+03 
2993550000 7.964450e+03 
2995700000 7.966750e+03 
2997850000 7.955625e+03 
3000000000 7.936125e+03 

END
