IGOR
WAVES/D/O sweep,sig(1) 
BEGIN
2570000000 8.106125e+03 
2.572150e+09 8.102850e+03 
2574300000 8.106650e+03 
2576450000 8.108850e+03 
2578600000 8.110800e+03 
2.580750e+09 8.104075e+03 
2582900000 8.103875e+03 
2585050000 8.076225e+03 
2.587200e+09 8.094250e+03 
2589350000 8.098925e+03 
2591500000 8.086475e+03 
2593650000 8.117300e+03 
2.595800e+09 8.130725e+03 
2597950000 8.112450e+03 
2600100000 8.103425e+03 
2.602250e+09 8.094400e+03 
2604400000 8.091400e+03 
2606550000 8.088175e+03 
2608700000 8.122150e+03 
2.610850e+09 8.095875e+03 
2613000000 8.114850e+03 
2615150000 8.102650e+03 
2.617300e+09 8.087050e+03 
2619450000 8.085525e+03 
2621600000 8.093150e+03 
2623750000 8.076150e+03 
2.625900e+09 8.091800e+03 
2628050000 8.094475e+03 
2630200000 8.070800e+03 
2.632350e+09 8.055325e+03 
2634500000 8.061250e+03 
2636650000 8.048500e+03 
2638800000 8.080325e+03 
2.640950e+09 8.066025e+03 
2643100000 8.072700e+03 
2645250000 8.054850e+03 
2.647400e+09 8.101325e+03 
2649550000 8.098750e+03 
2651700000 8.081850e+03 
2653850000 8078 
2.656000e+09 8.087500e+03 
2658150000 8.046050e+03 
2660300000 8.055875e+03 
2.662450e+09 8.046200e+03 
2664600000 8.056550e+03 
2666750000 8.043925e+03 
2668900000 8.020725e+03 
2.671050e+09 8.021900e+03 
2673200000 8.050600e+03 
2675350000 8.041300e+03 
2677500000 8.041875e+03 
2679650000 8.075625e+03 
2681800000 8.106150e+03 
2683950000 8.128950e+03 
2.686100e+09 8.097775e+03 
2688250000 8.100400e+03 
2690400000 8.110250e+03 
2692550000 8.078325e+03 
2694700000 8.077700e+03 
2696850000 8.093625e+03 
2699000000 8.067825e+03 
2.701150e+09 8.037775e+03 
2703300000 8.032025e+03 
2705450000 8.018650e+03 
2707600000 8.012525e+03 
2.709750e+09 8.019900e+03 
2711900000 8.029900e+03 
2714050000 8.052200e+03 
2.716200e+09 8.053750e+03 
2718350000 8.061100e+03 
2720500000 8.098850e+03 
2722650000 8.075325e+03 
2724800000 8.070225e+03 
2726950000 8.062625e+03 
2729100000 8.082475e+03 
2.731250e+09 8.046975e+03 
2733400000 8.063350e+03 
2735550000 8.079775e+03 
2737700000 8.047925e+03 
2.739850e+09 8.073100e+03 
2742000000 8.084225e+03 
2744150000 8.080600e+03 
2.746300e+09 8.085150e+03 
2748450000 8.063825e+03 
2750600000 8.101650e+03 
2752750000 8.104375e+03 
2754900000 8.112475e+03 
2757050000 8.087775e+03 
2759200000 8.139325e+03 
2.761350e+09 8.136350e+03 
2763500000 8.102600e+03 
2765650000 8.139675e+03 
2767800000 8.136575e+03 
2.769950e+09 8.110925e+03 
2772100000 8.107250e+03 
2774250000 8.112800e+03 
2.776400e+09 8.127075e+03 
2778550000 8.124275e+03 
2780700000 8102 
2782850000 8.123350e+03 
2785000000 8.138650e+03 
2787150000 8.108900e+03 
2789300000 8.121525e+03 
2791450000 8.109175e+03 
2793600000 8.105175e+03 
2795750000 8.105550e+03 
2797900000 8.092875e+03 
2.800050e+09 8.114500e+03 
2802200000 8.107275e+03 
2804350000 8.091425e+03 
2806500000 8.122400e+03 
2808650000 8113 
2810800000 8.114225e+03 
2812950000 8.108675e+03 
2815100000 8.118375e+03 
2817250000 8.115300e+03 
2819400000 8.103850e+03 
2821550000 8.120325e+03 
2823700000 8103 
2825850000 8.135025e+03 
2828000000 8.105950e+03 
2.830150e+09 8.107525e+03 
2832300000 8.102875e+03 
2834450000 8.118675e+03 
2836600000 8.131550e+03 
2838750000 8.114450e+03 
2840900000 8.105850e+03 
2843050000 8.115775e+03 
2845200000 8.123650e+03 
2847350000 8.141050e+03 
2849500000 8.120100e+03 
2851650000 8.121350e+03 
2853800000 8.104800e+03 
2855950000 8.120475e+03 
2858100000 8.112125e+03 
2.860250e+09 8.116375e+03 
2862400000 8.133775e+03 
2864550000 8.119750e+03 
2866700000 8.122350e+03 
2868850000 8.139200e+03 
2871000000 8.140125e+03 
2873150000 8.135800e+03 
2875300000 8.090475e+03 
2877450000 8.115050e+03 
2879600000 8.116625e+03 
2881750000 8.082950e+03 
2883900000 8.070775e+03 
2886050000 8.092275e+03 
2888200000 8.112075e+03 
2.890350e+09 8.104350e+03 
2892500000 8.107950e+03 
2894650000 8.101475e+03 
2896800000 8.104675e+03 
2898950000 8.113025e+03 
2901100000 8.121300e+03 
2903250000 8.115875e+03 
2905400000 8.112250e+03 
2907550000 8.087025e+03 
2909700000 8.136425e+03 
2911850000 8.103950e+03 
2914000000 8.115050e+03 
2916150000 8.123150e+03 
2918300000 8.098675e+03 
2920450000 8.106100e+03 
2922600000 8.102875e+03 
2924750000 8.080325e+03 
2926900000 8.093175e+03 
2929050000 8.104100e+03 
2931200000 8.119350e+03 
2933350000 8.069275e+03 
2935500000 8.077375e+03 
2937650000 8.142175e+03 
2939800000 8.125700e+03 
2941950000 8.123700e+03 
2.944100e+09 8.096850e+03 
2946250000 8.109500e+03 
2948400000 8.131350e+03 
2950550000 8.110425e+03 
2952700000 8.101800e+03 
2954850000 8.119025e+03 
2957000000 8.116500e+03 
2959150000 8.120900e+03 
2961300000 8.127875e+03 
2963450000 8.112050e+03 
2965600000 8.125975e+03 
2967750000 8.133550e+03 
2969900000 8150 
2972050000 8.112450e+03 
2974200000 8.127875e+03 
2976350000 8.080200e+03 
2978500000 8.142575e+03 
2980650000 8105 
2982800000 8.113825e+03 
2984950000 8.126550e+03 
2987100000 8127 
2989250000 8.122500e+03 
2991400000 8.142575e+03 
2993550000 8.130750e+03 
2995700000 8.120450e+03 
2997850000 8.116325e+03 
3000000000 8.112125e+03 

END
