IGOR
WAVES/D/O sweep,sig(1) 
BEGIN
2570000000 7.907050e+03 
2.572150e+09 7.915400e+03 
2574300000 7.935875e+03 
2576450000 7.945150e+03 
2578600000 7.946575e+03 
2.580750e+09 7.939850e+03 
2582900000 7.914700e+03 
2585050000 7.923025e+03 
2.587200e+09 7.953775e+03 
2589350000 7.944650e+03 
2591500000 7.960750e+03 
2593650000 7.944300e+03 
2.595800e+09 7.937275e+03 
2597950000 7.927825e+03 
2600100000 7.963350e+03 
2.602250e+09 7.911425e+03 
2604400000 7.957450e+03 
2606550000 7.932875e+03 
2608700000 7.940475e+03 
2.610850e+09 7.933150e+03 
2613000000 7.936975e+03 
2615150000 7904 
2.617300e+09 7.949025e+03 
2619450000 7.938800e+03 
2621600000 7.918175e+03 
2623750000 7.924400e+03 
2.625900e+09 7.951675e+03 
2628050000 7.891450e+03 
2630200000 7.904675e+03 
2.632350e+09 7.919550e+03 
2634500000 7.920025e+03 
2636650000 7.898400e+03 
2638800000 7.876075e+03 
2.640950e+09 7875 
2643100000 7.899525e+03 
2645250000 7.903025e+03 
2.647400e+09 7.925250e+03 
2649550000 7.918200e+03 
2651700000 7.935800e+03 
2653850000 7.907600e+03 
2.656000e+09 7.930250e+03 
2658150000 7.904750e+03 
2660300000 7.897050e+03 
2.662450e+09 7.899550e+03 
2664600000 7.893475e+03 
2666750000 7.909925e+03 
2668900000 7.879750e+03 
2.671050e+09 7.864025e+03 
2673200000 7.874600e+03 
2675350000 7.869025e+03 
2677500000 7.920575e+03 
2679650000 7.908875e+03 
2681800000 7.906325e+03 
2683950000 7.909075e+03 
2.686100e+09 7.929850e+03 
2688250000 7.939850e+03 
2690400000 7.928925e+03 
2692550000 7.897150e+03 
2694700000 7.923150e+03 
2696850000 7.945625e+03 
2699000000 7.913650e+03 
2.701150e+09 7.850500e+03 
2703300000 7.859225e+03 
2705450000 7.892050e+03 
2707600000 7.846200e+03 
2.709750e+09 7.868050e+03 
2711900000 7885 
2714050000 7.906725e+03 
2.716200e+09 7.901475e+03 
2718350000 7.900775e+03 
2720500000 7.950450e+03 
2722650000 7.942750e+03 
2724800000 7.918575e+03 
2726950000 7.905500e+03 
2729100000 7.893250e+03 
2.731250e+09 7.917675e+03 
2733400000 7.894175e+03 
2735550000 7.901650e+03 
2737700000 7.859700e+03 
2.739850e+09 7.891400e+03 
2742000000 7.885975e+03 
2744150000 7.901800e+03 
2.746300e+09 7.897100e+03 
2748450000 7.898425e+03 
2750600000 7.920275e+03 
2752750000 7.928100e+03 
2754900000 7.907175e+03 
2757050000 7.915750e+03 
2759200000 7.941250e+03 
2.761350e+09 7.905875e+03 
2763500000 7.933150e+03 
2765650000 7.960875e+03 
2767800000 7.943550e+03 
2.769950e+09 7.900450e+03 
2772100000 7.934600e+03 
2774250000 7.924675e+03 
2.776400e+09 7.919225e+03 
2778550000 7.918700e+03 
2780700000 7.936500e+03 
2782850000 7.953175e+03 
2785000000 7.937550e+03 
2787150000 7.929850e+03 
2789300000 7.951375e+03 
2791450000 7.919575e+03 
2793600000 7.911475e+03 
2795750000 7.952375e+03 
2797900000 7.919925e+03 
2.800050e+09 7.922200e+03 
2802200000 7.912850e+03 
2804350000 7.933450e+03 
2806500000 7.943650e+03 
2808650000 7.946275e+03 
2810800000 7.938225e+03 
2812950000 7.958700e+03 
2815100000 7.942825e+03 
2817250000 7.942575e+03 
2819400000 7.926650e+03 
2821550000 7.946925e+03 
2823700000 7.935700e+03 
2825850000 7.930500e+03 
2828000000 7.942600e+03 
2.830150e+09 7.912650e+03 
2832300000 7.943425e+03 
2834450000 7.928375e+03 
2836600000 7.956150e+03 
2838750000 7.930450e+03 
2840900000 7.939600e+03 
2843050000 7.935525e+03 
2845200000 7.906275e+03 
2847350000 7.932975e+03 
2849500000 7.931050e+03 
2851650000 7.943100e+03 
2853800000 7.921050e+03 
2855950000 7.952750e+03 
2858100000 7.933700e+03 
2.860250e+09 7.962550e+03 
2862400000 7.964475e+03 
2864550000 7.966900e+03 
2866700000 7.938500e+03 
2868850000 7.944125e+03 
2871000000 7.941375e+03 
2873150000 7.930550e+03 
2875300000 7.944300e+03 
2877450000 7.939825e+03 
2879600000 7.961275e+03 
2881750000 7.914525e+03 
2883900000 7.943325e+03 
2886050000 7.942225e+03 
2888200000 7.942525e+03 
2.890350e+09 7.929500e+03 
2892500000 7.934325e+03 
2894650000 7.946550e+03 
2896800000 7.917525e+03 
2898950000 7.941900e+03 
2901100000 7.939175e+03 
2903250000 7.954600e+03 
2905400000 7.944475e+03 
2907550000 7.924500e+03 
2909700000 7.927700e+03 
2911850000 7.924725e+03 
2914000000 7.945475e+03 
2916150000 7.942075e+03 
2918300000 7.957850e+03 
2920450000 7.937175e+03 
2922600000 7.947400e+03 
2924750000 7.923075e+03 
2926900000 7.934675e+03 
2929050000 7.926775e+03 
2931200000 7.917925e+03 
2933350000 7.916225e+03 
2935500000 7.923100e+03 
2937650000 7.913350e+03 
2939800000 7.940425e+03 
2941950000 7.908925e+03 
2.944100e+09 7.936025e+03 
2946250000 7.926600e+03 
2948400000 7.931150e+03 
2950550000 7.924175e+03 
2952700000 7.935800e+03 
2954850000 7.922600e+03 
2957000000 7.920850e+03 
2959150000 7.948200e+03 
2961300000 7.941600e+03 
2963450000 7.922475e+03 
2965600000 7.927550e+03 
2967750000 7.966025e+03 
2969900000 7.948675e+03 
2972050000 7.977200e+03 
2974200000 7.946550e+03 
2976350000 7.962250e+03 
2978500000 7.935475e+03 
2980650000 7.919100e+03 
2982800000 7.916900e+03 
2984950000 7.914025e+03 
2987100000 7.926975e+03 
2989250000 7933 
2991400000 7.975725e+03 
2993550000 7.934625e+03 
2995700000 7.943375e+03 
2997850000 7.938625e+03 
3000000000 7.915825e+03 

END
