IGOR
WAVES/D/O sweep,sig(1) 
BEGIN
2570000000 8.104750e+03 
2.572150e+09 8.078425e+03 
2574300000 8.073100e+03 
2576450000 8.071725e+03 
2578600000 8.066175e+03 
2.580750e+09 8.073950e+03 
2582900000 8.066675e+03 
2585050000 8.096525e+03 
2.587200e+09 8.079300e+03 
2589350000 8.064775e+03 
2591500000 8.068775e+03 
2593650000 8067 
2.595800e+09 8.097975e+03 
2597950000 8.056500e+03 
2600100000 8.079550e+03 
2.602250e+09 8.071900e+03 
2604400000 8.067800e+03 
2606550000 8.056575e+03 
2608700000 8.098025e+03 
2.610850e+09 8.080775e+03 
2613000000 8.083400e+03 
2615150000 8.069725e+03 
2.617300e+09 8.079050e+03 
2619450000 8.101800e+03 
2621600000 8.079975e+03 
2623750000 8.068425e+03 
2.625900e+09 8.050325e+03 
2628050000 8.061275e+03 
2630200000 8.079475e+03 
2.632350e+09 8.034075e+03 
2634500000 8.026225e+03 
2636650000 8.036700e+03 
2638800000 8.035025e+03 
2.640950e+09 8.050850e+03 
2643100000 8.026150e+03 
2645250000 8.059750e+03 
2.647400e+09 8.029875e+03 
2649550000 8.065075e+03 
2651700000 8.050775e+03 
2653850000 8.075175e+03 
2.656000e+09 8.074400e+03 
2658150000 8.068625e+03 
2660300000 8.058400e+03 
2.662450e+09 8.057200e+03 
2664600000 8.032900e+03 
2666750000 8.016075e+03 
2668900000 8.011900e+03 
2.671050e+09 8.005350e+03 
2673200000 8.035600e+03 
2675350000 8.011900e+03 
2677500000 8.044675e+03 
2679650000 8.054600e+03 
2681800000 8.048900e+03 
2683950000 8.082275e+03 
2.686100e+09 8.071675e+03 
2688250000 8.093750e+03 
2690400000 8.085775e+03 
2692550000 8.092100e+03 
2694700000 8.069900e+03 
2696850000 8.057125e+03 
2699000000 8.052375e+03 
2.701150e+09 8.039250e+03 
2703300000 7.998700e+03 
2705450000 8.024825e+03 
2707600000 8.049850e+03 
2.709750e+09 8.009850e+03 
2711900000 8.027550e+03 
2714050000 8.034225e+03 
2.716200e+09 8.066475e+03 
2718350000 8.060875e+03 
2720500000 8.088075e+03 
2722650000 8.046375e+03 
2724800000 8.096725e+03 
2726950000 8.063875e+03 
2729100000 8.058850e+03 
2.731250e+09 8.069850e+03 
2733400000 8.081225e+03 
2735550000 8.050025e+03 
2737700000 8.061425e+03 
2.739850e+09 8.057075e+03 
2742000000 8.073675e+03 
2744150000 8.087800e+03 
2.746300e+09 8.109850e+03 
2748450000 8.086650e+03 
2750600000 8.092175e+03 
2752750000 8.081550e+03 
2754900000 8.086600e+03 
2757050000 8.083750e+03 
2759200000 8.089575e+03 
2.761350e+09 8.079225e+03 
2763500000 8.078425e+03 
2765650000 8.080725e+03 
2767800000 8.092900e+03 
2.769950e+09 8.096975e+03 
2772100000 8.081375e+03 
2774250000 8.088375e+03 
2.776400e+09 8.082350e+03 
2778550000 8.085350e+03 
2780700000 8.104825e+03 
2782850000 8.082925e+03 
2785000000 8.075750e+03 
2787150000 8089 
2789300000 8.084850e+03 
2791450000 8.084975e+03 
2793600000 8.087450e+03 
2795750000 8.054800e+03 
2797900000 8.090400e+03 
2.800050e+09 8.054775e+03 
2802200000 8.070350e+03 
2804350000 8.098225e+03 
2806500000 8.099700e+03 
2808650000 8.090600e+03 
2810800000 8.074275e+03 
2812950000 8.073125e+03 
2815100000 8.079650e+03 
2817250000 8.110100e+03 
2819400000 8.077175e+03 
2821550000 8.081475e+03 
2823700000 8.063350e+03 
2825850000 8.081975e+03 
2828000000 8.079250e+03 
2.830150e+09 8.102450e+03 
2832300000 8.099300e+03 
2834450000 8.082250e+03 
2836600000 8.095450e+03 
2838750000 8.083525e+03 
2840900000 8.087725e+03 
2843050000 8.095300e+03 
2845200000 8.087800e+03 
2847350000 8.059650e+03 
2849500000 8.065975e+03 
2851650000 8.101050e+03 
2853800000 8.080275e+03 
2855950000 8.068250e+03 
2858100000 8.082125e+03 
2.860250e+09 8.096675e+03 
2862400000 8.091825e+03 
2864550000 8.085625e+03 
2866700000 8.077925e+03 
2868850000 8.084050e+03 
2871000000 8.090200e+03 
2873150000 8.091975e+03 
2875300000 8.112500e+03 
2877450000 8.107275e+03 
2879600000 8.093050e+03 
2881750000 8.078975e+03 
2883900000 8.098925e+03 
2886050000 8.099100e+03 
2888200000 8.069975e+03 
2.890350e+09 8.098575e+03 
2892500000 8.077350e+03 
2894650000 8.090500e+03 
2896800000 8115 
2898950000 8.067500e+03 
2901100000 8.095850e+03 
2903250000 8.106725e+03 
2905400000 8.112125e+03 
2907550000 8.098150e+03 
2909700000 8.076250e+03 
2911850000 8.106300e+03 
2914000000 8.098825e+03 
2916150000 8.088050e+03 
2918300000 8.097500e+03 
2920450000 8.079400e+03 
2922600000 8.112050e+03 
2924750000 8.098850e+03 
2926900000 8.103400e+03 
2929050000 8.079400e+03 
2931200000 8.096550e+03 
2933350000 8.106250e+03 
2935500000 8.071075e+03 
2937650000 8.087350e+03 
2939800000 8.091100e+03 
2941950000 8.092300e+03 
2.944100e+09 8.080250e+03 
2946250000 8.096075e+03 
2948400000 8.082925e+03 
2950550000 8.092725e+03 
2952700000 8.105775e+03 
2954850000 8.099450e+03 
2957000000 8.089475e+03 
2959150000 8.106950e+03 
2961300000 8.094400e+03 
2963450000 8.087275e+03 
2965600000 8.090850e+03 
2967750000 8.106250e+03 
2969900000 8.095825e+03 
2972050000 8.084625e+03 
2974200000 8.087125e+03 
2976350000 8.121650e+03 
2978500000 8.101150e+03 
2980650000 8.075550e+03 
2982800000 8.091450e+03 
2984950000 8.093325e+03 
2987100000 8.079175e+03 
2989250000 8.089725e+03 
2991400000 8.089300e+03 
2993550000 8.093550e+03 
2995700000 8.084350e+03 
2997850000 8.084675e+03 
3000000000 8.088875e+03 

END
