IGOR
WAVES/D/O sweep,sig(1) 
BEGIN
2570000000 8.039950e+03 
2.572150e+09 8.027375e+03 
2574300000 8.051050e+03 
2576450000 8.046450e+03 
2578600000 8.044750e+03 
2.580750e+09 8.077375e+03 
2582900000 8.051275e+03 
2585050000 8.064800e+03 
2.587200e+09 8.056300e+03 
2589350000 8.067100e+03 
2591500000 8.071875e+03 
2593650000 8.077100e+03 
2.595800e+09 8.038850e+03 
2597950000 8.070250e+03 
2600100000 8.059900e+03 
2.602250e+09 8.054600e+03 
2604400000 8.067300e+03 
2606550000 8.052525e+03 
2608700000 8.052050e+03 
2.610850e+09 8.037750e+03 
2613000000 8.055125e+03 
2615150000 8.054800e+03 
2.617300e+09 8.057775e+03 
2619450000 8054 
2621600000 8055 
2623750000 8.055450e+03 
2.625900e+09 8.049725e+03 
2628050000 8.040075e+03 
2630200000 8.020900e+03 
2.632350e+09 8.051750e+03 
2634500000 8.024275e+03 
2636650000 8.012025e+03 
2638800000 7.984925e+03 
2.640950e+09 7.991925e+03 
2643100000 8.016425e+03 
2645250000 8.031275e+03 
2.647400e+09 8.018425e+03 
2649550000 8.061225e+03 
2651700000 8.061100e+03 
2653850000 8.076725e+03 
2.656000e+09 8.052875e+03 
2658150000 8.037100e+03 
2660300000 8.027750e+03 
2.662450e+09 8.031850e+03 
2664600000 8.007800e+03 
2666750000 8.014325e+03 
2668900000 7.987650e+03 
2.671050e+09 7.987800e+03 
2673200000 8.006075e+03 
2675350000 8.004625e+03 
2677500000 8.041325e+03 
2679650000 8.046100e+03 
2681800000 8.077900e+03 
2683950000 8.050500e+03 
2.686100e+09 8.100325e+03 
2688250000 8.082025e+03 
2690400000 8.062150e+03 
2692550000 8.062850e+03 
2694700000 8.047975e+03 
2696850000 8.064250e+03 
2699000000 8.025950e+03 
2.701150e+09 8.015725e+03 
2703300000 8.007425e+03 
2705450000 8.006825e+03 
2707600000 7.979175e+03 
2.709750e+09 8.003675e+03 
2711900000 8.023575e+03 
2714050000 8.035300e+03 
2.716200e+09 8.041350e+03 
2718350000 8.042300e+03 
2720500000 8.070875e+03 
2722650000 8.057325e+03 
2724800000 8.076925e+03 
2726950000 8.066200e+03 
2729100000 8.067975e+03 
2.731250e+09 8070 
2733400000 8.037025e+03 
2735550000 8.047950e+03 
2737700000 8.038150e+03 
2.739850e+09 8.059225e+03 
2742000000 8.037500e+03 
2744150000 8.050500e+03 
2.746300e+09 8.052375e+03 
2748450000 8.067575e+03 
2750600000 8.081425e+03 
2752750000 8.075350e+03 
2754900000 8.067850e+03 
2757050000 8.087300e+03 
2759200000 8.078475e+03 
2.761350e+09 8.059475e+03 
2763500000 8.026225e+03 
2765650000 8.054950e+03 
2767800000 8.086350e+03 
2.769950e+09 8.068800e+03 
2772100000 8.059950e+03 
2774250000 8.069600e+03 
2.776400e+09 8050 
2778550000 8.043625e+03 
2780700000 8.044750e+03 
2782850000 8.031175e+03 
2785000000 8.039325e+03 
2787150000 8.052225e+03 
2789300000 8.044650e+03 
2791450000 8.026275e+03 
2793600000 8.035850e+03 
2795750000 8.044875e+03 
2797900000 8.026700e+03 
2.800050e+09 8.030750e+03 
2802200000 8.048275e+03 
2804350000 8.042200e+03 
2806500000 8.039125e+03 
2808650000 8025 
2810800000 8.038575e+03 
2812950000 8.078575e+03 
2815100000 8.063975e+03 
2817250000 8.038150e+03 
2819400000 8.054175e+03 
2821550000 8.057350e+03 
2823700000 8.052925e+03 
2825850000 8.060975e+03 
2828000000 8.027200e+03 
2.830150e+09 8.045675e+03 
2832300000 8.034625e+03 
2834450000 8.044300e+03 
2836600000 8.015575e+03 
2838750000 8.046675e+03 
2840900000 8.036200e+03 
2843050000 8.013700e+03 
2845200000 8.044975e+03 
2847350000 8.015825e+03 
2849500000 8.025775e+03 
2851650000 8.017950e+03 
2853800000 8.026775e+03 
2855950000 8.057725e+03 
2858100000 8.061375e+03 
2.860250e+09 8.025950e+03 
2862400000 8.074950e+03 
2864550000 8.065525e+03 
2866700000 8.055900e+03 
2868850000 8.036725e+03 
2871000000 8.044075e+03 
2873150000 8.028650e+03 
2875300000 8.050975e+03 
2877450000 8.054925e+03 
2879600000 8.074275e+03 
2881750000 8.078850e+03 
2883900000 8.021850e+03 
2886050000 8.046875e+03 
2888200000 8.067325e+03 
2.890350e+09 8.061525e+03 
2892500000 8.068925e+03 
2894650000 8.073750e+03 
2896800000 8.043775e+03 
2898950000 8.076275e+03 
2901100000 8.056875e+03 
2903250000 8.067575e+03 
2905400000 8.060800e+03 
2907550000 8.065975e+03 
2909700000 8.064200e+03 
2911850000 8.069525e+03 
2914000000 8.069600e+03 
2916150000 8.060750e+03 
2918300000 8.067950e+03 
2920450000 8.066400e+03 
2922600000 8.049775e+03 
2924750000 8.079225e+03 
2926900000 8.045300e+03 
2929050000 8.078150e+03 
2931200000 8.050525e+03 
2933350000 8062 
2935500000 8.040900e+03 
2937650000 8.035050e+03 
2939800000 8.078400e+03 
2941950000 8.086400e+03 
2.944100e+09 8.075100e+03 
2946250000 8.073925e+03 
2948400000 8.060750e+03 
2950550000 8.086800e+03 
2952700000 8.070075e+03 
2954850000 8.084175e+03 
2957000000 8.076925e+03 
2959150000 8.067850e+03 
2961300000 8.073375e+03 
2963450000 8.075425e+03 
2965600000 8.076675e+03 
2967750000 8.062475e+03 
2969900000 8.072200e+03 
2972050000 8.051925e+03 
2974200000 8.070325e+03 
2976350000 8.092725e+03 
2978500000 8.081875e+03 
2980650000 8.056875e+03 
2982800000 8.056900e+03 
2984950000 8.078850e+03 
2987100000 8.073925e+03 
2989250000 8.079925e+03 
2991400000 8.092625e+03 
2993550000 8.049050e+03 
2995700000 8.065725e+03 
2997850000 8.045875e+03 
3000000000 8059 

END
