IGOR
WAVES/D/O sweep,sig(1) 
BEGIN
2570000000 8.208575e+03 
2.572150e+09 8.223475e+03 
2574300000 8.267225e+03 
2576450000 8.247300e+03 
2578600000 8.216950e+03 
2.580750e+09 8.204750e+03 
2582900000 8.232650e+03 
2585050000 8.220175e+03 
2.587200e+09 8.221725e+03 
2589350000 8.230525e+03 
2591500000 8.240725e+03 
2593650000 8.218550e+03 
2.595800e+09 8.238450e+03 
2597950000 8.235525e+03 
2600100000 8.234650e+03 
2.602250e+09 8.220175e+03 
2604400000 8.225175e+03 
2606550000 8.225325e+03 
2608700000 8.226675e+03 
2.610850e+09 8.227575e+03 
2613000000 8.235425e+03 
2615150000 8.216125e+03 
2.617300e+09 8.242625e+03 
2619450000 8.216775e+03 
2621600000 8.224500e+03 
2623750000 8.207975e+03 
2.625900e+09 8.247675e+03 
2628050000 8.202600e+03 
2630200000 8.207150e+03 
2.632350e+09 8.196500e+03 
2634500000 8.177975e+03 
2636650000 8.197725e+03 
2638800000 8.192625e+03 
2.640950e+09 8.166100e+03 
2643100000 8.194800e+03 
2645250000 8.223675e+03 
2.647400e+09 8.204425e+03 
2649550000 8.210725e+03 
2651700000 8.229075e+03 
2653850000 8.225025e+03 
2.656000e+09 8.216475e+03 
2658150000 8.221925e+03 
2660300000 8.209750e+03 
2.662450e+09 8.196250e+03 
2664600000 8.190725e+03 
2666750000 8.162400e+03 
2668900000 8.141725e+03 
2.671050e+09 8.143900e+03 
2673200000 8.132300e+03 
2675350000 8.122250e+03 
2677500000 8.173725e+03 
2679650000 8.170675e+03 
2681800000 8.199725e+03 
2683950000 8.214350e+03 
2.686100e+09 8.211575e+03 
2688250000 8.233200e+03 
2690400000 8.214575e+03 
2692550000 8.210300e+03 
2694700000 8.218475e+03 
2696850000 8.228975e+03 
2699000000 8.189475e+03 
2.701150e+09 8.187200e+03 
2703300000 8.173475e+03 
2705450000 8.151450e+03 
2707600000 8.154425e+03 
2.709750e+09 8.150200e+03 
2711900000 8.150750e+03 
2714050000 8.172950e+03 
2.716200e+09 8.189550e+03 
2718350000 8.211225e+03 
2720500000 8220 
2722650000 8.215600e+03 
2724800000 8.190350e+03 
2726950000 8.204475e+03 
2729100000 8.212200e+03 
2.731250e+09 8.212175e+03 
2733400000 8.204225e+03 
2735550000 8.191900e+03 
2737700000 8.188150e+03 
2.739850e+09 8.206750e+03 
2742000000 8.194575e+03 
2744150000 8.207725e+03 
2.746300e+09 8.200575e+03 
2748450000 8.217600e+03 
2750600000 8.203800e+03 
2752750000 8.239600e+03 
2754900000 8.201850e+03 
2757050000 8.249950e+03 
2759200000 8.225675e+03 
2.761350e+09 8.202850e+03 
2763500000 8.214450e+03 
2765650000 8.246900e+03 
2767800000 8.227275e+03 
2.769950e+09 8.223550e+03 
2772100000 8.211875e+03 
2774250000 8.216950e+03 
2.776400e+09 8.227250e+03 
2778550000 8.209925e+03 
2780700000 8.191275e+03 
2782850000 8.219325e+03 
2785000000 8.233125e+03 
2787150000 8.209625e+03 
2789300000 8.212825e+03 
2791450000 8.229025e+03 
2793600000 8.203150e+03 
2795750000 8.212025e+03 
2797900000 8.201200e+03 
2.800050e+09 8.241400e+03 
2802200000 8.206575e+03 
2804350000 8239 
2806500000 8.227850e+03 
2808650000 8.239125e+03 
2810800000 8.241525e+03 
2812950000 8.222200e+03 
2815100000 8.230775e+03 
2817250000 8.231350e+03 
2819400000 8.212500e+03 
2821550000 8.224525e+03 
2823700000 8.204600e+03 
2825850000 8.210150e+03 
2828000000 8.243150e+03 
2.830150e+09 8.224850e+03 
2832300000 8.214475e+03 
2834450000 8.222450e+03 
2836600000 8.227775e+03 
2838750000 8.216100e+03 
2840900000 8.215325e+03 
2843050000 8.217150e+03 
2845200000 8.215350e+03 
2847350000 8221 
2849500000 8.215550e+03 
2851650000 8.207125e+03 
2853800000 8.235675e+03 
2855950000 8.206425e+03 
2858100000 8.220325e+03 
2.860250e+09 8.213600e+03 
2862400000 8.232775e+03 
2864550000 8.206550e+03 
2866700000 8.227625e+03 
2868850000 8.189275e+03 
2871000000 8.231575e+03 
2873150000 8.200350e+03 
2875300000 8.200875e+03 
2877450000 8.205975e+03 
2879600000 8.204375e+03 
2881750000 8.223775e+03 
2883900000 8.203600e+03 
2886050000 8.219575e+03 
2888200000 8.223325e+03 
2.890350e+09 8224 
2892500000 8.212475e+03 
2894650000 8.220175e+03 
2896800000 8.210200e+03 
2898950000 8.219125e+03 
2901100000 8.228050e+03 
2903250000 8.210125e+03 
2905400000 8.214950e+03 
2907550000 8.230500e+03 
2909700000 8.211975e+03 
2911850000 8.224250e+03 
2914000000 8.217400e+03 
2916150000 8.246975e+03 
2918300000 8.214975e+03 
2920450000 8.212025e+03 
2922600000 8.205375e+03 
2924750000 8.207825e+03 
2926900000 8.200200e+03 
2929050000 8.238500e+03 
2931200000 8.193875e+03 
2933350000 8.242025e+03 
2935500000 8.212625e+03 
2937650000 8.216950e+03 
2939800000 8.227675e+03 
2941950000 8.209250e+03 
2.944100e+09 8.204250e+03 
2946250000 8.227250e+03 
2948400000 8.220800e+03 
2950550000 8.207925e+03 
2952700000 8.231075e+03 
2954850000 8.244775e+03 
2957000000 8.223125e+03 
2959150000 8.226575e+03 
2961300000 8.198675e+03 
2963450000 8.232900e+03 
2965600000 8.236300e+03 
2967750000 8.231750e+03 
2969900000 8.250650e+03 
2972050000 8.229925e+03 
2974200000 8.214875e+03 
2976350000 8.271975e+03 
2978500000 8.230700e+03 
2980650000 8.226500e+03 
2982800000 8.206850e+03 
2984950000 8.233250e+03 
2987100000 8.242925e+03 
2989250000 8.237400e+03 
2991400000 8.219325e+03 
2993550000 8.229775e+03 
2995700000 8244 
2997850000 8.226700e+03 
3000000000 8.225300e+03 

END
