IGOR
WAVES/D/O sweep,sig(1) 
BEGIN
2570000000 8.080875e+03 
2.572150e+09 8.070450e+03 
2574300000 8.058025e+03 
2576450000 8.081450e+03 
2578600000 8.049275e+03 
2.580750e+09 8.067225e+03 
2582900000 8.068275e+03 
2585050000 8.077575e+03 
2.587200e+09 8.057750e+03 
2589350000 8.045525e+03 
2591500000 8.076125e+03 
2593650000 8.082450e+03 
2.595800e+09 8.084825e+03 
2597950000 8.077225e+03 
2600100000 8.049975e+03 
2.602250e+09 8.062925e+03 
2604400000 8.052550e+03 
2606550000 8.064850e+03 
2608700000 8.037975e+03 
2.610850e+09 8.047400e+03 
2613000000 8.047425e+03 
2615150000 8.067200e+03 
2.617300e+09 8.059200e+03 
2619450000 8.059625e+03 
2621600000 8.037650e+03 
2623750000 8.046125e+03 
2.625900e+09 8.027900e+03 
2628050000 8.029775e+03 
2630200000 8.073425e+03 
2.632350e+09 8.017900e+03 
2634500000 8.001675e+03 
2636650000 8.030850e+03 
2638800000 8.025950e+03 
2.640950e+09 8.029075e+03 
2643100000 8.027150e+03 
2645250000 8.050625e+03 
2.647400e+09 8.052450e+03 
2649550000 8.076650e+03 
2651700000 8.052950e+03 
2653850000 8.059175e+03 
2.656000e+09 8.056825e+03 
2658150000 8.051850e+03 
2660300000 8.025875e+03 
2.662450e+09 8.030500e+03 
2664600000 8.031050e+03 
2666750000 7.997350e+03 
2668900000 7.983225e+03 
2.671050e+09 7.982925e+03 
2673200000 7.989275e+03 
2675350000 8.029200e+03 
2677500000 8.011750e+03 
2679650000 8.045675e+03 
2681800000 8.068050e+03 
2683950000 8.047300e+03 
2.686100e+09 8.065425e+03 
2688250000 8.062025e+03 
2690400000 8.065025e+03 
2692550000 8.067950e+03 
2694700000 8.048050e+03 
2696850000 8.042575e+03 
2699000000 8.045375e+03 
2.701150e+09 8.028675e+03 
2703300000 8.013450e+03 
2705450000 7.987925e+03 
2707600000 8.014975e+03 
2.709750e+09 8009 
2711900000 8.032275e+03 
2714050000 7.992300e+03 
2.716200e+09 8.022450e+03 
2718350000 8.046450e+03 
2720500000 8.053650e+03 
2722650000 8.056375e+03 
2724800000 8.066025e+03 
2726950000 8.057475e+03 
2729100000 8.024025e+03 
2.731250e+09 8.044250e+03 
2733400000 8.042700e+03 
2735550000 8.058075e+03 
2737700000 8.053325e+03 
2.739850e+09 8.016100e+03 
2742000000 8.030725e+03 
2744150000 8.046325e+03 
2.746300e+09 8.061775e+03 
2748450000 8.070250e+03 
2750600000 8.067525e+03 
2752750000 8.051300e+03 
2754900000 8.059525e+03 
2757050000 8.073375e+03 
2759200000 8.081475e+03 
2.761350e+09 8.064900e+03 
2763500000 8.065425e+03 
2765650000 8.047500e+03 
2767800000 8.064575e+03 
2.769950e+09 8.079825e+03 
2772100000 8.063350e+03 
2774250000 8.079650e+03 
2.776400e+09 8.070925e+03 
2778550000 8.073200e+03 
2780700000 8.084050e+03 
2782850000 8.056275e+03 
2785000000 8.057750e+03 
2787150000 8.086975e+03 
2789300000 8.070100e+03 
2791450000 8.046725e+03 
2793600000 8.063900e+03 
2795750000 8.051375e+03 
2797900000 8.071675e+03 
2.800050e+09 8.051300e+03 
2802200000 8.052475e+03 
2804350000 8.063325e+03 
2806500000 8.094375e+03 
2808650000 8.063525e+03 
2810800000 8.091575e+03 
2812950000 8.067675e+03 
2815100000 8.066475e+03 
2817250000 8.083100e+03 
2819400000 8.081075e+03 
2821550000 8.063850e+03 
2823700000 8.083700e+03 
2825850000 8.083425e+03 
2828000000 8.062700e+03 
2.830150e+09 8.057025e+03 
2832300000 8.073900e+03 
2834450000 8.089575e+03 
2836600000 8.056025e+03 
2838750000 8.055250e+03 
2840900000 8.064550e+03 
2843050000 8.062150e+03 
2845200000 8.072500e+03 
2847350000 8.055725e+03 
2849500000 8.069325e+03 
2851650000 8.054425e+03 
2853800000 8.061550e+03 
2855950000 8.065600e+03 
2858100000 8.061850e+03 
2.860250e+09 8.086750e+03 
2862400000 8.074550e+03 
2864550000 8.047800e+03 
2866700000 8.078300e+03 
2868850000 8.091575e+03 
2871000000 8.082250e+03 
2873150000 8.081825e+03 
2875300000 8.095625e+03 
2877450000 8.087525e+03 
2879600000 8.083725e+03 
2881750000 8.099125e+03 
2883900000 8.054600e+03 
2886050000 8.079200e+03 
2888200000 8.061075e+03 
2.890350e+09 8.083975e+03 
2892500000 8.071500e+03 
2894650000 8.074100e+03 
2896800000 8.082175e+03 
2898950000 8.068825e+03 
2901100000 8.079175e+03 
2903250000 8.096875e+03 
2905400000 8.080100e+03 
2907550000 8.100500e+03 
2909700000 8.081375e+03 
2911850000 8.093975e+03 
2914000000 8.100500e+03 
2916150000 8.060300e+03 
2918300000 8.064475e+03 
2920450000 8.067675e+03 
2922600000 8.066650e+03 
2924750000 8.072575e+03 
2926900000 8.073600e+03 
2929050000 8.083400e+03 
2931200000 8.095600e+03 
2933350000 8.078575e+03 
2935500000 8.070375e+03 
2937650000 8.080975e+03 
2939800000 8.084325e+03 
2941950000 8.082975e+03 
2.944100e+09 8072 
2946250000 8.073900e+03 
2948400000 8.071200e+03 
2950550000 8.059475e+03 
2952700000 8.079175e+03 
2954850000 8.053025e+03 
2957000000 8.096425e+03 
2959150000 8.078300e+03 
2961300000 8.052600e+03 
2963450000 8.089875e+03 
2965600000 8.065075e+03 
2967750000 8.072300e+03 
2969900000 8.068050e+03 
2972050000 8.063600e+03 
2974200000 8.074600e+03 
2976350000 8.042825e+03 
2978500000 8.052950e+03 
2980650000 8.059825e+03 
2982800000 8.073150e+03 
2984950000 8.113150e+03 
2987100000 8.090275e+03 
2989250000 8.069500e+03 
2991400000 8.071575e+03 
2993550000 8.079500e+03 
2995700000 8.072300e+03 
2997850000 8.073775e+03 
3000000000 8.076175e+03 

END
