IGOR
WAVES/D/O sweep,sig(1) 
BEGIN
2570000000 8.223525e+03 
2.572150e+09 8.209075e+03 
2574300000 8.217875e+03 
2576450000 8.217725e+03 
2578600000 8.222700e+03 
2.580750e+09 8222 
2582900000 8.223200e+03 
2585050000 8.233025e+03 
2.587200e+09 8.210075e+03 
2589350000 8.207650e+03 
2591500000 8.198100e+03 
2593650000 8.202250e+03 
2.595800e+09 8218 
2597950000 8.201225e+03 
2600100000 8.211625e+03 
2.602250e+09 8.228825e+03 
2604400000 8.216775e+03 
2606550000 8.206200e+03 
2608700000 8.200600e+03 
2.610850e+09 8.199900e+03 
2613000000 8.217875e+03 
2615150000 8.222450e+03 
2.617300e+09 8.239400e+03 
2619450000 8.194450e+03 
2621600000 8.206500e+03 
2623750000 8.208800e+03 
2.625900e+09 8.221700e+03 
2628050000 8.197725e+03 
2630200000 8.190025e+03 
2.632350e+09 8.180900e+03 
2634500000 8.174575e+03 
2636650000 8.188675e+03 
2638800000 8.172300e+03 
2.640950e+09 8.160200e+03 
2643100000 8.147025e+03 
2645250000 8.176250e+03 
2.647400e+09 8.200825e+03 
2649550000 8.208125e+03 
2651700000 8.201025e+03 
2653850000 8.214200e+03 
2.656000e+09 8.216450e+03 
2658150000 8.179125e+03 
2660300000 8.215225e+03 
2.662450e+09 8.187800e+03 
2664600000 8.154375e+03 
2666750000 8.113700e+03 
2668900000 8.152050e+03 
2.671050e+09 8.143550e+03 
2673200000 8.105100e+03 
2675350000 8.151925e+03 
2677500000 8.140650e+03 
2679650000 8.195800e+03 
2681800000 8.212600e+03 
2683950000 8.220225e+03 
2.686100e+09 8.216250e+03 
2688250000 8.245975e+03 
2690400000 8.192300e+03 
2692550000 8.190575e+03 
2694700000 8.202675e+03 
2696850000 8.173950e+03 
2699000000 8.180225e+03 
2.701150e+09 8.181525e+03 
2703300000 8.145200e+03 
2705450000 8.142525e+03 
2707600000 8.172475e+03 
2.709750e+09 8.174250e+03 
2711900000 8.168225e+03 
2714050000 8.176100e+03 
2.716200e+09 8.194075e+03 
2718350000 8.188075e+03 
2720500000 8.215100e+03 
2722650000 8.245525e+03 
2724800000 8.237825e+03 
2726950000 8.205725e+03 
2729100000 8.204250e+03 
2.731250e+09 8.219575e+03 
2733400000 8.188725e+03 
2735550000 8.187575e+03 
2737700000 8.196450e+03 
2.739850e+09 8.198900e+03 
2742000000 8.207550e+03 
2744150000 8.197500e+03 
2.746300e+09 8.207775e+03 
2748450000 8.204750e+03 
2750600000 8.207600e+03 
2752750000 8.221100e+03 
2754900000 8.222850e+03 
2757050000 8.218875e+03 
2759200000 8.208375e+03 
2.761350e+09 8.206850e+03 
2763500000 8.218250e+03 
2765650000 8.194625e+03 
2767800000 8.227450e+03 
2.769950e+09 8.224275e+03 
2772100000 8.214150e+03 
2774250000 8.231525e+03 
2.776400e+09 8.249925e+03 
2778550000 8.188300e+03 
2780700000 8.220550e+03 
2782850000 8196 
2785000000 8.234625e+03 
2787150000 8.198875e+03 
2789300000 8.225100e+03 
2791450000 8.199650e+03 
2793600000 8.246525e+03 
2795750000 8.244975e+03 
2797900000 8.226125e+03 
2.800050e+09 8.228950e+03 
2802200000 8.201125e+03 
2804350000 8.183475e+03 
2806500000 8.221025e+03 
2808650000 8.199925e+03 
2810800000 8.226825e+03 
2812950000 8.226700e+03 
2815100000 8.244075e+03 
2817250000 8.208150e+03 
2819400000 8.216225e+03 
2821550000 8.229825e+03 
2823700000 8.245525e+03 
2825850000 8.212425e+03 
2828000000 8.219650e+03 
2.830150e+09 8.201725e+03 
2832300000 8.235050e+03 
2834450000 8.201300e+03 
2836600000 8.218975e+03 
2838750000 8.231950e+03 
2840900000 8.228275e+03 
2843050000 8.211375e+03 
2845200000 8.217950e+03 
2847350000 8238 
2849500000 8.214775e+03 
2851650000 8.213750e+03 
2853800000 8.204650e+03 
2855950000 8.201700e+03 
2858100000 8225 
2.860250e+09 8.210375e+03 
2862400000 8.221425e+03 
2864550000 8.197300e+03 
2866700000 8.195150e+03 
2868850000 8.211175e+03 
2871000000 8206 
2873150000 8.213825e+03 
2875300000 8.202225e+03 
2877450000 8.203300e+03 
2879600000 8.225425e+03 
2881750000 8.195975e+03 
2883900000 8.216150e+03 
2886050000 8.188225e+03 
2888200000 8.193500e+03 
2.890350e+09 8.188450e+03 
2892500000 8.210725e+03 
2894650000 8191 
2896800000 8.183225e+03 
2898950000 8.206400e+03 
2901100000 8.186325e+03 
2903250000 8.185125e+03 
2905400000 8.211250e+03 
2907550000 8.178025e+03 
2909700000 8.197025e+03 
2911850000 8.204975e+03 
2914000000 8.193775e+03 
2916150000 8.193075e+03 
2918300000 8.182400e+03 
2920450000 8.193725e+03 
2922600000 8.210750e+03 
2924750000 8.179575e+03 
2926900000 8.203525e+03 
2929050000 8.188900e+03 
2931200000 8.192725e+03 
2933350000 8.212050e+03 
2935500000 8.203725e+03 
2937650000 8.213075e+03 
2939800000 8.183750e+03 
2941950000 8.184950e+03 
2.944100e+09 8.222900e+03 
2946250000 8.208200e+03 
2948400000 8.212600e+03 
2950550000 8.201025e+03 
2952700000 8.207875e+03 
2954850000 8.189625e+03 
2957000000 8.205975e+03 
2959150000 8.188375e+03 
2961300000 8.209825e+03 
2963450000 8.213225e+03 
2965600000 8.178075e+03 
2967750000 8.197100e+03 
2969900000 8.191050e+03 
2972050000 8.183050e+03 
2974200000 8.224975e+03 
2976350000 8.212175e+03 
2978500000 8.217800e+03 
2980650000 8.219725e+03 
2982800000 8.177050e+03 
2984950000 8.172250e+03 
2987100000 8.208850e+03 
2989250000 8.200500e+03 
2991400000 8192 
2993550000 8.215975e+03 
2995700000 8.201025e+03 
2997850000 8.210175e+03 
3000000000 8.198300e+03 

END
