IGOR
WAVES/D/O sweep,sig(1) 
BEGIN
2570000000 8.137700e+03 
2.572150e+09 8.125825e+03 
2574300000 8.156725e+03 
2576450000 8.162050e+03 
2578600000 8177 
2.580750e+09 8.153900e+03 
2582900000 8.150575e+03 
2585050000 8.191825e+03 
2.587200e+09 8.177750e+03 
2589350000 8.158125e+03 
2591500000 8.171200e+03 
2593650000 8.158525e+03 
2.595800e+09 8.177550e+03 
2597950000 8.145075e+03 
2600100000 8.143250e+03 
2.602250e+09 8.180350e+03 
2604400000 8.165200e+03 
2606550000 8.174475e+03 
2608700000 8.165150e+03 
2.610850e+09 8.169625e+03 
2613000000 8.160425e+03 
2615150000 8.169325e+03 
2.617300e+09 8.135225e+03 
2619450000 8.147525e+03 
2621600000 8.190825e+03 
2623750000 8.150175e+03 
2.625900e+09 8.141225e+03 
2628050000 8.175725e+03 
2630200000 8.126525e+03 
2.632350e+09 8.112450e+03 
2634500000 8.118075e+03 
2636650000 8.121050e+03 
2638800000 8.132300e+03 
2.640950e+09 8.106475e+03 
2643100000 8114 
2645250000 8.114100e+03 
2.647400e+09 8.153575e+03 
2649550000 8.158700e+03 
2651700000 8.143450e+03 
2653850000 8.162300e+03 
2.656000e+09 8.155825e+03 
2658150000 8.132575e+03 
2660300000 8.151875e+03 
2.662450e+09 8.133325e+03 
2664600000 8.113200e+03 
2666750000 8.120500e+03 
2668900000 8.068725e+03 
2.671050e+09 8.097225e+03 
2673200000 8.120500e+03 
2675350000 8.123125e+03 
2677500000 8.125600e+03 
2679650000 8.138275e+03 
2681800000 8.134725e+03 
2683950000 8.158900e+03 
2.686100e+09 8.167800e+03 
2688250000 8.166425e+03 
2690400000 8.169075e+03 
2692550000 8.173300e+03 
2694700000 8.179075e+03 
2696850000 8.135225e+03 
2699000000 8.137375e+03 
2.701150e+09 8.152225e+03 
2703300000 8.111550e+03 
2705450000 8.127525e+03 
2707600000 8.120650e+03 
2.709750e+09 8.123400e+03 
2711900000 8.127200e+03 
2714050000 8.110800e+03 
2.716200e+09 8.155725e+03 
2718350000 8168 
2720500000 8.138900e+03 
2722650000 8.154425e+03 
2724800000 8.147475e+03 
2726950000 8.180200e+03 
2729100000 8.173650e+03 
2.731250e+09 8.150550e+03 
2733400000 8.145600e+03 
2735550000 8.156575e+03 
2737700000 8.139975e+03 
2.739850e+09 8.150325e+03 
2742000000 8.148400e+03 
2744150000 8.153950e+03 
2.746300e+09 8.144075e+03 
2748450000 8.156350e+03 
2750600000 8.149875e+03 
2752750000 8.167675e+03 
2754900000 8.170100e+03 
2757050000 8.179275e+03 
2759200000 8.169200e+03 
2.761350e+09 8.170550e+03 
2763500000 8.191125e+03 
2765650000 8.182975e+03 
2767800000 8.148100e+03 
2.769950e+09 8.164250e+03 
2772100000 8.170650e+03 
2774250000 8.160075e+03 
2.776400e+09 8.164475e+03 
2778550000 8.160550e+03 
2780700000 8.200025e+03 
2782850000 8.177650e+03 
2785000000 8.173750e+03 
2787150000 8.155825e+03 
2789300000 8.184075e+03 
2791450000 8.167125e+03 
2793600000 8.157575e+03 
2795750000 8.164275e+03 
2797900000 8.173900e+03 
2.800050e+09 8.172200e+03 
2802200000 8.164200e+03 
2804350000 8.191950e+03 
2806500000 8.171600e+03 
2808650000 8.180125e+03 
2810800000 8.146775e+03 
2812950000 8.155950e+03 
2815100000 8.179750e+03 
2817250000 8.171800e+03 
2819400000 8.171775e+03 
2821550000 8.187575e+03 
2823700000 8.184825e+03 
2825850000 8.191700e+03 
2828000000 8.173375e+03 
2.830150e+09 8.169275e+03 
2832300000 8.152500e+03 
2834450000 8.191800e+03 
2836600000 8.183750e+03 
2838750000 8.199225e+03 
2840900000 8.169675e+03 
2843050000 8.171650e+03 
2845200000 8.178900e+03 
2847350000 8.193250e+03 
2849500000 8.192075e+03 
2851650000 8.185850e+03 
2853800000 8.198800e+03 
2855950000 8.190475e+03 
2858100000 8.202625e+03 
2.860250e+09 8.169125e+03 
2862400000 8.180025e+03 
2864550000 8.160650e+03 
2866700000 8.186225e+03 
2868850000 8.193300e+03 
2871000000 8.185025e+03 
2873150000 8.204525e+03 
2875300000 8178 
2877450000 8.187175e+03 
2879600000 8.173775e+03 
2881750000 8.169875e+03 
2883900000 8.162075e+03 
2886050000 8.181150e+03 
2888200000 8.177850e+03 
2.890350e+09 8.184025e+03 
2892500000 8.159050e+03 
2894650000 8.169925e+03 
2896800000 8.163850e+03 
2898950000 8.160600e+03 
2901100000 8.163275e+03 
2903250000 8.171900e+03 
2905400000 8.168250e+03 
2907550000 8.182125e+03 
2909700000 8.177275e+03 
2911850000 8.166325e+03 
2914000000 8.187325e+03 
2916150000 8.171575e+03 
2918300000 8.173875e+03 
2920450000 8.186400e+03 
2922600000 8.171600e+03 
2924750000 8.175100e+03 
2926900000 8.172825e+03 
2929050000 8.188025e+03 
2931200000 8.174025e+03 
2933350000 8.177775e+03 
2935500000 8.158875e+03 
2937650000 8.147500e+03 
2939800000 8.184200e+03 
2941950000 8.172150e+03 
2.944100e+09 8.175275e+03 
2946250000 8.183125e+03 
2948400000 8.172150e+03 
2950550000 8.178525e+03 
2952700000 8.167475e+03 
2954850000 8.184625e+03 
2957000000 8.167875e+03 
2959150000 8.176625e+03 
2961300000 8.180900e+03 
2963450000 8.196150e+03 
2965600000 8.182675e+03 
2967750000 8.185350e+03 
2969900000 8.174325e+03 
2972050000 8.185050e+03 
2974200000 8.174100e+03 
2976350000 8.167775e+03 
2978500000 8.185625e+03 
2980650000 8.189125e+03 
2982800000 8.181550e+03 
2984950000 8.164650e+03 
2987100000 8.196475e+03 
2989250000 8.177100e+03 
2991400000 8.197200e+03 
2993550000 8.165200e+03 
2995700000 8.158900e+03 
2997850000 8.190200e+03 
3000000000 8.172525e+03 

END
