IGOR
WAVES/D/O sweep,sig(1) 
BEGIN
2570000000 8.027425e+03 
2.572150e+09 8.030525e+03 
2574300000 8.029400e+03 
2576450000 8.027825e+03 
2578600000 8.030325e+03 
2.580750e+09 8.020500e+03 
2582900000 8.030700e+03 
2585050000 8.045775e+03 
2.587200e+09 8.004725e+03 
2589350000 8.030700e+03 
2591500000 8.032850e+03 
2593650000 8.031475e+03 
2.595800e+09 8.014300e+03 
2597950000 8.039900e+03 
2600100000 8.040050e+03 
2.602250e+09 8.019600e+03 
2604400000 8.044625e+03 
2606550000 8.018775e+03 
2608700000 8.038525e+03 
2.610850e+09 8.040700e+03 
2613000000 8.048975e+03 
2615150000 8.051175e+03 
2.617300e+09 8.052700e+03 
2619450000 8048 
2621600000 8.054650e+03 
2623750000 8.052575e+03 
2.625900e+09 8.038725e+03 
2628050000 8.049250e+03 
2630200000 8.026775e+03 
2.632350e+09 8.016375e+03 
2634500000 8.026925e+03 
2636650000 8.023525e+03 
2638800000 8.005150e+03 
2.640950e+09 8.018850e+03 
2643100000 8.022900e+03 
2645250000 8.005600e+03 
2.647400e+09 8.044625e+03 
2649550000 8.035425e+03 
2651700000 8059 
2653850000 8.051975e+03 
2.656000e+09 8.050200e+03 
2658150000 8.025600e+03 
2660300000 8.048325e+03 
2.662450e+09 7.995825e+03 
2664600000 7.997950e+03 
2666750000 7.997150e+03 
2668900000 7.977600e+03 
2.671050e+09 7.992375e+03 
2673200000 7.999150e+03 
2675350000 7.998900e+03 
2677500000 7.994850e+03 
2679650000 8.040375e+03 
2681800000 8.062575e+03 
2683950000 8.045500e+03 
2.686100e+09 8.058300e+03 
2688250000 8.026250e+03 
2690400000 8.048075e+03 
2692550000 8.028850e+03 
2694700000 8.076100e+03 
2696850000 8.043975e+03 
2699000000 8.015350e+03 
2.701150e+09 7.998200e+03 
2703300000 7.990175e+03 
2705450000 8.014975e+03 
2707600000 7.993700e+03 
2.709750e+09 7.980425e+03 
2711900000 7.981850e+03 
2714050000 8.001825e+03 
2.716200e+09 8.016900e+03 
2718350000 8.032450e+03 
2720500000 8.052150e+03 
2722650000 8.055850e+03 
2724800000 8.049125e+03 
2726950000 8.053025e+03 
2729100000 8.024450e+03 
2.731250e+09 8.029850e+03 
2733400000 8.049425e+03 
2735550000 8.025300e+03 
2737700000 8.028775e+03 
2.739850e+09 8.026675e+03 
2742000000 8.040925e+03 
2744150000 8.039250e+03 
2.746300e+09 8.044125e+03 
2748450000 8.048050e+03 
2750600000 8.043625e+03 
2752750000 8.072575e+03 
2754900000 8.055675e+03 
2757050000 8.029675e+03 
2759200000 8.067250e+03 
2.761350e+09 8.086900e+03 
2763500000 8.062800e+03 
2765650000 8.060550e+03 
2767800000 8.060725e+03 
2.769950e+09 8.067500e+03 
2772100000 8.065900e+03 
2774250000 8.054275e+03 
2.776400e+09 8.059050e+03 
2778550000 8.056325e+03 
2780700000 8.069175e+03 
2782850000 8.065325e+03 
2785000000 8.073500e+03 
2787150000 8.044550e+03 
2789300000 8.068725e+03 
2791450000 8.063825e+03 
2793600000 8.050500e+03 
2795750000 8.078150e+03 
2797900000 8.043325e+03 
2.800050e+09 8.061200e+03 
2802200000 8.084225e+03 
2804350000 8.055775e+03 
2806500000 8.052275e+03 
2808650000 8.046350e+03 
2810800000 8.062100e+03 
2812950000 8.070825e+03 
2815100000 8.083500e+03 
2817250000 8.054200e+03 
2819400000 8.062900e+03 
2821550000 8.054250e+03 
2823700000 8.058500e+03 
2825850000 8.048725e+03 
2828000000 8.054275e+03 
2.830150e+09 8.044350e+03 
2832300000 8.034175e+03 
2834450000 8.047725e+03 
2836600000 8.052500e+03 
2838750000 8.062100e+03 
2840900000 8.046200e+03 
2843050000 8.057350e+03 
2845200000 8.044300e+03 
2847350000 8.051350e+03 
2849500000 8.057450e+03 
2851650000 8.041400e+03 
2853800000 8.065525e+03 
2855950000 8.046275e+03 
2858100000 8.057750e+03 
2.860250e+09 8.056950e+03 
2862400000 8.045350e+03 
2864550000 8.079600e+03 
2866700000 8.052700e+03 
2868850000 8.068900e+03 
2871000000 8.054100e+03 
2873150000 8.044500e+03 
2875300000 8.059075e+03 
2877450000 8.073425e+03 
2879600000 8.074150e+03 
2881750000 8.041825e+03 
2883900000 8.061550e+03 
2886050000 8.062575e+03 
2888200000 8.075425e+03 
2.890350e+09 8.054950e+03 
2892500000 8.057750e+03 
2894650000 8063 
2896800000 8.067475e+03 
2898950000 8.053550e+03 
2901100000 8.064775e+03 
2903250000 8.067825e+03 
2905400000 8.043075e+03 
2907550000 8.065025e+03 
2909700000 8.063525e+03 
2911850000 8.057925e+03 
2914000000 8.064100e+03 
2916150000 8.058350e+03 
2918300000 8.069900e+03 
2920450000 8.067450e+03 
2922600000 8.057125e+03 
2924750000 8.070350e+03 
2926900000 8.059125e+03 
2929050000 8.079750e+03 
2931200000 8.075850e+03 
2933350000 8.060775e+03 
2935500000 8.071875e+03 
2937650000 8.070400e+03 
2939800000 8.069100e+03 
2941950000 8.060225e+03 
2.944100e+09 8.070725e+03 
2946250000 8.061675e+03 
2948400000 8.058725e+03 
2950550000 8.081625e+03 
2952700000 8.067125e+03 
2954850000 8.068500e+03 
2957000000 8.053750e+03 
2959150000 8.080800e+03 
2961300000 8.077550e+03 
2963450000 8.086650e+03 
2965600000 8.049300e+03 
2967750000 8.082175e+03 
2969900000 8.085250e+03 
2972050000 8.054625e+03 
2974200000 8.063800e+03 
2976350000 8.049725e+03 
2978500000 8.086925e+03 
2980650000 8.061525e+03 
2982800000 8.067975e+03 
2984950000 8.074825e+03 
2987100000 8.067300e+03 
2989250000 8.069625e+03 
2991400000 8.054675e+03 
2993550000 8.060325e+03 
2995700000 8.080925e+03 
2997850000 8.078125e+03 
3000000000 8.090075e+03 

END
