IGOR
WAVES/D/O sweep,sig(1) 
BEGIN
2570000000 7.918025e+03 
2.572150e+09 7.925475e+03 
2574300000 7.930200e+03 
2576450000 7.939875e+03 
2578600000 7.911100e+03 
2.580750e+09 7.913325e+03 
2582900000 7.920875e+03 
2585050000 7.944175e+03 
2.587200e+09 7.921350e+03 
2589350000 7.902900e+03 
2591500000 7.948975e+03 
2593650000 7.936675e+03 
2.595800e+09 7.938875e+03 
2597950000 7.933875e+03 
2600100000 7.910350e+03 
2.602250e+09 7.934725e+03 
2604400000 7.930525e+03 
2606550000 7.926175e+03 
2608700000 7.933425e+03 
2.610850e+09 7.913650e+03 
2613000000 7.923700e+03 
2615150000 7.939550e+03 
2.617300e+09 7.909525e+03 
2619450000 7.957650e+03 
2621600000 7.905225e+03 
2623750000 7.919700e+03 
2.625900e+09 7.918100e+03 
2628050000 7.902625e+03 
2630200000 7.932600e+03 
2.632350e+09 7.923525e+03 
2634500000 7.881150e+03 
2636650000 7.910125e+03 
2638800000 7.887275e+03 
2.640950e+09 7.868200e+03 
2643100000 7.932025e+03 
2645250000 7.920825e+03 
2.647400e+09 7.895675e+03 
2649550000 7.935100e+03 
2651700000 7.926975e+03 
2653850000 7.914525e+03 
2.656000e+09 7.916950e+03 
2658150000 7.924575e+03 
2660300000 7.937175e+03 
2.662450e+09 7.885575e+03 
2664600000 7.886800e+03 
2666750000 7.857625e+03 
2668900000 7.887150e+03 
2.671050e+09 7.878325e+03 
2673200000 7.870375e+03 
2675350000 7.874425e+03 
2677500000 7.914425e+03 
2679650000 7.924375e+03 
2681800000 7.917125e+03 
2683950000 7.968875e+03 
2.686100e+09 7.963375e+03 
2688250000 7.941350e+03 
2690400000 7.981925e+03 
2692550000 7.908950e+03 
2694700000 7.943400e+03 
2696850000 7.897275e+03 
2699000000 7.920950e+03 
2.701150e+09 7.886525e+03 
2703300000 7.847975e+03 
2705450000 7.858475e+03 
2707600000 7.863675e+03 
2.709750e+09 7.860300e+03 
2711900000 7.864400e+03 
2714050000 7.873800e+03 
2.716200e+09 7.883725e+03 
2718350000 7.890625e+03 
2720500000 7.947775e+03 
2722650000 7.934100e+03 
2724800000 7939 
2726950000 7.914725e+03 
2729100000 7.919325e+03 
2.731250e+09 7.926600e+03 
2733400000 7.925200e+03 
2735550000 7.933400e+03 
2737700000 7.904950e+03 
2.739850e+09 7.895450e+03 
2742000000 7.904725e+03 
2744150000 7.909925e+03 
2.746300e+09 7.915300e+03 
2748450000 7.932325e+03 
2750600000 7.941525e+03 
2752750000 7.937525e+03 
2754900000 7.961475e+03 
2757050000 7.949750e+03 
2759200000 7.936450e+03 
2.761350e+09 7.956450e+03 
2763500000 7.958600e+03 
2765650000 7.989575e+03 
2767800000 7.931050e+03 
2.769950e+09 7.963300e+03 
2772100000 7.931800e+03 
2774250000 7.967975e+03 
2.776400e+09 7.947850e+03 
2778550000 7.938025e+03 
2780700000 7.940375e+03 
2782850000 7.949200e+03 
2785000000 7.970275e+03 
2787150000 7.921275e+03 
2789300000 7.941750e+03 
2791450000 7.939450e+03 
2793600000 7.936400e+03 
2795750000 7.929775e+03 
2797900000 7.897925e+03 
2.800050e+09 7.929825e+03 
2802200000 7.951525e+03 
2804350000 7.953900e+03 
2806500000 7.938475e+03 
2808650000 7.930175e+03 
2810800000 7.991575e+03 
2812950000 7.933950e+03 
2815100000 7.970375e+03 
2817250000 7.935900e+03 
2819400000 7.945425e+03 
2821550000 7.964700e+03 
2823700000 7.943575e+03 
2825850000 7.923425e+03 
2828000000 7.951525e+03 
2.830150e+09 7.962200e+03 
2832300000 7.937750e+03 
2834450000 7.953550e+03 
2836600000 7.918925e+03 
2838750000 7.944700e+03 
2840900000 7.939350e+03 
2843050000 7.966625e+03 
2845200000 7.960075e+03 
2847350000 7.946825e+03 
2849500000 7.939225e+03 
2851650000 7.964100e+03 
2853800000 7.959275e+03 
2855950000 7.946875e+03 
2858100000 7.957825e+03 
2.860250e+09 7.945125e+03 
2862400000 7.943900e+03 
2864550000 7970 
2866700000 7.945750e+03 
2868850000 7.960250e+03 
2871000000 7968 
2873150000 7.960050e+03 
2875300000 7.975625e+03 
2877450000 7.955350e+03 
2879600000 7.946525e+03 
2881750000 7.994725e+03 
2883900000 7.941125e+03 
2886050000 7.949600e+03 
2888200000 7.920775e+03 
2.890350e+09 7.973800e+03 
2892500000 7.951275e+03 
2894650000 8.000275e+03 
2896800000 7956 
2898950000 7.967950e+03 
2901100000 7.980100e+03 
2903250000 7.937600e+03 
2905400000 7.973450e+03 
2907550000 7.954825e+03 
2909700000 7.994100e+03 
2911850000 7.975800e+03 
2914000000 7.962200e+03 
2916150000 7.957350e+03 
2918300000 7.955175e+03 
2920450000 7.943900e+03 
2922600000 7.947675e+03 
2924750000 7.970275e+03 
2926900000 7.945900e+03 
2929050000 7.961425e+03 
2931200000 7.978225e+03 
2933350000 7.989475e+03 
2935500000 7.974300e+03 
2937650000 7.961075e+03 
2939800000 7.972425e+03 
2941950000 7.947575e+03 
2.944100e+09 7.939675e+03 
2946250000 7.989750e+03 
2948400000 7.958925e+03 
2950550000 7.970600e+03 
2952700000 7.979800e+03 
2954850000 7.966375e+03 
2957000000 7.961900e+03 
2959150000 7.947900e+03 
2961300000 7.950975e+03 
2963450000 7.968500e+03 
2965600000 7.966375e+03 
2967750000 7.958275e+03 
2969900000 7.962275e+03 
2972050000 7.970850e+03 
2974200000 7.931925e+03 
2976350000 7.927625e+03 
2978500000 7.961600e+03 
2980650000 7.970925e+03 
2982800000 7.952725e+03 
2984950000 7.963475e+03 
2987100000 7.952725e+03 
2989250000 7.947300e+03 
2991400000 7.976300e+03 
2993550000 7.963850e+03 
2995700000 7.969225e+03 
2997850000 7.957150e+03 
3000000000 7.966750e+03 

END
