IGOR
WAVES/D/O sweep,sig(1) 
BEGIN
2570000000 7.982825e+03 
2.572150e+09 7.988300e+03 
2574300000 8.000275e+03 
2576450000 7.964975e+03 
2578600000 7.984175e+03 
2.580750e+09 7.997850e+03 
2582900000 7.978775e+03 
2585050000 7.986325e+03 
2.587200e+09 7.996050e+03 
2589350000 8.000100e+03 
2591500000 8.024775e+03 
2593650000 8.004350e+03 
2.595800e+09 7976 
2597950000 8.008275e+03 
2600100000 7.983950e+03 
2.602250e+09 7.990200e+03 
2604400000 7.994100e+03 
2606550000 7.972025e+03 
2608700000 7.983950e+03 
2.610850e+09 7.988925e+03 
2613000000 7.980225e+03 
2615150000 7.983575e+03 
2.617300e+09 7.999625e+03 
2619450000 7.983300e+03 
2621600000 7.945675e+03 
2623750000 7.981450e+03 
2.625900e+09 7.984825e+03 
2628050000 7975 
2630200000 7.972950e+03 
2.632350e+09 7.978225e+03 
2634500000 7.976425e+03 
2636650000 7.974525e+03 
2638800000 7.954200e+03 
2.640950e+09 7.985650e+03 
2643100000 7.983675e+03 
2645250000 7.974725e+03 
2.647400e+09 7.983650e+03 
2649550000 7.972850e+03 
2651700000 7.984650e+03 
2653850000 7.962925e+03 
2.656000e+09 7.982875e+03 
2658150000 7.994650e+03 
2660300000 7.984825e+03 
2.662450e+09 7.980650e+03 
2664600000 7.974800e+03 
2666750000 7.947750e+03 
2668900000 7.970250e+03 
2.671050e+09 7.984250e+03 
2673200000 7963 
2675350000 7.996975e+03 
2677500000 7.966775e+03 
2679650000 7.965425e+03 
2681800000 7.950775e+03 
2683950000 7.974925e+03 
2.686100e+09 7.973350e+03 
2688250000 7.993925e+03 
2690400000 7.982275e+03 
2692550000 7.960575e+03 
2694700000 7.993650e+03 
2696850000 7.989200e+03 
2699000000 7.965600e+03 
2.701150e+09 7.963275e+03 
2703300000 7.976125e+03 
2705450000 7.983625e+03 
2707600000 7.972750e+03 
2.709750e+09 7.991650e+03 
2711900000 7.969100e+03 
2714050000 8.007150e+03 
2.716200e+09 7.985500e+03 
2718350000 7.976800e+03 
2720500000 7.981525e+03 
2722650000 7.978025e+03 
2724800000 7.975525e+03 
2726950000 7.983475e+03 
2729100000 7.949150e+03 
2.731250e+09 7.959175e+03 
2733400000 7.985275e+03 
2735550000 7.962775e+03 
2737700000 7.978975e+03 
2.739850e+09 7.963575e+03 
2742000000 7.984075e+03 
2744150000 7.959100e+03 
2.746300e+09 7.969600e+03 
2748450000 7.987275e+03 
2750600000 7.993775e+03 
2752750000 7.971125e+03 
2754900000 7986 
2757050000 8.001650e+03 
2759200000 7.960400e+03 
2.761350e+09 7.959400e+03 
2763500000 7.962075e+03 
2765650000 7.975975e+03 
2767800000 7.961600e+03 
2.769950e+09 7.983825e+03 
2772100000 7.983725e+03 
2774250000 7.979375e+03 
2.776400e+09 7.968450e+03 
2778550000 7.943900e+03 
2780700000 7.902150e+03 
2782850000 7.885275e+03 
2785000000 7.874875e+03 
2787150000 7.839550e+03 
2789300000 7.813150e+03 
2791450000 7.789675e+03 
2793600000 7.799350e+03 
2795750000 7.797575e+03 
2797900000 7.793375e+03 
2.800050e+09 7.826250e+03 
2802200000 7.834800e+03 
2804350000 7.849675e+03 
2806500000 7.852375e+03 
2808650000 7.925375e+03 
2810800000 7.944050e+03 
2812950000 7.955825e+03 
2815100000 7.939525e+03 
2817250000 7.951950e+03 
2819400000 7.973175e+03 
2821550000 7.961675e+03 
2823700000 7.973375e+03 
2825850000 7.981975e+03 
2828000000 7.988650e+03 
2.830150e+09 7.985725e+03 
2832300000 7.993875e+03 
2834450000 7.980625e+03 
2836600000 7991 
2838750000 7.985400e+03 
2840900000 7.959100e+03 
2843050000 7.968725e+03 
2845200000 7.992075e+03 
2847350000 7.984150e+03 
2849500000 7.973400e+03 
2851650000 7.943425e+03 
2853800000 7.975300e+03 
2855950000 7.995550e+03 
2858100000 7.955200e+03 
2.860250e+09 7.939900e+03 
2862400000 7.927575e+03 
2864550000 7.964850e+03 
2866700000 7.950550e+03 
2868850000 7.960900e+03 
2871000000 7.964975e+03 
2873150000 7.983350e+03 
2875300000 7.956875e+03 
2877450000 7.957625e+03 
2879600000 7.973250e+03 
2881750000 7.984375e+03 
2883900000 7.981500e+03 
2886050000 7.964475e+03 
2888200000 7.951400e+03 
2.890350e+09 7.963150e+03 
2892500000 7.981700e+03 
2894650000 7.963325e+03 
2896800000 7.973325e+03 
2898950000 7.960850e+03 
2901100000 7.982650e+03 
2903250000 7.927850e+03 
2905400000 7950 
2907550000 7.942775e+03 
2909700000 7.973725e+03 
2911850000 7.971875e+03 
2914000000 7.950425e+03 
2916150000 7.981250e+03 
2918300000 7.967450e+03 
2920450000 7.954525e+03 
2922600000 8.004575e+03 
2924750000 7.958625e+03 
2926900000 7.970300e+03 
2929050000 7.979350e+03 
2931200000 7.927950e+03 
2933350000 7.953500e+03 
2935500000 7.964725e+03 
2937650000 7.950550e+03 
2939800000 7.952475e+03 
2941950000 7.949100e+03 
2.944100e+09 7.934125e+03 
2946250000 7.910450e+03 
2948400000 7.893900e+03 
2950550000 7.861775e+03 
2952700000 7.846425e+03 
2954850000 7.811575e+03 
2957000000 7.786750e+03 
2959150000 7.754525e+03 
2961300000 7.761750e+03 
2963450000 7.782875e+03 
2965600000 7.782250e+03 
2967750000 7.795750e+03 
2969900000 7.854600e+03 
2972050000 7.851575e+03 
2974200000 7.891275e+03 
2976350000 7.928225e+03 
2978500000 7.937525e+03 
2980650000 7.948475e+03 
2982800000 7.958125e+03 
2984950000 7.954650e+03 
2987100000 7.969675e+03 
2989250000 7.958350e+03 
2991400000 7.943675e+03 
2993550000 7.941225e+03 
2995700000 7.966250e+03 
2997850000 7.968500e+03 
3000000000 7.958550e+03 

END
