IGOR
WAVES/D/O sweep,sig(1) 
BEGIN
2570000000 7.964925e+03 
2.572150e+09 7.979925e+03 
2574300000 7.956475e+03 
2576450000 7.978925e+03 
2578600000 7.966450e+03 
2.580750e+09 7.963225e+03 
2582900000 7.984575e+03 
2585050000 7.980700e+03 
2.587200e+09 7.983925e+03 
2589350000 7.988075e+03 
2591500000 7.980100e+03 
2593650000 7.980175e+03 
2.595800e+09 7.983825e+03 
2597950000 7.976250e+03 
2600100000 7.969125e+03 
2.602250e+09 7.971300e+03 
2604400000 7.985200e+03 
2606550000 7.972800e+03 
2608700000 7.976350e+03 
2.610850e+09 7.959800e+03 
2613000000 7.966800e+03 
2615150000 7.976600e+03 
2.617300e+09 7.975425e+03 
2619450000 7.987550e+03 
2621600000 7.972475e+03 
2623750000 7.969625e+03 
2.625900e+09 7.978175e+03 
2628050000 7.952475e+03 
2630200000 7952 
2.632350e+09 7.958875e+03 
2634500000 7.942750e+03 
2636650000 7.933900e+03 
2638800000 7.938475e+03 
2.640950e+09 7.951400e+03 
2643100000 7.944425e+03 
2645250000 7.937250e+03 
2.647400e+09 7.958925e+03 
2649550000 7.975300e+03 
2651700000 7.958575e+03 
2653850000 7.952700e+03 
2.656000e+09 7.968850e+03 
2658150000 7.958925e+03 
2660300000 7.956250e+03 
2.662450e+09 7.953500e+03 
2664600000 7.913225e+03 
2666750000 7.922500e+03 
2668900000 7.903850e+03 
2.671050e+09 7.910375e+03 
2673200000 7.907700e+03 
2675350000 7.916375e+03 
2677500000 7.948075e+03 
2679650000 7.929675e+03 
2681800000 7.951100e+03 
2683950000 7.958450e+03 
2.686100e+09 7.962825e+03 
2688250000 7.988300e+03 
2690400000 7.968375e+03 
2692550000 7.973350e+03 
2694700000 7.950750e+03 
2696850000 7.962550e+03 
2699000000 7.933800e+03 
2.701150e+09 7.928600e+03 
2703300000 7.895125e+03 
2705450000 7.930175e+03 
2707600000 7873 
2.709750e+09 7.879575e+03 
2711900000 7.899700e+03 
2714050000 7.898025e+03 
2.716200e+09 7.942725e+03 
2718350000 7.930275e+03 
2720500000 7.981825e+03 
2722650000 7.962150e+03 
2724800000 7.957200e+03 
2726950000 7.953825e+03 
2729100000 7.957525e+03 
2.731250e+09 7.954375e+03 
2733400000 7.940325e+03 
2735550000 7.923900e+03 
2737700000 7.951450e+03 
2.739850e+09 7.935775e+03 
2742000000 7.937200e+03 
2744150000 7.933150e+03 
2.746300e+09 7944 
2748450000 7.974675e+03 
2750600000 7.968050e+03 
2752750000 7.955400e+03 
2754900000 7.965525e+03 
2757050000 7.959350e+03 
2759200000 7.972825e+03 
2.761350e+09 7.973325e+03 
2763500000 7.993800e+03 
2765650000 7.963700e+03 
2767800000 7.959750e+03 
2.769950e+09 7.954350e+03 
2772100000 7.953725e+03 
2774250000 7968 
2.776400e+09 7.964425e+03 
2778550000 7.979725e+03 
2780700000 7.974400e+03 
2782850000 7.988800e+03 
2785000000 7.982550e+03 
2787150000 7.959425e+03 
2789300000 7.977525e+03 
2791450000 8.003075e+03 
2793600000 7.973800e+03 
2795750000 7.971025e+03 
2797900000 7.984075e+03 
2.800050e+09 8.006925e+03 
2802200000 7.984500e+03 
2804350000 7.964575e+03 
2806500000 7.996125e+03 
2808650000 7.985125e+03 
2810800000 7.992525e+03 
2812950000 7.995575e+03 
2815100000 7.992775e+03 
2817250000 7.947575e+03 
2819400000 7987 
2821550000 8.009600e+03 
2823700000 7.984750e+03 
2825850000 7.994525e+03 
2828000000 7.991850e+03 
2.830150e+09 7.988575e+03 
2832300000 7.976425e+03 
2834450000 7.973450e+03 
2836600000 7.966825e+03 
2838750000 8.009425e+03 
2840900000 7.983150e+03 
2843050000 7.975175e+03 
2845200000 7.974350e+03 
2847350000 7.969025e+03 
2849500000 7.984300e+03 
2851650000 7.974575e+03 
2853800000 7.987975e+03 
2855950000 7.959025e+03 
2858100000 7.973150e+03 
2.860250e+09 7.965550e+03 
2862400000 7.962700e+03 
2864550000 7.983275e+03 
2866700000 7.978350e+03 
2868850000 7.986975e+03 
2871000000 8.017475e+03 
2873150000 7.988425e+03 
2875300000 8.005350e+03 
2877450000 7.993075e+03 
2879600000 8.000950e+03 
2881750000 7.992100e+03 
2883900000 7.998950e+03 
2886050000 7.998425e+03 
2888200000 7980 
2.890350e+09 7.993750e+03 
2892500000 7.981275e+03 
2894650000 7.991150e+03 
2896800000 7.990200e+03 
2898950000 8.023625e+03 
2901100000 7.994075e+03 
2903250000 8.006250e+03 
2905400000 8.012925e+03 
2907550000 7.996750e+03 
2909700000 7.998025e+03 
2911850000 7.980550e+03 
2914000000 8.008375e+03 
2916150000 8.002075e+03 
2918300000 7.999925e+03 
2920450000 8.004925e+03 
2922600000 7.990625e+03 
2924750000 7.990375e+03 
2926900000 7.998425e+03 
2929050000 8.008350e+03 
2931200000 7.995550e+03 
2933350000 8.009300e+03 
2935500000 8.016800e+03 
2937650000 8.000500e+03 
2939800000 7.985450e+03 
2941950000 8.019850e+03 
2.944100e+09 8.004050e+03 
2946250000 7.985725e+03 
2948400000 7.988850e+03 
2950550000 8.005750e+03 
2952700000 7.981925e+03 
2954850000 7.994825e+03 
2957000000 8.013400e+03 
2959150000 7.985150e+03 
2961300000 8.019950e+03 
2963450000 7.996425e+03 
2965600000 8.011250e+03 
2967750000 8.001950e+03 
2969900000 8.005100e+03 
2972050000 8.013200e+03 
2974200000 7.986650e+03 
2976350000 8.015900e+03 
2978500000 8.001300e+03 
2980650000 7.995225e+03 
2982800000 7.998700e+03 
2984950000 7.994725e+03 
2987100000 7.990200e+03 
2989250000 7.998200e+03 
2991400000 8.016075e+03 
2993550000 7.983925e+03 
2995700000 8.013475e+03 
2997850000 7.997625e+03 
3000000000 7.992375e+03 

END
