IGOR
WAVES/D/O sweep,sig(1) 
BEGIN
2570000000 7.807350e+03 
2.572150e+09 7.820700e+03 
2574300000 7.824550e+03 
2576450000 7.800075e+03 
2578600000 7.804625e+03 
2.580750e+09 7.819275e+03 
2582900000 7.802900e+03 
2585050000 7.820050e+03 
2.587200e+09 7.808050e+03 
2589350000 7.816725e+03 
2591500000 7.807525e+03 
2593650000 7.821850e+03 
2.595800e+09 7.826175e+03 
2597950000 7.811175e+03 
2600100000 7.815150e+03 
2.602250e+09 7.797750e+03 
2604400000 7.787975e+03 
2606550000 7.824750e+03 
2608700000 7.791225e+03 
2.610850e+09 7.813225e+03 
2613000000 7.778900e+03 
2615150000 7.796825e+03 
2.617300e+09 7.783125e+03 
2619450000 7.779250e+03 
2621600000 7.755375e+03 
2623750000 7.770950e+03 
2.625900e+09 7.791700e+03 
2628050000 7.790200e+03 
2630200000 7.791600e+03 
2.632350e+09 7.792325e+03 
2634500000 7.811850e+03 
2636650000 7.799075e+03 
2638800000 7.774700e+03 
2.640950e+09 7763 
2643100000 7.738750e+03 
2645250000 7.744175e+03 
2.647400e+09 7.748075e+03 
2649550000 7.726825e+03 
2651700000 7.740400e+03 
2653850000 7.766575e+03 
2.656000e+09 7.740275e+03 
2658150000 7.768700e+03 
2660300000 7.789100e+03 
2.662450e+09 7.812300e+03 
2664600000 7.802725e+03 
2666750000 7.785975e+03 
2668900000 7.782775e+03 
2.671050e+09 7.788250e+03 
2673200000 7.792875e+03 
2675350000 7.787625e+03 
2677500000 7.786775e+03 
2679650000 7.794350e+03 
2681800000 7.791650e+03 
2683950000 7.799600e+03 
2.686100e+09 7.801075e+03 
2688250000 7.786675e+03 
2690400000 7.801300e+03 
2692550000 7.780125e+03 
2694700000 7.801800e+03 
2696850000 7.792425e+03 
2699000000 7.764800e+03 
2.701150e+09 7.762825e+03 
2703300000 7.719150e+03 
2705450000 7.756600e+03 
2707600000 7.756300e+03 
2.709750e+09 7.754325e+03 
2711900000 7.759750e+03 
2714050000 7.772975e+03 
2.716200e+09 7.781525e+03 
2718350000 7.816100e+03 
2720500000 7.778025e+03 
2722650000 7.789675e+03 
2724800000 7.789150e+03 
2726950000 7.776375e+03 
2729100000 7.760100e+03 
2.731250e+09 7.778075e+03 
2733400000 7.801225e+03 
2735550000 7.771150e+03 
2737700000 7.801950e+03 
2.739850e+09 7.792925e+03 
2742000000 7.804075e+03 
2744150000 7.792775e+03 
2.746300e+09 7.802550e+03 
2748450000 7.808325e+03 
2750600000 7.843700e+03 
2752750000 7.792450e+03 
2754900000 7.798750e+03 
2757050000 7.805150e+03 
2759200000 7.810100e+03 
2.761350e+09 7.782425e+03 
2763500000 7.807925e+03 
2765650000 7.817050e+03 
2767800000 7.840975e+03 
2.769950e+09 7.813950e+03 
2772100000 7804 
2774250000 7.822875e+03 
2.776400e+09 7.820725e+03 
2778550000 7.821700e+03 
2780700000 7.782675e+03 
2782850000 7.805150e+03 
2785000000 7.802975e+03 
2787150000 7.816450e+03 
2789300000 7.793675e+03 
2791450000 7.809250e+03 
2793600000 7.810650e+03 
2795750000 7.797625e+03 
2797900000 7.795100e+03 
2.800050e+09 7.806775e+03 
2802200000 7.793500e+03 
2804350000 7.799300e+03 
2806500000 7.772350e+03 
2808650000 7.800500e+03 
2810800000 7797 
2812950000 7.833375e+03 
2815100000 7.807575e+03 
2817250000 7.799500e+03 
2819400000 7.808025e+03 
2821550000 7.835625e+03 
2823700000 7.796400e+03 
2825850000 7.796700e+03 
2828000000 7.811650e+03 
2.830150e+09 7.788800e+03 
2832300000 7.795575e+03 
2834450000 7.805650e+03 
2836600000 7.808125e+03 
2838750000 7.796925e+03 
2840900000 7.791025e+03 
2843050000 7797 
2845200000 7.810800e+03 
2847350000 7.830325e+03 
2849500000 7.801625e+03 
2851650000 7.794675e+03 
2853800000 7.810875e+03 
2855950000 7.808400e+03 
2858100000 7.807775e+03 
2.860250e+09 7.789650e+03 
2862400000 7.796175e+03 
2864550000 7.830050e+03 
2866700000 7.795750e+03 
2868850000 7.800125e+03 
2871000000 7.813525e+03 
2873150000 7.795600e+03 
2875300000 7.806125e+03 
2877450000 7.816375e+03 
2879600000 7.795500e+03 
2881750000 7.810850e+03 
2883900000 7.798875e+03 
2886050000 7.789900e+03 
2888200000 7.817425e+03 
2.890350e+09 7.811300e+03 
2892500000 7.796725e+03 
2894650000 7.789050e+03 
2896800000 7.796775e+03 
2898950000 7.818775e+03 
2901100000 7.799175e+03 
2903250000 7.830075e+03 
2905400000 7.813075e+03 
2907550000 7.826900e+03 
2909700000 7.818325e+03 
2911850000 7.797425e+03 
2914000000 7.801750e+03 
2916150000 7.815425e+03 
2918300000 7.799875e+03 
2920450000 7.801500e+03 
2922600000 7.808025e+03 
2924750000 7.804150e+03 
2926900000 7.812175e+03 
2929050000 7.816900e+03 
2931200000 7.777525e+03 
2933350000 7798 
2935500000 7.821300e+03 
2937650000 7.809350e+03 
2939800000 7.787200e+03 
2941950000 7.826100e+03 
2.944100e+09 7.813900e+03 
2946250000 7.807550e+03 
2948400000 7.807950e+03 
2950550000 7.812475e+03 
2952700000 7.808525e+03 
2954850000 7.794725e+03 
2957000000 7.800075e+03 
2959150000 7.790875e+03 
2961300000 7.805975e+03 
2963450000 7.817350e+03 
2965600000 7823 
2967750000 7.812625e+03 
2969900000 7.805750e+03 
2972050000 7.806950e+03 
2974200000 7797 
2976350000 7.805200e+03 
2978500000 7.813925e+03 
2980650000 7.780500e+03 
2982800000 7.788425e+03 
2984950000 7.799975e+03 
2987100000 7.806575e+03 
2989250000 7.794775e+03 
2991400000 7.790850e+03 
2993550000 7.808975e+03 
2995700000 7.803250e+03 
2997850000 7.787225e+03 
3000000000 7.792200e+03 

END
