IGOR
WAVES/D/O sweep,sig(1) 
BEGIN
2570000000 7.994725e+03 
2.572150e+09 8.010425e+03 
2574300000 8.059950e+03 
2576450000 8.020150e+03 
2578600000 8.029125e+03 
2.580750e+09 8.005500e+03 
2582900000 8.027100e+03 
2585050000 8.018925e+03 
2.587200e+09 8.024675e+03 
2589350000 8.012875e+03 
2591500000 8.007625e+03 
2593650000 8.022950e+03 
2.595800e+09 8.008325e+03 
2597950000 8.017700e+03 
2600100000 8.027850e+03 
2.602250e+09 8.015425e+03 
2604400000 7.990025e+03 
2606550000 8.031875e+03 
2608700000 8.018675e+03 
2.610850e+09 8.034175e+03 
2613000000 8.009400e+03 
2615150000 8.025200e+03 
2.617300e+09 8.011950e+03 
2619450000 8.028075e+03 
2621600000 8015 
2623750000 7.995450e+03 
2.625900e+09 8.013450e+03 
2628050000 8.016775e+03 
2630200000 7.982225e+03 
2.632350e+09 7.965850e+03 
2634500000 7.984500e+03 
2636650000 7.962050e+03 
2638800000 7.972975e+03 
2.640950e+09 7.955200e+03 
2643100000 7.995325e+03 
2645250000 7.981275e+03 
2.647400e+09 7.988875e+03 
2649550000 7992 
2651700000 8.001200e+03 
2653850000 8.022825e+03 
2.656000e+09 7.987950e+03 
2658150000 8.002250e+03 
2660300000 7.977500e+03 
2.662450e+09 7.967275e+03 
2664600000 7.952500e+03 
2666750000 7.928025e+03 
2668900000 7.925100e+03 
2.671050e+09 7.951250e+03 
2673200000 7.912225e+03 
2675350000 7.929050e+03 
2677500000 7.959350e+03 
2679650000 7.968450e+03 
2681800000 7.990375e+03 
2683950000 7.999725e+03 
2.686100e+09 8.014675e+03 
2688250000 7.982075e+03 
2690400000 8.013550e+03 
2692550000 7.994825e+03 
2694700000 8.006975e+03 
2696850000 7.973700e+03 
2699000000 7.977450e+03 
2.701150e+09 7.939500e+03 
2703300000 7.941175e+03 
2705450000 7.939350e+03 
2707600000 7.955175e+03 
2.709750e+09 7.926325e+03 
2711900000 7.945625e+03 
2714050000 7.953700e+03 
2.716200e+09 7.971325e+03 
2718350000 7976 
2720500000 7.980800e+03 
2722650000 7.963025e+03 
2724800000 7.956975e+03 
2726950000 7.987400e+03 
2729100000 7.991900e+03 
2.731250e+09 8.021775e+03 
2733400000 7.991125e+03 
2735550000 7.969975e+03 
2737700000 7.951225e+03 
2.739850e+09 7.978400e+03 
2742000000 7.970425e+03 
2744150000 7.949875e+03 
2.746300e+09 7.976875e+03 
2748450000 7.987550e+03 
2750600000 7.995275e+03 
2752750000 7.978300e+03 
2754900000 7.991400e+03 
2757050000 7.990075e+03 
2759200000 7.993875e+03 
2.761350e+09 7.991025e+03 
2763500000 7.996300e+03 
2765650000 7.982950e+03 
2767800000 8.006750e+03 
2.769950e+09 7.996650e+03 
2772100000 7.965700e+03 
2774250000 7.985950e+03 
2.776400e+09 8.008525e+03 
2778550000 7.992650e+03 
2780700000 7.983900e+03 
2782850000 7.991150e+03 
2785000000 7.993075e+03 
2787150000 7.975075e+03 
2789300000 7.985200e+03 
2791450000 7.979425e+03 
2793600000 7.983825e+03 
2795750000 7.988600e+03 
2797900000 7.976225e+03 
2.800050e+09 7958 
2802200000 7.980875e+03 
2804350000 7.964275e+03 
2806500000 7.980625e+03 
2808650000 7.976800e+03 
2810800000 7.968150e+03 
2812950000 7.993175e+03 
2815100000 8.003350e+03 
2817250000 7.944500e+03 
2819400000 8.010025e+03 
2821550000 8.013175e+03 
2823700000 7.964300e+03 
2825850000 7.990875e+03 
2828000000 7.991250e+03 
2.830150e+09 7.984775e+03 
2832300000 7.965325e+03 
2834450000 7.980125e+03 
2836600000 7.969200e+03 
2838750000 7.966100e+03 
2840900000 7.973125e+03 
2843050000 7.970950e+03 
2845200000 7.957825e+03 
2847350000 7.991925e+03 
2849500000 7.989550e+03 
2851650000 7.970825e+03 
2853800000 8.000200e+03 
2855950000 7.994600e+03 
2858100000 7.978750e+03 
2.860250e+09 7.972125e+03 
2862400000 7.978450e+03 
2864550000 7.962125e+03 
2866700000 8.006525e+03 
2868850000 7.968125e+03 
2871000000 7.977200e+03 
2873150000 7.976100e+03 
2875300000 7.974700e+03 
2877450000 7.972125e+03 
2879600000 7.983525e+03 
2881750000 7.973975e+03 
2883900000 7.987375e+03 
2886050000 7.964900e+03 
2888200000 7.960925e+03 
2.890350e+09 7.969675e+03 
2892500000 7.990050e+03 
2894650000 7.964350e+03 
2896800000 7.964800e+03 
2898950000 7.967425e+03 
2901100000 7.972900e+03 
2903250000 7.968825e+03 
2905400000 7.968650e+03 
2907550000 7.967900e+03 
2909700000 7.968900e+03 
2911850000 7.968625e+03 
2914000000 7.955050e+03 
2916150000 7.959125e+03 
2918300000 7.991900e+03 
2920450000 7.974450e+03 
2922600000 7.960650e+03 
2924750000 7.935325e+03 
2926900000 7.975400e+03 
2929050000 7.981200e+03 
2931200000 7.961750e+03 
2933350000 8010 
2935500000 7.997500e+03 
2937650000 7.955625e+03 
2939800000 7.967375e+03 
2941950000 7.970125e+03 
2.944100e+09 8.003575e+03 
2946250000 7.977050e+03 
2948400000 7.988950e+03 
2950550000 7.947050e+03 
2952700000 7.966475e+03 
2954850000 7.979375e+03 
2957000000 7.959425e+03 
2959150000 7.963100e+03 
2961300000 7.968850e+03 
2963450000 7.970125e+03 
2965600000 7.931400e+03 
2967750000 7.956025e+03 
2969900000 7.986525e+03 
2972050000 7.968100e+03 
2974200000 7.956725e+03 
2976350000 7.968200e+03 
2978500000 7.975475e+03 
2980650000 7.967550e+03 
2982800000 7.959725e+03 
2984950000 7.957800e+03 
2987100000 7.971475e+03 
2989250000 7.981925e+03 
2991400000 7.985375e+03 
2993550000 7.998150e+03 
2995700000 7.953925e+03 
2997850000 7.964275e+03 
3000000000 7.963575e+03 

END
