IGOR
WAVES/D/O sweep,sig(1) 
BEGIN
2570000000 7.900400e+03 
2.572150e+09 7.887400e+03 
2574300000 7.892650e+03 
2576450000 7.887875e+03 
2578600000 7.900425e+03 
2.580750e+09 7.898925e+03 
2582900000 7.893700e+03 
2585050000 7.882975e+03 
2.587200e+09 7.863700e+03 
2589350000 7.896200e+03 
2591500000 7.899925e+03 
2593650000 7.897275e+03 
2.595800e+09 7.901475e+03 
2597950000 7.876400e+03 
2600100000 7.871725e+03 
2.602250e+09 7.869075e+03 
2604400000 7.882400e+03 
2606550000 7.900175e+03 
2608700000 7.880100e+03 
2.610850e+09 7.901075e+03 
2613000000 7.892425e+03 
2615150000 7.908375e+03 
2.617300e+09 7.873400e+03 
2619450000 7.881475e+03 
2621600000 7.896425e+03 
2623750000 7.899700e+03 
2.625900e+09 7.887750e+03 
2628050000 7.875050e+03 
2630200000 7.881050e+03 
2.632350e+09 7876 
2634500000 7.867825e+03 
2636650000 7.839625e+03 
2638800000 7.885050e+03 
2.640950e+09 7.851050e+03 
2643100000 7.852600e+03 
2645250000 7.844775e+03 
2.647400e+09 7.857550e+03 
2649550000 7.883550e+03 
2651700000 7.889900e+03 
2653850000 7.900825e+03 
2.656000e+09 7.909675e+03 
2658150000 7.879550e+03 
2660300000 7.870825e+03 
2.662450e+09 7.852275e+03 
2664600000 7.816025e+03 
2666750000 7.838300e+03 
2668900000 7.819025e+03 
2.671050e+09 7.788850e+03 
2673200000 7.823025e+03 
2675350000 7.823550e+03 
2677500000 7.850500e+03 
2679650000 7.874350e+03 
2681800000 7.889500e+03 
2683950000 7.883925e+03 
2.686100e+09 7881 
2688250000 7.907150e+03 
2690400000 7.882325e+03 
2692550000 7.909050e+03 
2694700000 7.877075e+03 
2696850000 7.871175e+03 
2699000000 7.864350e+03 
2.701150e+09 7.865600e+03 
2703300000 7.826850e+03 
2705450000 7.833425e+03 
2707600000 7.816175e+03 
2.709750e+09 7.824500e+03 
2711900000 7.821875e+03 
2714050000 7.826350e+03 
2.716200e+09 7.870175e+03 
2718350000 7.854325e+03 
2720500000 7.886325e+03 
2722650000 7.886300e+03 
2724800000 7.886850e+03 
2726950000 7.880875e+03 
2729100000 7.882200e+03 
2.731250e+09 7.867725e+03 
2733400000 7.870450e+03 
2735550000 7.876075e+03 
2737700000 7.851075e+03 
2.739850e+09 7.864100e+03 
2742000000 7.858675e+03 
2744150000 7.863050e+03 
2.746300e+09 7.904625e+03 
2748450000 7.887850e+03 
2750600000 7.893975e+03 
2752750000 7.911625e+03 
2754900000 7.883125e+03 
2757050000 7899 
2759200000 7.885100e+03 
2.761350e+09 7.878025e+03 
2763500000 7.885450e+03 
2765650000 7.923200e+03 
2767800000 7.905025e+03 
2.769950e+09 7.895325e+03 
2772100000 7.906975e+03 
2774250000 7.935875e+03 
2.776400e+09 7.882950e+03 
2778550000 7.895150e+03 
2780700000 7.882300e+03 
2782850000 7.890125e+03 
2785000000 7.911075e+03 
2787150000 7.909300e+03 
2789300000 7.894525e+03 
2791450000 7.884575e+03 
2793600000 7.879750e+03 
2795750000 7.904400e+03 
2797900000 7.891900e+03 
2.800050e+09 7.903200e+03 
2802200000 7.889375e+03 
2804350000 7.891750e+03 
2806500000 7.890700e+03 
2808650000 7.910725e+03 
2810800000 7.899300e+03 
2812950000 7.886800e+03 
2815100000 7.886200e+03 
2817250000 7.890575e+03 
2819400000 7.891500e+03 
2821550000 7.888900e+03 
2823700000 7.884375e+03 
2825850000 7.913900e+03 
2828000000 7.886175e+03 
2.830150e+09 7.897025e+03 
2832300000 7.895225e+03 
2834450000 7.893850e+03 
2836600000 7.897150e+03 
2838750000 7.895850e+03 
2840900000 7.891425e+03 
2843050000 7.902200e+03 
2845200000 7.922125e+03 
2847350000 7.905125e+03 
2849500000 7.896625e+03 
2851650000 7.900300e+03 
2853800000 7.874725e+03 
2855950000 7.879575e+03 
2858100000 7.893925e+03 
2.860250e+09 7.913575e+03 
2862400000 7.927475e+03 
2864550000 7.889550e+03 
2866700000 7.907400e+03 
2868850000 7.903125e+03 
2871000000 7.878350e+03 
2873150000 7.898500e+03 
2875300000 7.900925e+03 
2877450000 7.886275e+03 
2879600000 7.910225e+03 
2881750000 7.886075e+03 
2883900000 7.896800e+03 
2886050000 7.869350e+03 
2888200000 7.904475e+03 
2.890350e+09 7.897150e+03 
2892500000 7.895850e+03 
2894650000 7.925725e+03 
2896800000 7.903325e+03 
2898950000 7.914100e+03 
2901100000 7.902200e+03 
2903250000 7.918950e+03 
2905400000 7.917875e+03 
2907550000 7.898825e+03 
2909700000 7.909275e+03 
2911850000 7.898550e+03 
2914000000 7.921550e+03 
2916150000 7.922300e+03 
2918300000 7.898500e+03 
2920450000 7.906150e+03 
2922600000 7.888800e+03 
2924750000 7.902025e+03 
2926900000 7.936475e+03 
2929050000 7.923375e+03 
2931200000 7.894025e+03 
2933350000 7.912725e+03 
2935500000 7.927350e+03 
2937650000 7.937375e+03 
2939800000 7.926600e+03 
2941950000 7.909850e+03 
2.944100e+09 7.893575e+03 
2946250000 7.897050e+03 
2948400000 7.909875e+03 
2950550000 7.895975e+03 
2952700000 7.904875e+03 
2954850000 7.906975e+03 
2957000000 7.920100e+03 
2959150000 7.930250e+03 
2961300000 7.890500e+03 
2963450000 7.897875e+03 
2965600000 7.903600e+03 
2967750000 7.904700e+03 
2969900000 7.906225e+03 
2972050000 7.930225e+03 
2974200000 7.906150e+03 
2976350000 7.912775e+03 
2978500000 7.927600e+03 
2980650000 7.905825e+03 
2982800000 7.906675e+03 
2984950000 7.922750e+03 
2987100000 7.914700e+03 
2989250000 7.931575e+03 
2991400000 7.915625e+03 
2993550000 7.913125e+03 
2995700000 7.904125e+03 
2997850000 7.938975e+03 
3000000000 7.906825e+03 

END
