IGOR
WAVES/D/O sweep,sig(1) 
BEGIN
2570000000 8.017775e+03 
2.572150e+09 8.015025e+03 
2574300000 7.992450e+03 
2576450000 8.005075e+03 
2578600000 8.006825e+03 
2.580750e+09 7.991975e+03 
2582900000 8.011500e+03 
2585050000 7.998450e+03 
2.587200e+09 8.029400e+03 
2589350000 8.038750e+03 
2591500000 8.011050e+03 
2593650000 8.020100e+03 
2.595800e+09 7.996200e+03 
2597950000 8.016050e+03 
2600100000 8.008525e+03 
2.602250e+09 7.984575e+03 
2604400000 8.010525e+03 
2606550000 7.986525e+03 
2608700000 8.024350e+03 
2.610850e+09 8.038800e+03 
2613000000 8.032875e+03 
2615150000 7998 
2.617300e+09 7.982300e+03 
2619450000 7.997600e+03 
2621600000 8.024925e+03 
2623750000 8011 
2.625900e+09 8.007375e+03 
2628050000 8.002300e+03 
2630200000 7.975450e+03 
2.632350e+09 7.984300e+03 
2634500000 7.971775e+03 
2636650000 7.970350e+03 
2638800000 7.963125e+03 
2.640950e+09 7.953100e+03 
2643100000 7.964950e+03 
2645250000 7.980975e+03 
2.647400e+09 7.979275e+03 
2649550000 8.006375e+03 
2651700000 7.987350e+03 
2653850000 7.984025e+03 
2.656000e+09 7.990700e+03 
2658150000 8.005175e+03 
2660300000 7.986225e+03 
2.662450e+09 7.973275e+03 
2664600000 7.952675e+03 
2666750000 7.959025e+03 
2668900000 7.941375e+03 
2.671050e+09 7.913650e+03 
2673200000 7.927625e+03 
2675350000 7.943275e+03 
2677500000 7.964400e+03 
2679650000 7.961475e+03 
2681800000 7.990975e+03 
2683950000 7.962450e+03 
2.686100e+09 8.000650e+03 
2688250000 8.003675e+03 
2690400000 8.013725e+03 
2692550000 7.982200e+03 
2694700000 7.990125e+03 
2696850000 7.974800e+03 
2699000000 7.970525e+03 
2.701150e+09 7.945525e+03 
2703300000 7.953750e+03 
2705450000 7.935275e+03 
2707600000 7.923150e+03 
2.709750e+09 7.929100e+03 
2711900000 7.945150e+03 
2714050000 7.950725e+03 
2.716200e+09 7.982900e+03 
2718350000 7.987675e+03 
2720500000 7.989725e+03 
2722650000 7.975250e+03 
2724800000 7.972900e+03 
2726950000 7.977900e+03 
2729100000 7.984100e+03 
2.731250e+09 7.967500e+03 
2733400000 7.944350e+03 
2735550000 7.975900e+03 
2737700000 7.956525e+03 
2.739850e+09 7.937850e+03 
2742000000 7.967825e+03 
2744150000 7.980550e+03 
2.746300e+09 7.981175e+03 
2748450000 7.970650e+03 
2750600000 7.994400e+03 
2752750000 7.994650e+03 
2754900000 7.983800e+03 
2757050000 7.993650e+03 
2759200000 7.989100e+03 
2.761350e+09 7.987450e+03 
2763500000 7.977625e+03 
2765650000 7.981900e+03 
2767800000 7.997225e+03 
2.769950e+09 7.992900e+03 
2772100000 8.003125e+03 
2774250000 7.996825e+03 
2.776400e+09 7.982225e+03 
2778550000 8.009325e+03 
2780700000 8.000300e+03 
2782850000 8.004200e+03 
2785000000 8.007425e+03 
2787150000 8.015100e+03 
2789300000 8.008550e+03 
2791450000 7.991075e+03 
2793600000 8.024750e+03 
2795750000 8.006250e+03 
2797900000 7.992800e+03 
2.800050e+09 8.022250e+03 
2802200000 8.016050e+03 
2804350000 8.002800e+03 
2806500000 8.020525e+03 
2808650000 7.980400e+03 
2810800000 7.992275e+03 
2812950000 8.018475e+03 
2815100000 8.022475e+03 
2817250000 7.989450e+03 
2819400000 7.995650e+03 
2821550000 7991 
2823700000 8.016250e+03 
2825850000 7.984975e+03 
2828000000 8.014100e+03 
2.830150e+09 7.969275e+03 
2832300000 7.987800e+03 
2834450000 8.007375e+03 
2836600000 8.000725e+03 
2838750000 8.023975e+03 
2840900000 8.005975e+03 
2843050000 8.005675e+03 
2845200000 8.018525e+03 
2847350000 8.018900e+03 
2849500000 7.978600e+03 
2851650000 8.018150e+03 
2853800000 7.998575e+03 
2855950000 8.006500e+03 
2858100000 8.009850e+03 
2.860250e+09 8.012350e+03 
2862400000 8.000675e+03 
2864550000 8.010850e+03 
2866700000 8.020575e+03 
2868850000 8.018250e+03 
2871000000 8.003050e+03 
2873150000 8.005550e+03 
2875300000 7.995400e+03 
2877450000 8.005100e+03 
2879600000 7.991075e+03 
2881750000 8.016500e+03 
2883900000 7.987250e+03 
2886050000 8.025075e+03 
2888200000 8.003575e+03 
2.890350e+09 7.988075e+03 
2892500000 8.013225e+03 
2894650000 7.990550e+03 
2896800000 8.004375e+03 
2898950000 8.032550e+03 
2901100000 7.996775e+03 
2903250000 8.018075e+03 
2905400000 8.013975e+03 
2907550000 8.019125e+03 
2909700000 8.009625e+03 
2911850000 7.983750e+03 
2914000000 8.017100e+03 
2916150000 7.995825e+03 
2918300000 7.997375e+03 
2920450000 7995 
2922600000 8.019825e+03 
2924750000 7.992350e+03 
2926900000 7.975400e+03 
2929050000 7.987450e+03 
2931200000 8.019425e+03 
2933350000 7.996475e+03 
2935500000 7.994475e+03 
2937650000 8.010925e+03 
2939800000 8.030325e+03 
2941950000 8.003175e+03 
2.944100e+09 8.005575e+03 
2946250000 8.007575e+03 
2948400000 8.014225e+03 
2950550000 8.012025e+03 
2952700000 7.991775e+03 
2954850000 8.014775e+03 
2957000000 8.026075e+03 
2959150000 8.020250e+03 
2961300000 8.031275e+03 
2963450000 8.012200e+03 
2965600000 8.017525e+03 
2967750000 8.023450e+03 
2969900000 8.044750e+03 
2972050000 8.015250e+03 
2974200000 8.022800e+03 
2976350000 8.038725e+03 
2978500000 8.027700e+03 
2980650000 8.011075e+03 
2982800000 8.022250e+03 
2984950000 8.023600e+03 
2987100000 8.022550e+03 
2989250000 8.006525e+03 
2991400000 8.016500e+03 
2993550000 8.013075e+03 
2995700000 8.006750e+03 
2997850000 8.018125e+03 
3000000000 8.024150e+03 

END
