IGOR
WAVES/D/O sweep,sig(1) 
BEGIN
2570000000 8.157375e+03 
2.572150e+09 8.213075e+03 
2574300000 8.189300e+03 
2576450000 8.203225e+03 
2578600000 8.179275e+03 
2.580750e+09 8.203875e+03 
2582900000 8.203825e+03 
2585050000 8.177025e+03 
2.587200e+09 8.177025e+03 
2589350000 8.201025e+03 
2591500000 8.187100e+03 
2593650000 8.201750e+03 
2.595800e+09 8.169250e+03 
2597950000 8.202850e+03 
2600100000 8.171100e+03 
2.602250e+09 8.179475e+03 
2604400000 8.172800e+03 
2606550000 8.177925e+03 
2608700000 8.191325e+03 
2.610850e+09 8.181650e+03 
2613000000 8.171275e+03 
2615150000 8.166100e+03 
2.617300e+09 8.185550e+03 
2619450000 8.174775e+03 
2621600000 8.191750e+03 
2623750000 8.198675e+03 
2.625900e+09 8.190100e+03 
2628050000 8.178200e+03 
2630200000 8164 
2.632350e+09 8.134500e+03 
2634500000 8.135900e+03 
2636650000 8.141775e+03 
2638800000 8.161550e+03 
2.640950e+09 8.145200e+03 
2643100000 8.131400e+03 
2645250000 8.148350e+03 
2.647400e+09 8.150550e+03 
2649550000 8.205650e+03 
2651700000 8.194925e+03 
2653850000 8.165175e+03 
2.656000e+09 8.185850e+03 
2658150000 8.168875e+03 
2660300000 8.179750e+03 
2.662450e+09 8.154625e+03 
2664600000 8.123475e+03 
2666750000 8.135225e+03 
2668900000 8.119925e+03 
2.671050e+09 8.097150e+03 
2673200000 8.098025e+03 
2675350000 8.132525e+03 
2677500000 8.132850e+03 
2679650000 8.165425e+03 
2681800000 8.178925e+03 
2683950000 8.164600e+03 
2.686100e+09 8.194950e+03 
2688250000 8.189900e+03 
2690400000 8.178050e+03 
2692550000 8.183950e+03 
2694700000 8.193250e+03 
2696850000 8.190750e+03 
2699000000 8.173450e+03 
2.701150e+09 8.145750e+03 
2703300000 8.106775e+03 
2705450000 8.135175e+03 
2707600000 8.106950e+03 
2.709750e+09 8.114550e+03 
2711900000 8.142575e+03 
2714050000 8.132350e+03 
2.716200e+09 8.158675e+03 
2718350000 8.176050e+03 
2720500000 8.188700e+03 
2722650000 8.182400e+03 
2724800000 8.182050e+03 
2726950000 8.172375e+03 
2729100000 8159 
2.731250e+09 8.187950e+03 
2733400000 8.178025e+03 
2735550000 8.166825e+03 
2737700000 8.152800e+03 
2.739850e+09 8.173950e+03 
2742000000 8.158200e+03 
2744150000 8.185450e+03 
2.746300e+09 8.196025e+03 
2748450000 8.166875e+03 
2750600000 8.178750e+03 
2752750000 8.198725e+03 
2754900000 8.190600e+03 
2757050000 8.181075e+03 
2759200000 8.193550e+03 
2.761350e+09 8.198525e+03 
2763500000 8.207275e+03 
2765650000 8.199225e+03 
2767800000 8.218500e+03 
2.769950e+09 8.191350e+03 
2772100000 8.197400e+03 
2774250000 8.189300e+03 
2.776400e+09 8.200150e+03 
2778550000 8.198650e+03 
2780700000 8.193425e+03 
2782850000 8.185650e+03 
2785000000 8.200725e+03 
2787150000 8.185650e+03 
2789300000 8.178925e+03 
2791450000 8.178525e+03 
2793600000 8.195525e+03 
2795750000 8.195075e+03 
2797900000 8.192250e+03 
2.800050e+09 8.199950e+03 
2802200000 8.186650e+03 
2804350000 8.191025e+03 
2806500000 8.219050e+03 
2808650000 8.210600e+03 
2810800000 8.192550e+03 
2812950000 8.183525e+03 
2815100000 8.186725e+03 
2817250000 8.179525e+03 
2819400000 8.182425e+03 
2821550000 8.209825e+03 
2823700000 8.185300e+03 
2825850000 8.204975e+03 
2828000000 8.196950e+03 
2.830150e+09 8.199250e+03 
2832300000 8.211275e+03 
2834450000 8.216525e+03 
2836600000 8.213925e+03 
2838750000 8.197800e+03 
2840900000 8.221350e+03 
2843050000 8.209700e+03 
2845200000 8.206150e+03 
2847350000 8.201275e+03 
2849500000 8.204475e+03 
2851650000 8.189700e+03 
2853800000 8.216300e+03 
2855950000 8.198600e+03 
2858100000 8.204925e+03 
2.860250e+09 8.195725e+03 
2862400000 8.210325e+03 
2864550000 8.194050e+03 
2866700000 8.202125e+03 
2868850000 8.170175e+03 
2871000000 8.205450e+03 
2873150000 8.194300e+03 
2875300000 8.198025e+03 
2877450000 8.183075e+03 
2879600000 8.199225e+03 
2881750000 8.200200e+03 
2883900000 8.212725e+03 
2886050000 8.207975e+03 
2888200000 8.221650e+03 
2.890350e+09 8.221750e+03 
2892500000 8.217925e+03 
2894650000 8.182300e+03 
2896800000 8.200950e+03 
2898950000 8.210300e+03 
2901100000 8.201100e+03 
2903250000 8.192675e+03 
2905400000 8.227250e+03 
2907550000 8.213650e+03 
2909700000 8.193550e+03 
2911850000 8.194425e+03 
2914000000 8.203950e+03 
2916150000 8.215475e+03 
2918300000 8.211825e+03 
2920450000 8.206350e+03 
2922600000 8.202600e+03 
2924750000 8.193225e+03 
2926900000 8.198500e+03 
2929050000 8.212175e+03 
2931200000 8.197975e+03 
2933350000 8.213150e+03 
2935500000 8.221700e+03 
2937650000 8.209475e+03 
2939800000 8.212525e+03 
2941950000 8.196450e+03 
2.944100e+09 8.200625e+03 
2946250000 8.206250e+03 
2948400000 8.210575e+03 
2950550000 8.191750e+03 
2952700000 8.199650e+03 
2954850000 8.194950e+03 
2957000000 8.209875e+03 
2959150000 8.203675e+03 
2961300000 8.180150e+03 
2963450000 8.209725e+03 
2965600000 8.172500e+03 
2967750000 8.212875e+03 
2969900000 8.204475e+03 
2972050000 8.211350e+03 
2974200000 8.210375e+03 
2976350000 8.201075e+03 
2978500000 8.231475e+03 
2980650000 8.226625e+03 
2982800000 8.191075e+03 
2984950000 8.201825e+03 
2987100000 8.189875e+03 
2989250000 8.208300e+03 
2991400000 8.194150e+03 
2993550000 8.189650e+03 
2995700000 8.198300e+03 
2997850000 8.207400e+03 
3000000000 8.194825e+03 

END
