IGOR
WAVES/D/O sweep,sig(1) 
BEGIN
2570000000 8.227450e+03 
2.572150e+09 8.234275e+03 
2574300000 8.245675e+03 
2576450000 8.225825e+03 
2578600000 8.250100e+03 
2.580750e+09 8.228225e+03 
2582900000 8.246650e+03 
2585050000 8.235800e+03 
2.587200e+09 8.245900e+03 
2589350000 8.246400e+03 
2591500000 8.250600e+03 
2593650000 8.263975e+03 
2.595800e+09 8.245750e+03 
2597950000 8.250925e+03 
2600100000 8.248950e+03 
2.602250e+09 8.229950e+03 
2604400000 8.240325e+03 
2606550000 8.242675e+03 
2608700000 8.221675e+03 
2.610850e+09 8.252375e+03 
2613000000 8.263475e+03 
2615150000 8.239375e+03 
2.617300e+09 8.246525e+03 
2619450000 8.237150e+03 
2621600000 8.232575e+03 
2623750000 8.243125e+03 
2.625900e+09 8.254750e+03 
2628050000 8.230050e+03 
2630200000 8.195825e+03 
2.632350e+09 8.193625e+03 
2634500000 8.212350e+03 
2636650000 8.212125e+03 
2638800000 8.199700e+03 
2.640950e+09 8.184325e+03 
2643100000 8.209650e+03 
2645250000 8.232600e+03 
2.647400e+09 8.237075e+03 
2649550000 8.235750e+03 
2651700000 8.237400e+03 
2653850000 8.239975e+03 
2.656000e+09 8.231750e+03 
2658150000 8.250500e+03 
2660300000 8.208850e+03 
2.662450e+09 8.214800e+03 
2664600000 8.182650e+03 
2666750000 8.187075e+03 
2668900000 8.171375e+03 
2.671050e+09 8.173500e+03 
2673200000 8.159150e+03 
2675350000 8.183775e+03 
2677500000 8.215975e+03 
2679650000 8.238725e+03 
2681800000 8.239950e+03 
2683950000 8.234700e+03 
2.686100e+09 8.249925e+03 
2688250000 8.272950e+03 
2690400000 8.263650e+03 
2692550000 8.230675e+03 
2694700000 8.243225e+03 
2696850000 8.252900e+03 
2699000000 8.227500e+03 
2.701150e+09 8.192125e+03 
2703300000 8.172175e+03 
2705450000 8.152175e+03 
2707600000 8.171225e+03 
2.709750e+09 8.187025e+03 
2711900000 8.176300e+03 
2714050000 8198 
2.716200e+09 8.202750e+03 
2718350000 8.209275e+03 
2720500000 8.225150e+03 
2722650000 8.262675e+03 
2724800000 8.231275e+03 
2726950000 8.233150e+03 
2729100000 8.240500e+03 
2.731250e+09 8.204850e+03 
2733400000 8.211425e+03 
2735550000 8.196550e+03 
2737700000 8.194350e+03 
2.739850e+09 8.210800e+03 
2742000000 8.213900e+03 
2744150000 8.217200e+03 
2.746300e+09 8.219050e+03 
2748450000 8.240100e+03 
2750600000 8.256225e+03 
2752750000 8.217850e+03 
2754900000 8.233650e+03 
2757050000 8.237575e+03 
2759200000 8.249300e+03 
2.761350e+09 8.236475e+03 
2763500000 8.257200e+03 
2765650000 8.247350e+03 
2767800000 8.245075e+03 
2.769950e+09 8.250850e+03 
2772100000 8.262075e+03 
2774250000 8.248650e+03 
2.776400e+09 8.244375e+03 
2778550000 8.249500e+03 
2780700000 8.226450e+03 
2782850000 8.243550e+03 
2785000000 8.245675e+03 
2787150000 8.239600e+03 
2789300000 8.236525e+03 
2791450000 8.207575e+03 
2793600000 8.269025e+03 
2795750000 8.229750e+03 
2797900000 8.227450e+03 
2.800050e+09 8.219575e+03 
2802200000 8.242500e+03 
2804350000 8.243150e+03 
2806500000 8.224925e+03 
2808650000 8.245825e+03 
2810800000 8.240425e+03 
2812950000 8.231650e+03 
2815100000 8.261825e+03 
2817250000 8.232500e+03 
2819400000 8.225500e+03 
2821550000 8.249125e+03 
2823700000 8.210150e+03 
2825850000 8.258675e+03 
2828000000 8.252275e+03 
2.830150e+09 8.264250e+03 
2832300000 8.233750e+03 
2834450000 8.247550e+03 
2836600000 8.241425e+03 
2838750000 8.227250e+03 
2840900000 8.244100e+03 
2843050000 8.233250e+03 
2845200000 8.242975e+03 
2847350000 8.223775e+03 
2849500000 8.218400e+03 
2851650000 8.221875e+03 
2853800000 8.232850e+03 
2855950000 8.244850e+03 
2858100000 8.225800e+03 
2.860250e+09 8.232025e+03 
2862400000 8219 
2864550000 8.221950e+03 
2866700000 8.240575e+03 
2868850000 8.216750e+03 
2871000000 8.243350e+03 
2873150000 8.217200e+03 
2875300000 8.223325e+03 
2877450000 8.233825e+03 
2879600000 8.235925e+03 
2881750000 8.250025e+03 
2883900000 8.261025e+03 
2886050000 8.222375e+03 
2888200000 8.244975e+03 
2.890350e+09 8.247600e+03 
2892500000 8.234125e+03 
2894650000 8.231950e+03 
2896800000 8.223700e+03 
2898950000 8.243100e+03 
2901100000 8.227950e+03 
2903250000 8.217175e+03 
2905400000 8.231850e+03 
2907550000 8.252175e+03 
2909700000 8.246075e+03 
2911850000 8.220175e+03 
2914000000 8.238425e+03 
2916150000 8.259350e+03 
2918300000 8.236725e+03 
2920450000 8.227775e+03 
2922600000 8.219550e+03 
2924750000 8.234875e+03 
2926900000 8.240750e+03 
2929050000 8.234400e+03 
2931200000 8.211925e+03 
2933350000 8.243950e+03 
2935500000 8.228250e+03 
2937650000 8.215700e+03 
2939800000 8.215525e+03 
2941950000 8.219475e+03 
2.944100e+09 8.228400e+03 
2946250000 8.245175e+03 
2948400000 8.226975e+03 
2950550000 8.224400e+03 
2952700000 8.241175e+03 
2954850000 8.223400e+03 
2957000000 8.241700e+03 
2959150000 8.217850e+03 
2961300000 8.218050e+03 
2963450000 8.220400e+03 
2965600000 8.236250e+03 
2967750000 8.219600e+03 
2969900000 8.220675e+03 
2972050000 8.257450e+03 
2974200000 8.209575e+03 
2976350000 8.210500e+03 
2978500000 8.240800e+03 
2980650000 8.252400e+03 
2982800000 8.213975e+03 
2984950000 8.227450e+03 
2987100000 8.236650e+03 
2989250000 8.243550e+03 
2991400000 8.203400e+03 
2993550000 8.242025e+03 
2995700000 8.231825e+03 
2997850000 8.222325e+03 
3000000000 8.248525e+03 

END
