IGOR
WAVES/D/O sweep,sig(1) 
BEGIN
2570000000 8.140725e+03 
2.572150e+09 8.144300e+03 
2574300000 8.144125e+03 
2576450000 8.130200e+03 
2578600000 8.132175e+03 
2.580750e+09 8.143575e+03 
2582900000 8145 
2585050000 8.132875e+03 
2.587200e+09 8.153850e+03 
2589350000 8.137700e+03 
2591500000 8.141325e+03 
2593650000 8.170800e+03 
2.595800e+09 8.162150e+03 
2597950000 8.138600e+03 
2600100000 8.124275e+03 
2.602250e+09 8.138050e+03 
2604400000 8.138725e+03 
2606550000 8.137200e+03 
2608700000 8.138550e+03 
2.610850e+09 8.146350e+03 
2613000000 8.145700e+03 
2615150000 8.150050e+03 
2.617300e+09 8.138325e+03 
2619450000 8.161300e+03 
2621600000 8.155375e+03 
2623750000 8.138650e+03 
2.625900e+09 8.140125e+03 
2628050000 8.142650e+03 
2630200000 8.118250e+03 
2.632350e+09 8.115125e+03 
2634500000 8.098475e+03 
2636650000 8.128850e+03 
2638800000 8.087575e+03 
2.640950e+09 8.108475e+03 
2643100000 8.115850e+03 
2645250000 8.124350e+03 
2.647400e+09 8.128725e+03 
2649550000 8135 
2651700000 8.123075e+03 
2653850000 8145 
2.656000e+09 8.127175e+03 
2658150000 8.143350e+03 
2660300000 8.121200e+03 
2.662450e+09 8.128475e+03 
2664600000 8.116525e+03 
2666750000 8.086350e+03 
2668900000 8.076550e+03 
2.671050e+09 8.098925e+03 
2673200000 8.100800e+03 
2675350000 8.102150e+03 
2677500000 8.082950e+03 
2679650000 8.134425e+03 
2681800000 8.146850e+03 
2683950000 8.159850e+03 
2.686100e+09 8.142925e+03 
2688250000 8.147600e+03 
2690400000 8.126225e+03 
2692550000 8.146100e+03 
2694700000 8.168300e+03 
2696850000 8.121975e+03 
2699000000 8.118350e+03 
2.701150e+09 8.094225e+03 
2703300000 8.129600e+03 
2705450000 8.087200e+03 
2707600000 8.074300e+03 
2.709750e+09 8.101100e+03 
2711900000 8.099450e+03 
2714050000 8.107200e+03 
2.716200e+09 8.096325e+03 
2718350000 8.135800e+03 
2720500000 8.115325e+03 
2722650000 8.137550e+03 
2724800000 8.144900e+03 
2726950000 8.158775e+03 
2729100000 8.139525e+03 
2.731250e+09 8.142825e+03 
2733400000 8.137475e+03 
2735550000 8.111750e+03 
2737700000 8.122925e+03 
2.739850e+09 8.108625e+03 
2742000000 8.131375e+03 
2744150000 8.116650e+03 
2.746300e+09 8.147575e+03 
2748450000 8.130225e+03 
2750600000 8.133950e+03 
2752750000 8.146300e+03 
2754900000 8.147975e+03 
2757050000 8.144875e+03 
2759200000 8.165025e+03 
2.761350e+09 8.147525e+03 
2763500000 8.123450e+03 
2765650000 8.129325e+03 
2767800000 8.172600e+03 
2.769950e+09 8.163700e+03 
2772100000 8.142150e+03 
2774250000 8.167525e+03 
2.776400e+09 8.162450e+03 
2778550000 8.146775e+03 
2780700000 8.163950e+03 
2782850000 8.138350e+03 
2785000000 8.159925e+03 
2787150000 8.146750e+03 
2789300000 8.133150e+03 
2791450000 8.159850e+03 
2793600000 8.173925e+03 
2795750000 8.142200e+03 
2797900000 8.180975e+03 
2.800050e+09 8.138750e+03 
2802200000 8.129400e+03 
2804350000 8.149875e+03 
2806500000 8.175875e+03 
2808650000 8.132850e+03 
2810800000 8.147250e+03 
2812950000 8.140600e+03 
2815100000 8.155500e+03 
2817250000 8.123275e+03 
2819400000 8.140700e+03 
2821550000 8.153125e+03 
2823700000 8.142525e+03 
2825850000 8.174100e+03 
2828000000 8.130125e+03 
2.830150e+09 8.128475e+03 
2832300000 8.126500e+03 
2834450000 8.125075e+03 
2836600000 8.137900e+03 
2838750000 8.148225e+03 
2840900000 8.154550e+03 
2843050000 8.139775e+03 
2845200000 8.153325e+03 
2847350000 8.121700e+03 
2849500000 8.147500e+03 
2851650000 8.134375e+03 
2853800000 8.121300e+03 
2855950000 8.132050e+03 
2858100000 8.135600e+03 
2.860250e+09 8.132075e+03 
2862400000 8.118150e+03 
2864550000 8.128200e+03 
2866700000 8.150300e+03 
2868850000 8.133900e+03 
2871000000 8127 
2873150000 8.147100e+03 
2875300000 8.143275e+03 
2877450000 8.151025e+03 
2879600000 8.133325e+03 
2881750000 8.124350e+03 
2883900000 8.129100e+03 
2886050000 8.115125e+03 
2888200000 8.136275e+03 
2.890350e+09 8.114700e+03 
2892500000 8.136025e+03 
2894650000 8.149350e+03 
2896800000 8.137275e+03 
2898950000 8.130525e+03 
2901100000 8.134900e+03 
2903250000 8.127750e+03 
2905400000 8.118850e+03 
2907550000 8.150400e+03 
2909700000 8.132325e+03 
2911850000 8.114075e+03 
2914000000 8.142500e+03 
2916150000 8.143025e+03 
2918300000 8.122125e+03 
2920450000 8.112600e+03 
2922600000 8.143650e+03 
2924750000 8.119350e+03 
2926900000 8.125975e+03 
2929050000 8.116225e+03 
2931200000 8.112100e+03 
2933350000 8.131650e+03 
2935500000 8.124775e+03 
2937650000 8.090350e+03 
2939800000 8.127475e+03 
2941950000 8.137100e+03 
2.944100e+09 8.123550e+03 
2946250000 8.115400e+03 
2948400000 8.140250e+03 
2950550000 8.117450e+03 
2952700000 8.143225e+03 
2954850000 8.126450e+03 
2957000000 8.127725e+03 
2959150000 8.113025e+03 
2961300000 8.137850e+03 
2963450000 8.135525e+03 
2965600000 8.144175e+03 
2967750000 8.126550e+03 
2969900000 8.137750e+03 
2972050000 8.127500e+03 
2974200000 8.130600e+03 
2976350000 8.116100e+03 
2978500000 8.115075e+03 
2980650000 8.123050e+03 
2982800000 8.109800e+03 
2984950000 8.125050e+03 
2987100000 8.133375e+03 
2989250000 8.149175e+03 
2991400000 8.135250e+03 
2993550000 8.143425e+03 
2995700000 8.145650e+03 
2997850000 8.147175e+03 
3000000000 8.135125e+03 

END
