IGOR
WAVES/D/O sweep,sig(1) 
BEGIN
2570000000 8.036325e+03 
2.572150e+09 8.028550e+03 
2574300000 8.039200e+03 
2576450000 8.010950e+03 
2578600000 8.017375e+03 
2.580750e+09 8.008400e+03 
2582900000 8.020350e+03 
2585050000 7.998450e+03 
2.587200e+09 7.990575e+03 
2589350000 8.040825e+03 
2591500000 8.039300e+03 
2593650000 8.011025e+03 
2.595800e+09 8.041725e+03 
2597950000 8.009125e+03 
2600100000 8.009475e+03 
2.602250e+09 8.017225e+03 
2604400000 8.015475e+03 
2606550000 8.009975e+03 
2608700000 8.006875e+03 
2.610850e+09 8.011350e+03 
2613000000 8.010350e+03 
2615150000 8.007200e+03 
2.617300e+09 8.028400e+03 
2619450000 8.020150e+03 
2621600000 8.035425e+03 
2623750000 8.035675e+03 
2.625900e+09 8.016400e+03 
2628050000 8.016700e+03 
2630200000 8.025750e+03 
2.632350e+09 8.016150e+03 
2634500000 7.991750e+03 
2636650000 7.978500e+03 
2638800000 7.984550e+03 
2.640950e+09 7.986300e+03 
2643100000 8.023675e+03 
2645250000 8.002175e+03 
2.647400e+09 7.997925e+03 
2649550000 8.010925e+03 
2651700000 8.022350e+03 
2653850000 8.009275e+03 
2.656000e+09 8.030350e+03 
2658150000 7.997600e+03 
2660300000 8.008350e+03 
2.662450e+09 7.991400e+03 
2664600000 7.963350e+03 
2666750000 7.975250e+03 
2668900000 7.980650e+03 
2.671050e+09 7.965750e+03 
2673200000 7.974775e+03 
2675350000 7.970200e+03 
2677500000 8.004025e+03 
2679650000 7.992750e+03 
2681800000 8.005375e+03 
2683950000 8.013525e+03 
2.686100e+09 8.013950e+03 
2688250000 8.024075e+03 
2690400000 8.038425e+03 
2692550000 8.022050e+03 
2694700000 8.014875e+03 
2696850000 8.027675e+03 
2699000000 7.994300e+03 
2.701150e+09 7.990050e+03 
2703300000 7.983975e+03 
2705450000 7.967275e+03 
2707600000 7.938825e+03 
2.709750e+09 7.954975e+03 
2711900000 7.995975e+03 
2714050000 8.002250e+03 
2.716200e+09 8.016875e+03 
2718350000 7.999875e+03 
2720500000 8.041775e+03 
2722650000 8.039650e+03 
2724800000 8.013825e+03 
2726950000 8.027200e+03 
2729100000 8.040025e+03 
2.731250e+09 8.038125e+03 
2733400000 7.993350e+03 
2735550000 7.997800e+03 
2737700000 8.001950e+03 
2.739850e+09 8.004500e+03 
2742000000 7.991500e+03 
2744150000 8.021825e+03 
2.746300e+09 7.992550e+03 
2748450000 8.010700e+03 
2750600000 8.015950e+03 
2752750000 7.983500e+03 
2754900000 8.018050e+03 
2757050000 8.022275e+03 
2759200000 8.018625e+03 
2.761350e+09 8.030825e+03 
2763500000 8.046575e+03 
2765650000 7.994800e+03 
2767800000 8.018100e+03 
2.769950e+09 8.026825e+03 
2772100000 8.050950e+03 
2774250000 8.041325e+03 
2.776400e+09 8.051400e+03 
2778550000 8.012975e+03 
2780700000 8.017950e+03 
2782850000 8019 
2785000000 8.022275e+03 
2787150000 8.030500e+03 
2789300000 8.033500e+03 
2791450000 8.046050e+03 
2793600000 8.022575e+03 
2795750000 8.018675e+03 
2797900000 8.040875e+03 
2.800050e+09 8.029875e+03 
2802200000 8.005500e+03 
2804350000 8.006925e+03 
2806500000 8.022925e+03 
2808650000 8.037175e+03 
2810800000 8.025525e+03 
2812950000 8.001150e+03 
2815100000 8.024775e+03 
2817250000 8.006400e+03 
2819400000 8.032925e+03 
2821550000 8.022325e+03 
2823700000 8.010250e+03 
2825850000 8.033950e+03 
2828000000 8.013125e+03 
2.830150e+09 8.007350e+03 
2832300000 7.995975e+03 
2834450000 7.990600e+03 
2836600000 8.005950e+03 
2838750000 7.999800e+03 
2840900000 8.013800e+03 
2843050000 8.005850e+03 
2845200000 8.028450e+03 
2847350000 8.028475e+03 
2849500000 8.033025e+03 
2851650000 8.028900e+03 
2853800000 8.023775e+03 
2855950000 8.009100e+03 
2858100000 8.031050e+03 
2.860250e+09 8.030250e+03 
2862400000 8.035775e+03 
2864550000 8.004450e+03 
2866700000 8.017950e+03 
2868850000 8.029200e+03 
2871000000 8.025475e+03 
2873150000 8.014350e+03 
2875300000 8.015450e+03 
2877450000 8.027050e+03 
2879600000 8.012425e+03 
2881750000 8.013900e+03 
2883900000 7.996850e+03 
2886050000 8.001350e+03 
2888200000 7.995025e+03 
2.890350e+09 8.027550e+03 
2892500000 8.001275e+03 
2894650000 7.992975e+03 
2896800000 7.982850e+03 
2898950000 8.009650e+03 
2901100000 8.000450e+03 
2903250000 8.026300e+03 
2905400000 8.010325e+03 
2907550000 8.025500e+03 
2909700000 8.035250e+03 
2911850000 8.014575e+03 
2914000000 8.000750e+03 
2916150000 8.028325e+03 
2918300000 8.011150e+03 
2920450000 8.010750e+03 
2922600000 8.005725e+03 
2924750000 7.995425e+03 
2926900000 8.009225e+03 
2929050000 8.034250e+03 
2931200000 8.016650e+03 
2933350000 8.006975e+03 
2935500000 7.999275e+03 
2937650000 8.004325e+03 
2939800000 7.986300e+03 
2941950000 8.032400e+03 
2.944100e+09 8.010825e+03 
2946250000 8.023575e+03 
2948400000 7.971500e+03 
2950550000 7.991750e+03 
2952700000 7.983675e+03 
2954850000 7.991075e+03 
2957000000 8.008125e+03 
2959150000 8.012975e+03 
2961300000 7.999450e+03 
2963450000 8.018250e+03 
2965600000 7.997625e+03 
2967750000 8005 
2969900000 8.060075e+03 
2972050000 8.037050e+03 
2974200000 8.022375e+03 
2976350000 8.022925e+03 
2978500000 8.006750e+03 
2980650000 8.008850e+03 
2982800000 8.008075e+03 
2984950000 7996 
2987100000 7.992450e+03 
2989250000 7.976175e+03 
2991400000 8.010300e+03 
2993550000 8.015975e+03 
2995700000 8.007950e+03 
2997850000 8.030650e+03 
3000000000 7.998600e+03 

END
