IGOR
WAVES/D/O sweep,sig(1) 
BEGIN
2570000000 8.090375e+03 
2.572150e+09 8.146850e+03 
2574300000 8.132175e+03 
2576450000 8.106425e+03 
2578600000 8.144625e+03 
2.580750e+09 8.166050e+03 
2582900000 8.144625e+03 
2585050000 8.127400e+03 
2.587200e+09 8.136575e+03 
2589350000 8.135325e+03 
2591500000 8.136100e+03 
2593650000 8.161575e+03 
2.595800e+09 8.139625e+03 
2597950000 8.147200e+03 
2600100000 8.150325e+03 
2.602250e+09 8.130950e+03 
2604400000 8.152275e+03 
2606550000 8.148225e+03 
2608700000 8.153475e+03 
2.610850e+09 8.135350e+03 
2613000000 8.170700e+03 
2615150000 8.173125e+03 
2.617300e+09 8.164475e+03 
2619450000 8.124250e+03 
2621600000 8.146525e+03 
2623750000 8.168675e+03 
2.625900e+09 8.177450e+03 
2628050000 8.139425e+03 
2630200000 8.149925e+03 
2.632350e+09 8.146125e+03 
2634500000 8.122525e+03 
2636650000 8.106575e+03 
2638800000 8.104975e+03 
2.640950e+09 8.091150e+03 
2643100000 8.122375e+03 
2645250000 8.127900e+03 
2.647400e+09 8.143625e+03 
2649550000 8.121175e+03 
2651700000 8.158500e+03 
2653850000 8.139550e+03 
2.656000e+09 8.138625e+03 
2658150000 8.125725e+03 
2660300000 8.127175e+03 
2.662450e+09 8124 
2664600000 8103 
2666750000 8.061700e+03 
2668900000 8.085675e+03 
2.671050e+09 8.079675e+03 
2673200000 8.099525e+03 
2675350000 8.095225e+03 
2677500000 8129 
2679650000 8.126475e+03 
2681800000 8.152225e+03 
2683950000 8.166725e+03 
2.686100e+09 8.167925e+03 
2688250000 8.159450e+03 
2690400000 8.158200e+03 
2692550000 8.166475e+03 
2694700000 8.139100e+03 
2696850000 8.177925e+03 
2699000000 8.137200e+03 
2.701150e+09 8.101825e+03 
2703300000 8.102475e+03 
2705450000 8.092525e+03 
2707600000 8114 
2.709750e+09 8.112250e+03 
2711900000 8.116075e+03 
2714050000 8.114400e+03 
2.716200e+09 8.120825e+03 
2718350000 8.125675e+03 
2720500000 8.150300e+03 
2722650000 8.144825e+03 
2724800000 8.151850e+03 
2726950000 8.150800e+03 
2729100000 8.127325e+03 
2.731250e+09 8.146825e+03 
2733400000 8.131500e+03 
2735550000 8120 
2737700000 8.148875e+03 
2.739850e+09 8.129650e+03 
2742000000 8.146575e+03 
2744150000 8.108725e+03 
2.746300e+09 8.140450e+03 
2748450000 8.146950e+03 
2750600000 8.160375e+03 
2752750000 8.151550e+03 
2754900000 8.162800e+03 
2757050000 8.148375e+03 
2759200000 8.175775e+03 
2.761350e+09 8.173875e+03 
2763500000 8.173050e+03 
2765650000 8.127100e+03 
2767800000 8.197400e+03 
2.769950e+09 8.170975e+03 
2772100000 8.175050e+03 
2774250000 8.161500e+03 
2.776400e+09 8.156725e+03 
2778550000 8.160925e+03 
2780700000 8.174850e+03 
2782850000 8.193650e+03 
2785000000 8.171325e+03 
2787150000 8.172050e+03 
2789300000 8.162325e+03 
2791450000 8.162575e+03 
2793600000 8.190675e+03 
2795750000 8.179525e+03 
2797900000 8.180400e+03 
2.800050e+09 8.185850e+03 
2802200000 8.183250e+03 
2804350000 8.143575e+03 
2806500000 8.164875e+03 
2808650000 8.157825e+03 
2810800000 8.143225e+03 
2812950000 8.141850e+03 
2815100000 8.152425e+03 
2817250000 8.202825e+03 
2819400000 8.164325e+03 
2821550000 8.153975e+03 
2823700000 8.144200e+03 
2825850000 8.164950e+03 
2828000000 8.190375e+03 
2.830150e+09 8.200100e+03 
2832300000 8.167900e+03 
2834450000 8.162200e+03 
2836600000 8.182350e+03 
2838750000 8.162225e+03 
2840900000 8.167625e+03 
2843050000 8.152450e+03 
2845200000 8.159800e+03 
2847350000 8.173700e+03 
2849500000 8.119600e+03 
2851650000 8.169925e+03 
2853800000 8.173400e+03 
2855950000 8.176925e+03 
2858100000 8.182950e+03 
2.860250e+09 8.178625e+03 
2862400000 8.166075e+03 
2864550000 8.187850e+03 
2866700000 8.162300e+03 
2868850000 8.153400e+03 
2871000000 8.161550e+03 
2873150000 8.178900e+03 
2875300000 8.173250e+03 
2877450000 8.184925e+03 
2879600000 8.181650e+03 
2881750000 8.158800e+03 
2883900000 8.169050e+03 
2886050000 8.167800e+03 
2888200000 8.177750e+03 
2.890350e+09 8.156750e+03 
2892500000 8.151750e+03 
2894650000 8.199100e+03 
2896800000 8.179475e+03 
2898950000 8.159300e+03 
2901100000 8.170975e+03 
2903250000 8.168325e+03 
2905400000 8.143950e+03 
2907550000 8.142925e+03 
2909700000 8.148975e+03 
2911850000 8.167025e+03 
2914000000 8.146975e+03 
2916150000 8.183950e+03 
2918300000 8.164050e+03 
2920450000 8.180825e+03 
2922600000 8.177675e+03 
2924750000 8.153150e+03 
2926900000 8.174575e+03 
2929050000 8.150775e+03 
2931200000 8.156600e+03 
2933350000 8.191150e+03 
2935500000 8.175925e+03 
2937650000 8.155175e+03 
2939800000 8.147350e+03 
2941950000 8.166425e+03 
2.944100e+09 8.166925e+03 
2946250000 8.177475e+03 
2948400000 8.181300e+03 
2950550000 8.157775e+03 
2952700000 8177 
2954850000 8.171175e+03 
2957000000 8.163825e+03 
2959150000 8.155400e+03 
2961300000 8.149350e+03 
2963450000 8.182325e+03 
2965600000 8.156650e+03 
2967750000 8.189725e+03 
2969900000 8.167500e+03 
2972050000 8.155625e+03 
2974200000 8.148775e+03 
2976350000 8.164275e+03 
2978500000 8.174175e+03 
2980650000 8.164800e+03 
2982800000 8.161175e+03 
2984950000 8.189400e+03 
2987100000 8.171300e+03 
2989250000 8.146075e+03 
2991400000 8.162025e+03 
2993550000 8.145825e+03 
2995700000 8.169350e+03 
2997850000 8.178075e+03 
3000000000 8.156975e+03 

END
