IGOR
WAVES/D/O sweep,sig(1) 
BEGIN
2570000000 8.059025e+03 
2.572150e+09 8.067600e+03 
2574300000 8.065525e+03 
2576450000 8.059300e+03 
2578600000 8.055525e+03 
2.580750e+09 8.048275e+03 
2582900000 8.036575e+03 
2585050000 8.041475e+03 
2.587200e+09 8.054975e+03 
2589350000 8.052925e+03 
2591500000 8.047550e+03 
2593650000 8.044375e+03 
2.595800e+09 8.047225e+03 
2597950000 8.054150e+03 
2600100000 8.050900e+03 
2.602250e+09 8.039600e+03 
2604400000 8.040950e+03 
2606550000 8.053750e+03 
2608700000 8.023150e+03 
2.610850e+09 8.039150e+03 
2613000000 8.023575e+03 
2615150000 8.015500e+03 
2.617300e+09 8.035250e+03 
2619450000 8.048025e+03 
2621600000 8.051100e+03 
2623750000 8.067875e+03 
2.625900e+09 8.042825e+03 
2628050000 8.068225e+03 
2630200000 8.043625e+03 
2.632350e+09 8.035350e+03 
2634500000 8.049275e+03 
2636650000 8.023625e+03 
2638800000 8.034100e+03 
2.640950e+09 8.043175e+03 
2643100000 8.028625e+03 
2645250000 8.069325e+03 
2.647400e+09 8.051850e+03 
2649550000 8.045850e+03 
2651700000 8.050025e+03 
2653850000 8041 
2.656000e+09 8.067375e+03 
2658150000 8.031700e+03 
2660300000 8.043975e+03 
2.662450e+09 8.054350e+03 
2664600000 8.045025e+03 
2666750000 8.051350e+03 
2668900000 8.060025e+03 
2.671050e+09 8.030375e+03 
2673200000 8.039200e+03 
2675350000 8.048625e+03 
2677500000 8.063325e+03 
2679650000 8.058675e+03 
2681800000 8.055075e+03 
2683950000 8.051100e+03 
2.686100e+09 8.042600e+03 
2688250000 8.048500e+03 
2690400000 8.049950e+03 
2692550000 8.032300e+03 
2694700000 8.046600e+03 
2696850000 8.039775e+03 
2699000000 8.046700e+03 
2.701150e+09 8.064050e+03 
2703300000 8.049725e+03 
2705450000 8.042500e+03 
2707600000 8.060800e+03 
2.709750e+09 8.083925e+03 
2711900000 8.077600e+03 
2714050000 8.068275e+03 
2.716200e+09 8.051625e+03 
2718350000 8.042475e+03 
2720500000 8.060850e+03 
2722650000 8.048650e+03 
2724800000 8.070775e+03 
2726950000 8.036900e+03 
2729100000 8.041675e+03 
2.731250e+09 8.043275e+03 
2733400000 8.052150e+03 
2735550000 8.028050e+03 
2737700000 8.049050e+03 
2.739850e+09 8.013400e+03 
2742000000 8.056825e+03 
2744150000 8.043625e+03 
2.746300e+09 8.033950e+03 
2748450000 8.050775e+03 
2750600000 8.064775e+03 
2752750000 8.054800e+03 
2754900000 8.053400e+03 
2757050000 8.048075e+03 
2759200000 8.067175e+03 
2.761350e+09 8.049350e+03 
2763500000 8.033975e+03 
2765650000 8.043650e+03 
2767800000 8.069050e+03 
2.769950e+09 8.071275e+03 
2772100000 8.045150e+03 
2774250000 8.036450e+03 
2.776400e+09 8.027300e+03 
2778550000 8.024775e+03 
2780700000 7.991825e+03 
2782850000 7.969700e+03 
2785000000 7.938750e+03 
2787150000 7.923425e+03 
2789300000 7.894050e+03 
2791450000 7.884450e+03 
2793600000 7.869575e+03 
2795750000 7.876550e+03 
2797900000 7.884850e+03 
2.800050e+09 7.889675e+03 
2802200000 7.921225e+03 
2804350000 7.937350e+03 
2806500000 7.983425e+03 
2808650000 7.991950e+03 
2810800000 8.033775e+03 
2812950000 8.054400e+03 
2815100000 8.049950e+03 
2817250000 8.054300e+03 
2819400000 8.071200e+03 
2821550000 8.064775e+03 
2823700000 8.094625e+03 
2825850000 8.077900e+03 
2828000000 8.057400e+03 
2.830150e+09 8.066575e+03 
2832300000 8.072475e+03 
2834450000 8.047600e+03 
2836600000 8.063625e+03 
2838750000 8.069100e+03 
2840900000 8.058425e+03 
2843050000 8.082500e+03 
2845200000 8.048400e+03 
2847350000 8.040425e+03 
2849500000 8.070325e+03 
2851650000 8.060950e+03 
2853800000 8.060750e+03 
2855950000 8.083975e+03 
2858100000 8.059925e+03 
2.860250e+09 8.056600e+03 
2862400000 8.085650e+03 
2864550000 8.073750e+03 
2866700000 8.062650e+03 
2868850000 8.065500e+03 
2871000000 8.066575e+03 
2873150000 8.072825e+03 
2875300000 8.061600e+03 
2877450000 8.061475e+03 
2879600000 8.079125e+03 
2881750000 8.060950e+03 
2883900000 8.077400e+03 
2886050000 8.052950e+03 
2888200000 8.075350e+03 
2.890350e+09 8.078950e+03 
2892500000 8.071750e+03 
2894650000 8.071025e+03 
2896800000 8.056650e+03 
2898950000 8.031100e+03 
2901100000 8.047150e+03 
2903250000 8.044900e+03 
2905400000 8.034600e+03 
2907550000 8.054425e+03 
2909700000 8.063450e+03 
2911850000 8.061725e+03 
2914000000 8.089200e+03 
2916150000 8.076950e+03 
2918300000 8068 
2920450000 8.075250e+03 
2922600000 8.050500e+03 
2924750000 8.071725e+03 
2926900000 8.057975e+03 
2929050000 8.053600e+03 
2931200000 8.070325e+03 
2933350000 8.039900e+03 
2935500000 8.054475e+03 
2937650000 8.062950e+03 
2939800000 8.090600e+03 
2941950000 8.045475e+03 
2.944100e+09 8.025450e+03 
2946250000 8.047300e+03 
2948400000 7.993725e+03 
2950550000 7.968475e+03 
2952700000 7.938850e+03 
2954850000 7.913600e+03 
2957000000 7.903450e+03 
2959150000 7.887100e+03 
2961300000 7.844825e+03 
2963450000 7.863750e+03 
2965600000 7.872600e+03 
2967750000 7.893475e+03 
2969900000 7.918100e+03 
2972050000 7.979850e+03 
2974200000 8.008425e+03 
2976350000 8.038675e+03 
2978500000 8.029050e+03 
2980650000 8.062775e+03 
2982800000 8.071150e+03 
2984950000 8.076025e+03 
2987100000 8.076100e+03 
2989250000 8.070025e+03 
2991400000 8.084450e+03 
2993550000 8.098650e+03 
2995700000 8.067100e+03 
2997850000 8.081800e+03 
3000000000 8.095650e+03 

END
