IGOR
WAVES/D/O sweep,sig(1) 
BEGIN
2570000000 8.088875e+03 
2.572150e+09 8.085800e+03 
2574300000 8.099825e+03 
2576450000 8.079775e+03 
2578600000 8.108325e+03 
2.580750e+09 8.093425e+03 
2582900000 8.069925e+03 
2585050000 8.066450e+03 
2.587200e+09 8.093125e+03 
2589350000 8.089700e+03 
2591500000 8.062150e+03 
2593650000 8.113375e+03 
2.595800e+09 8.101775e+03 
2597950000 8078 
2600100000 8.097475e+03 
2.602250e+09 8.094625e+03 
2604400000 8.099700e+03 
2606550000 8.078100e+03 
2608700000 8.101775e+03 
2.610850e+09 8.113475e+03 
2613000000 8.095675e+03 
2615150000 8.088100e+03 
2.617300e+09 8.067950e+03 
2619450000 8.116350e+03 
2621600000 8.080575e+03 
2623750000 8.064925e+03 
2.625900e+09 8.064150e+03 
2628050000 8.059150e+03 
2630200000 8.085150e+03 
2.632350e+09 8.058150e+03 
2634500000 8.043450e+03 
2636650000 8.032950e+03 
2638800000 8.042900e+03 
2.640950e+09 8.056175e+03 
2643100000 8.039325e+03 
2645250000 8.034400e+03 
2.647400e+09 8.067950e+03 
2649550000 8.105250e+03 
2651700000 8.067600e+03 
2653850000 8.106425e+03 
2.656000e+09 8.110300e+03 
2658150000 8.094525e+03 
2660300000 8.088150e+03 
2.662450e+09 8.050175e+03 
2664600000 8.035500e+03 
2666750000 8.020075e+03 
2668900000 8.029200e+03 
2.671050e+09 8.031225e+03 
2673200000 8.041650e+03 
2675350000 8.031075e+03 
2677500000 8.034475e+03 
2679650000 8.046900e+03 
2681800000 8.068650e+03 
2683950000 8.072575e+03 
2.686100e+09 8.091125e+03 
2688250000 8.072550e+03 
2690400000 8.082775e+03 
2692550000 8.100450e+03 
2694700000 8.092850e+03 
2696850000 8.081700e+03 
2699000000 8.066775e+03 
2.701150e+09 8.043975e+03 
2703300000 8.042425e+03 
2705450000 8.015125e+03 
2707600000 8.029500e+03 
2.709750e+09 8.015825e+03 
2711900000 8.023750e+03 
2714050000 8.039075e+03 
2.716200e+09 8.057300e+03 
2718350000 8.063475e+03 
2720500000 8.060075e+03 
2722650000 8.091850e+03 
2724800000 8.076400e+03 
2726950000 8.081300e+03 
2729100000 8084 
2.731250e+09 8.057350e+03 
2733400000 8.070275e+03 
2735550000 8.069750e+03 
2737700000 8.068525e+03 
2.739850e+09 8.044725e+03 
2742000000 8.065375e+03 
2744150000 8.096350e+03 
2.746300e+09 8.083075e+03 
2748450000 8.079550e+03 
2750600000 8.060750e+03 
2752750000 8.090075e+03 
2754900000 8.101725e+03 
2757050000 8.108750e+03 
2759200000 8.085025e+03 
2.761350e+09 8.064800e+03 
2763500000 8.089975e+03 
2765650000 8.072700e+03 
2767800000 8.084675e+03 
2.769950e+09 8.078100e+03 
2772100000 8.119225e+03 
2774250000 8.100175e+03 
2.776400e+09 8.104200e+03 
2778550000 8.108250e+03 
2780700000 8.077300e+03 
2782850000 8.096550e+03 
2785000000 8.093425e+03 
2787150000 8.089475e+03 
2789300000 8.075650e+03 
2791450000 8.093075e+03 
2793600000 8.100150e+03 
2795750000 8.076450e+03 
2797900000 8.104300e+03 
2.800050e+09 8.117175e+03 
2802200000 8.092700e+03 
2804350000 8.100250e+03 
2806500000 8.105850e+03 
2808650000 8.096950e+03 
2810800000 8.090275e+03 
2812950000 8.091675e+03 
2815100000 8.096875e+03 
2817250000 8.099600e+03 
2819400000 8.087100e+03 
2821550000 8.101700e+03 
2823700000 8.084325e+03 
2825850000 8.107625e+03 
2828000000 8.077600e+03 
2.830150e+09 8.077475e+03 
2832300000 8.077350e+03 
2834450000 8.092100e+03 
2836600000 8.109400e+03 
2838750000 8.087600e+03 
2840900000 8.093825e+03 
2843050000 8.084325e+03 
2845200000 8.077250e+03 
2847350000 8.105100e+03 
2849500000 8.083575e+03 
2851650000 8.082750e+03 
2853800000 8089 
2855950000 8102 
2858100000 8.097900e+03 
2.860250e+09 8.093600e+03 
2862400000 8.061875e+03 
2864550000 8.099900e+03 
2866700000 8.099950e+03 
2868850000 8.108625e+03 
2871000000 8.105250e+03 
2873150000 8.098500e+03 
2875300000 8.086825e+03 
2877450000 8.112700e+03 
2879600000 8.083475e+03 
2881750000 8.077525e+03 
2883900000 8.091500e+03 
2886050000 8.096300e+03 
2888200000 8.063450e+03 
2.890350e+09 8.067625e+03 
2892500000 8.079250e+03 
2894650000 8.097525e+03 
2896800000 8.102100e+03 
2898950000 8.067675e+03 
2901100000 8.092275e+03 
2903250000 8.083975e+03 
2905400000 8.085725e+03 
2907550000 8.078550e+03 
2909700000 8.064750e+03 
2911850000 8.089750e+03 
2914000000 8.106150e+03 
2916150000 8.065275e+03 
2918300000 8.058050e+03 
2920450000 8.086225e+03 
2922600000 8.098925e+03 
2924750000 8.099400e+03 
2926900000 8.083750e+03 
2929050000 8.101325e+03 
2931200000 8080 
2933350000 8.087475e+03 
2935500000 8.081425e+03 
2937650000 8.090200e+03 
2939800000 8.089550e+03 
2941950000 8.088250e+03 
2.944100e+09 8.069450e+03 
2946250000 8.092100e+03 
2948400000 8.093050e+03 
2950550000 8.077825e+03 
2952700000 8.061725e+03 
2954850000 8.083925e+03 
2957000000 8.117325e+03 
2959150000 8.074125e+03 
2961300000 8.078875e+03 
2963450000 8.076450e+03 
2965600000 8.071025e+03 
2967750000 8.061900e+03 
2969900000 8.069225e+03 
2972050000 8.096325e+03 
2974200000 8.095025e+03 
2976350000 8.088675e+03 
2978500000 8.082525e+03 
2980650000 8.075900e+03 
2982800000 8.078175e+03 
2984950000 8.101250e+03 
2987100000 8.084400e+03 
2989250000 8.086350e+03 
2991400000 8.084375e+03 
2993550000 8.075225e+03 
2995700000 8.096450e+03 
2997850000 8.085550e+03 
3000000000 8.091500e+03 

END
