IGOR
WAVES/D/O sweep,sig(1) 
BEGIN
2570000000 8.039025e+03 
2.572150e+09 8.044375e+03 
2574300000 8.028875e+03 
2576450000 8.022500e+03 
2578600000 8.026625e+03 
2.580750e+09 8.024025e+03 
2582900000 7.993975e+03 
2585050000 8.032950e+03 
2.587200e+09 8.023650e+03 
2589350000 8.022875e+03 
2591500000 8.037700e+03 
2593650000 8.048850e+03 
2.595800e+09 8.041625e+03 
2597950000 8.026475e+03 
2600100000 8.023025e+03 
2.602250e+09 8035 
2604400000 8.033725e+03 
2606550000 8.020775e+03 
2608700000 8.036125e+03 
2.610850e+09 8.037125e+03 
2613000000 8.047825e+03 
2615150000 8.024100e+03 
2.617300e+09 8.024450e+03 
2619450000 8.049850e+03 
2621600000 8.057650e+03 
2623750000 8.038550e+03 
2.625900e+09 8.050900e+03 
2628050000 8.009875e+03 
2630200000 8.007325e+03 
2.632350e+09 8.024725e+03 
2634500000 7.987275e+03 
2636650000 7.998025e+03 
2638800000 8.003525e+03 
2.640950e+09 7.982900e+03 
2643100000 7.999125e+03 
2645250000 7.994450e+03 
2.647400e+09 7.998725e+03 
2649550000 8.033750e+03 
2651700000 8.033300e+03 
2653850000 8.040950e+03 
2.656000e+09 8.038525e+03 
2658150000 8.020450e+03 
2660300000 8003 
2.662450e+09 7.994425e+03 
2664600000 7.970550e+03 
2666750000 7.966925e+03 
2668900000 7.952300e+03 
2.671050e+09 7.954600e+03 
2673200000 7.942550e+03 
2675350000 7.978600e+03 
2677500000 8.024875e+03 
2679650000 7.992750e+03 
2681800000 8.022275e+03 
2683950000 8.038900e+03 
2.686100e+09 8.014050e+03 
2688250000 8.023600e+03 
2690400000 8.046200e+03 
2692550000 8.005950e+03 
2694700000 8.008350e+03 
2696850000 8036 
2699000000 7.991900e+03 
2.701150e+09 7.997800e+03 
2703300000 7.970825e+03 
2705450000 7.964450e+03 
2707600000 7.960450e+03 
2.709750e+09 7.975825e+03 
2711900000 7.989525e+03 
2714050000 7.970400e+03 
2.716200e+09 8.015925e+03 
2718350000 7.999675e+03 
2720500000 8.026625e+03 
2722650000 8.026250e+03 
2724800000 8.027750e+03 
2726950000 8037 
2729100000 8.001725e+03 
2.731250e+09 8.004725e+03 
2733400000 7.998275e+03 
2735550000 8.007650e+03 
2737700000 7.997675e+03 
2.739850e+09 8.023850e+03 
2742000000 8.032250e+03 
2744150000 8.042100e+03 
2.746300e+09 8.006350e+03 
2748450000 8.004375e+03 
2750600000 8.036675e+03 
2752750000 8.040700e+03 
2754900000 8.013325e+03 
2757050000 8.028525e+03 
2759200000 8.041350e+03 
2.761350e+09 8.030750e+03 
2763500000 8.039625e+03 
2765650000 8.031825e+03 
2767800000 8011 
2.769950e+09 8.043825e+03 
2772100000 8.024450e+03 
2774250000 8.043300e+03 
2.776400e+09 8.020075e+03 
2778550000 8.023375e+03 
2780700000 8.037625e+03 
2782850000 8.026850e+03 
2785000000 8.032575e+03 
2787150000 8.056675e+03 
2789300000 8.049350e+03 
2791450000 8.017050e+03 
2793600000 8.036175e+03 
2795750000 8.034625e+03 
2797900000 8.024050e+03 
2.800050e+09 8.034400e+03 
2802200000 8.049025e+03 
2804350000 8.012950e+03 
2806500000 8.046050e+03 
2808650000 8.026700e+03 
2810800000 8.038250e+03 
2812950000 8.024950e+03 
2815100000 8.036975e+03 
2817250000 8.033750e+03 
2819400000 8.039150e+03 
2821550000 8.050875e+03 
2823700000 8.036550e+03 
2825850000 8.048950e+03 
2828000000 8.034750e+03 
2.830150e+09 8.059675e+03 
2832300000 8.045250e+03 
2834450000 8067 
2836600000 8.037700e+03 
2838750000 8.045400e+03 
2840900000 8.031450e+03 
2843050000 8.039150e+03 
2845200000 8.049350e+03 
2847350000 8.032725e+03 
2849500000 8.024700e+03 
2851650000 8.055075e+03 
2853800000 8.021525e+03 
2855950000 8.047725e+03 
2858100000 8.043075e+03 
2.860250e+09 8.019725e+03 
2862400000 8.032375e+03 
2864550000 8.021225e+03 
2866700000 8.036200e+03 
2868850000 8.032525e+03 
2871000000 8.023875e+03 
2873150000 8.031375e+03 
2875300000 8.033600e+03 
2877450000 8.039825e+03 
2879600000 8.016275e+03 
2881750000 8.047675e+03 
2883900000 8.034075e+03 
2886050000 8.047250e+03 
2888200000 8.035525e+03 
2.890350e+09 8.037300e+03 
2892500000 8.023075e+03 
2894650000 8.051125e+03 
2896800000 8.035325e+03 
2898950000 8.035525e+03 
2901100000 8.036725e+03 
2903250000 8.005150e+03 
2905400000 8.050375e+03 
2907550000 8.025050e+03 
2909700000 8.057300e+03 
2911850000 8.060950e+03 
2914000000 8.031500e+03 
2916150000 8.035025e+03 
2918300000 8.022750e+03 
2920450000 8.056425e+03 
2922600000 8.052200e+03 
2924750000 8.040350e+03 
2926900000 8.053725e+03 
2929050000 8.037275e+03 
2931200000 8.039800e+03 
2933350000 8.042100e+03 
2935500000 8.039550e+03 
2937650000 8.032625e+03 
2939800000 8.033775e+03 
2941950000 8.025200e+03 
2.944100e+09 8.028975e+03 
2946250000 8.019875e+03 
2948400000 8.025250e+03 
2950550000 8.024950e+03 
2952700000 8.041475e+03 
2954850000 8.019975e+03 
2957000000 8.010525e+03 
2959150000 8.036200e+03 
2961300000 8.008125e+03 
2963450000 8.019375e+03 
2965600000 8.044800e+03 
2967750000 8.023825e+03 
2969900000 8040 
2972050000 8.023025e+03 
2974200000 8.021225e+03 
2976350000 8.018825e+03 
2978500000 8.034900e+03 
2980650000 8.021150e+03 
2982800000 8.018075e+03 
2984950000 8.029125e+03 
2987100000 8.053500e+03 
2989250000 8.012525e+03 
2991400000 8.010275e+03 
2993550000 8.014275e+03 
2995700000 8.020625e+03 
2997850000 8.041125e+03 
3000000000 8.040475e+03 

END
