IGOR
WAVES/D/O sweep,sig(1) 
BEGIN
2570000000 8.247575e+03 
2.572150e+09 8.229200e+03 
2574300000 8.244350e+03 
2576450000 8.245625e+03 
2578600000 8.245900e+03 
2.580750e+09 8.255300e+03 
2582900000 8.250200e+03 
2585050000 8.253025e+03 
2.587200e+09 8.235500e+03 
2589350000 8.237725e+03 
2591500000 8.244325e+03 
2593650000 8.244700e+03 
2.595800e+09 8.230125e+03 
2597950000 8.237250e+03 
2600100000 8.247375e+03 
2.602250e+09 8.249975e+03 
2604400000 8.235025e+03 
2606550000 8.227175e+03 
2608700000 8.222025e+03 
2.610850e+09 8.258750e+03 
2613000000 8.247300e+03 
2615150000 8.252825e+03 
2.617300e+09 8.221525e+03 
2619450000 8.226675e+03 
2621600000 8.242525e+03 
2623750000 8.239625e+03 
2.625900e+09 8.223100e+03 
2628050000 8239 
2630200000 8.214375e+03 
2.632350e+09 8.206850e+03 
2634500000 8.190675e+03 
2636650000 8.190425e+03 
2638800000 8.208175e+03 
2.640950e+09 8.194475e+03 
2643100000 8.180125e+03 
2645250000 8.204875e+03 
2.647400e+09 8.206225e+03 
2649550000 8.215975e+03 
2651700000 8.251850e+03 
2653850000 8.219625e+03 
2.656000e+09 8.244925e+03 
2658150000 8.225600e+03 
2660300000 8.229600e+03 
2.662450e+09 8.220500e+03 
2664600000 8.185875e+03 
2666750000 8.185050e+03 
2668900000 8.172500e+03 
2.671050e+09 8.173675e+03 
2673200000 8.160350e+03 
2675350000 8.185675e+03 
2677500000 8.201425e+03 
2679650000 8.216250e+03 
2681800000 8.219700e+03 
2683950000 8.245650e+03 
2.686100e+09 8.242700e+03 
2688250000 8.235600e+03 
2690400000 8224 
2692550000 8.236750e+03 
2694700000 8.252750e+03 
2696850000 8.218100e+03 
2699000000 8.210925e+03 
2.701150e+09 8.190025e+03 
2703300000 8.192125e+03 
2705450000 8.172275e+03 
2707600000 8.175200e+03 
2.709750e+09 8.158575e+03 
2711900000 8.178550e+03 
2714050000 8.192975e+03 
2.716200e+09 8.224950e+03 
2718350000 8.227800e+03 
2720500000 8.254875e+03 
2722650000 8.228600e+03 
2724800000 8.249400e+03 
2726950000 8.231700e+03 
2729100000 8.224975e+03 
2.731250e+09 8.231725e+03 
2733400000 8.196200e+03 
2735550000 8.204150e+03 
2737700000 8.202575e+03 
2.739850e+09 8.215200e+03 
2742000000 8.218300e+03 
2744150000 8.217650e+03 
2.746300e+09 8.226600e+03 
2748450000 8.228325e+03 
2750600000 8.206225e+03 
2752750000 8.226950e+03 
2754900000 8.240575e+03 
2757050000 8.249875e+03 
2759200000 8.250275e+03 
2.761350e+09 8.241425e+03 
2763500000 8.220600e+03 
2765650000 8.251700e+03 
2767800000 8.229025e+03 
2.769950e+09 8.229900e+03 
2772100000 8.233075e+03 
2774250000 8.237075e+03 
2.776400e+09 8.268800e+03 
2778550000 8.227225e+03 
2780700000 8.229475e+03 
2782850000 8.233800e+03 
2785000000 8.248450e+03 
2787150000 8.242575e+03 
2789300000 8.251425e+03 
2791450000 8.266925e+03 
2793600000 8.235475e+03 
2795750000 8.235450e+03 
2797900000 8.229900e+03 
2.800050e+09 8.239300e+03 
2802200000 8.238400e+03 
2804350000 8.220250e+03 
2806500000 8.228750e+03 
2808650000 8240 
2810800000 8.240100e+03 
2812950000 8.216425e+03 
2815100000 8.223050e+03 
2817250000 8247 
2819400000 8.244200e+03 
2821550000 8.239100e+03 
2823700000 8.249975e+03 
2825850000 8.244750e+03 
2828000000 8.236100e+03 
2.830150e+09 8.261400e+03 
2832300000 8.212850e+03 
2834450000 8.240900e+03 
2836600000 8.245150e+03 
2838750000 8.221875e+03 
2840900000 8.248275e+03 
2843050000 8.230175e+03 
2845200000 8.245750e+03 
2847350000 8.242600e+03 
2849500000 8.252025e+03 
2851650000 8.240225e+03 
2853800000 8.230775e+03 
2855950000 8.248450e+03 
2858100000 8.259100e+03 
2.860250e+09 8.245025e+03 
2862400000 8.237050e+03 
2864550000 8.247350e+03 
2866700000 8.242275e+03 
2868850000 8.239475e+03 
2871000000 8.237525e+03 
2873150000 8.234900e+03 
2875300000 8.250475e+03 
2877450000 8.243925e+03 
2879600000 8235 
2881750000 8.248925e+03 
2883900000 8260 
2886050000 8.237600e+03 
2888200000 8.278525e+03 
2.890350e+09 8.236675e+03 
2892500000 8.252450e+03 
2894650000 8.231200e+03 
2896800000 8.259600e+03 
2898950000 8.255275e+03 
2901100000 8.232450e+03 
2903250000 8.242075e+03 
2905400000 8.242875e+03 
2907550000 8.254225e+03 
2909700000 8.257075e+03 
2911850000 8.236950e+03 
2914000000 8.226900e+03 
2916150000 8235 
2918300000 8.266475e+03 
2920450000 8.226850e+03 
2922600000 8.241225e+03 
2924750000 8.221525e+03 
2926900000 8.242350e+03 
2929050000 8.235975e+03 
2931200000 8.238125e+03 
2933350000 8.241950e+03 
2935500000 8.259700e+03 
2937650000 8.224625e+03 
2939800000 8.232950e+03 
2941950000 8.231225e+03 
2.944100e+09 8.232300e+03 
2946250000 8242 
2948400000 8.240325e+03 
2950550000 8.259200e+03 
2952700000 8.249800e+03 
2954850000 8.253275e+03 
2957000000 8.246275e+03 
2959150000 8.247225e+03 
2961300000 8.221900e+03 
2963450000 8.230775e+03 
2965600000 8.234875e+03 
2967750000 8.230200e+03 
2969900000 8.226225e+03 
2972050000 8.243475e+03 
2974200000 8.251725e+03 
2976350000 8.222450e+03 
2978500000 8.251350e+03 
2980650000 8.256425e+03 
2982800000 8.230900e+03 
2984950000 8.253325e+03 
2987100000 8.242450e+03 
2989250000 8.229025e+03 
2991400000 8.245500e+03 
2993550000 8.223600e+03 
2995700000 8.233600e+03 
2997850000 8.238125e+03 
3000000000 8.247050e+03 

END
