IGOR
WAVES/D/O sweep,sig(1) 
BEGIN
2570000000 7.978450e+03 
2.572150e+09 8.000675e+03 
2574300000 7.992300e+03 
2576450000 8.007400e+03 
2578600000 7.978475e+03 
2.580750e+09 7.991950e+03 
2582900000 8.002475e+03 
2585050000 7.992650e+03 
2.587200e+09 8.015800e+03 
2589350000 7.982950e+03 
2591500000 7.984500e+03 
2593650000 8.002800e+03 
2.595800e+09 8.001875e+03 
2597950000 8.016600e+03 
2600100000 8.032625e+03 
2.602250e+09 8.006250e+03 
2604400000 7.992925e+03 
2606550000 8.003850e+03 
2608700000 8.007200e+03 
2.610850e+09 7.992425e+03 
2613000000 7.979500e+03 
2615150000 7.985900e+03 
2.617300e+09 8.000300e+03 
2619450000 8.021975e+03 
2621600000 8.001100e+03 
2623750000 7.986475e+03 
2.625900e+09 7.988350e+03 
2628050000 7.990775e+03 
2630200000 7.970425e+03 
2.632350e+09 7.959875e+03 
2634500000 7.954875e+03 
2636650000 7.953950e+03 
2638800000 7.992150e+03 
2.640950e+09 7.983875e+03 
2643100000 7.944275e+03 
2645250000 7.979225e+03 
2.647400e+09 7.994025e+03 
2649550000 7.995450e+03 
2651700000 8.009675e+03 
2653850000 8.009675e+03 
2.656000e+09 8.001275e+03 
2658150000 7.984775e+03 
2660300000 7985 
2.662450e+09 7.980050e+03 
2664600000 7.944050e+03 
2666750000 7.951850e+03 
2668900000 7.942525e+03 
2.671050e+09 7.912775e+03 
2673200000 7.948850e+03 
2675350000 7.941375e+03 
2677500000 7.982900e+03 
2679650000 7.960875e+03 
2681800000 7.992825e+03 
2683950000 8.017375e+03 
2.686100e+09 7.992275e+03 
2688250000 7.987475e+03 
2690400000 8.002850e+03 
2692550000 7.983725e+03 
2694700000 7.994050e+03 
2696850000 7.967575e+03 
2699000000 7.994775e+03 
2.701150e+09 7.961575e+03 
2703300000 7.946425e+03 
2705450000 7.938300e+03 
2707600000 7.957900e+03 
2.709750e+09 7.928825e+03 
2711900000 7.942575e+03 
2714050000 7.961775e+03 
2.716200e+09 7.994750e+03 
2718350000 7.977550e+03 
2720500000 8.005975e+03 
2722650000 7.999750e+03 
2724800000 8.023275e+03 
2726950000 7.950475e+03 
2729100000 8.003600e+03 
2.731250e+09 7.968500e+03 
2733400000 7.996825e+03 
2735550000 7.951450e+03 
2737700000 7.963550e+03 
2.739850e+09 7.977650e+03 
2742000000 7.991900e+03 
2744150000 7.974950e+03 
2.746300e+09 7.992825e+03 
2748450000 8.009825e+03 
2750600000 7.976625e+03 
2752750000 8.009100e+03 
2754900000 8.003850e+03 
2757050000 8.010800e+03 
2759200000 7.987125e+03 
2.761350e+09 8.014850e+03 
2763500000 7.986525e+03 
2765650000 8.008550e+03 
2767800000 8.011075e+03 
2.769950e+09 8.005025e+03 
2772100000 8.021625e+03 
2774250000 7.993350e+03 
2.776400e+09 7.981700e+03 
2778550000 8.000750e+03 
2780700000 8.004925e+03 
2782850000 7.995250e+03 
2785000000 8.015550e+03 
2787150000 7.993425e+03 
2789300000 7.989200e+03 
2791450000 7.994875e+03 
2793600000 7.999425e+03 
2795750000 8.001650e+03 
2797900000 7.981225e+03 
2.800050e+09 7.987225e+03 
2802200000 8.006675e+03 
2804350000 8.001250e+03 
2806500000 7.982075e+03 
2808650000 7.999975e+03 
2810800000 8.001550e+03 
2812950000 7.998500e+03 
2815100000 7.990375e+03 
2817250000 7.995750e+03 
2819400000 7.971050e+03 
2821550000 7.982650e+03 
2823700000 7.994900e+03 
2825850000 7.974075e+03 
2828000000 7.984750e+03 
2.830150e+09 7.992550e+03 
2832300000 7.996325e+03 
2834450000 8.008725e+03 
2836600000 8.005825e+03 
2838750000 8.001175e+03 
2840900000 8.015525e+03 
2843050000 7.990925e+03 
2845200000 7.988100e+03 
2847350000 7.994800e+03 
2849500000 8012 
2851650000 7.979750e+03 
2853800000 7.996375e+03 
2855950000 7.993700e+03 
2858100000 7.998850e+03 
2.860250e+09 7.986775e+03 
2862400000 7.984850e+03 
2864550000 7.991525e+03 
2866700000 7.980300e+03 
2868850000 7.992375e+03 
2871000000 7.996700e+03 
2873150000 7.996525e+03 
2875300000 7.983750e+03 
2877450000 7.988550e+03 
2879600000 7.993900e+03 
2881750000 7.986700e+03 
2883900000 8.002700e+03 
2886050000 7.966450e+03 
2888200000 7.988875e+03 
2.890350e+09 8.009200e+03 
2892500000 8.010425e+03 
2894650000 7.991950e+03 
2896800000 8.018200e+03 
2898950000 8.002400e+03 
2901100000 7.983675e+03 
2903250000 7.990675e+03 
2905400000 7.980225e+03 
2907550000 7.997350e+03 
2909700000 8.006875e+03 
2911850000 7.981550e+03 
2914000000 8.007225e+03 
2916150000 7.980525e+03 
2918300000 8.004700e+03 
2920450000 8.006200e+03 
2922600000 7.997725e+03 
2924750000 7.985025e+03 
2926900000 7.986675e+03 
2929050000 7.992950e+03 
2931200000 7.999950e+03 
2933350000 7.976275e+03 
2935500000 7.957950e+03 
2937650000 7.999450e+03 
2939800000 8.008875e+03 
2941950000 8.019100e+03 
2.944100e+09 8.001550e+03 
2946250000 7.981650e+03 
2948400000 7.980475e+03 
2950550000 7.995025e+03 
2952700000 8.007050e+03 
2954850000 8.005025e+03 
2957000000 7975 
2959150000 7.992450e+03 
2961300000 8.000275e+03 
2963450000 8021 
2965600000 8.003250e+03 
2967750000 7.995325e+03 
2969900000 7.999500e+03 
2972050000 7.988125e+03 
2974200000 7.975025e+03 
2976350000 7.989150e+03 
2978500000 8.008800e+03 
2980650000 8.005600e+03 
2982800000 7.993300e+03 
2984950000 8.003150e+03 
2987100000 7.973350e+03 
2989250000 7.990425e+03 
2991400000 8.003300e+03 
2993550000 7.997875e+03 
2995700000 7.984325e+03 
2997850000 7.994850e+03 
3000000000 7.991325e+03 

END
