IGOR
WAVES/D/O sweep,sig(1) 
BEGIN
2570000000 8.209200e+03 
2.572150e+09 8.228050e+03 
2574300000 8200 
2576450000 8.175075e+03 
2578600000 8.194575e+03 
2.580750e+09 8.195800e+03 
2582900000 8.211075e+03 
2585050000 8.186350e+03 
2.587200e+09 8.190950e+03 
2589350000 8.224275e+03 
2591500000 8.191225e+03 
2593650000 8.183600e+03 
2.595800e+09 8.197750e+03 
2597950000 8.192450e+03 
2600100000 8.195450e+03 
2.602250e+09 8.201775e+03 
2604400000 8.191050e+03 
2606550000 8.204525e+03 
2608700000 8.182375e+03 
2.610850e+09 8.193600e+03 
2613000000 8.217750e+03 
2615150000 8.188850e+03 
2.617300e+09 8.197200e+03 
2619450000 8.199800e+03 
2621600000 8.210450e+03 
2623750000 8.215175e+03 
2.625900e+09 8.184650e+03 
2628050000 8.181075e+03 
2630200000 8.185500e+03 
2.632350e+09 8.172850e+03 
2634500000 8.144450e+03 
2636650000 8.158500e+03 
2638800000 8.180725e+03 
2.640950e+09 8.153675e+03 
2643100000 8.153900e+03 
2645250000 8.151250e+03 
2.647400e+09 8.181250e+03 
2649550000 8.199625e+03 
2651700000 8.206725e+03 
2653850000 8.212925e+03 
2.656000e+09 8.196400e+03 
2658150000 8.197200e+03 
2660300000 8.198500e+03 
2.662450e+09 8.157375e+03 
2664600000 8.175050e+03 
2666750000 8.143725e+03 
2668900000 8.151400e+03 
2.671050e+09 8.119125e+03 
2673200000 8.143275e+03 
2675350000 8.143875e+03 
2677500000 8.169400e+03 
2679650000 8.181575e+03 
2681800000 8.211175e+03 
2683950000 8.203750e+03 
2.686100e+09 8.198250e+03 
2688250000 8.192025e+03 
2690400000 8.202875e+03 
2692550000 8.209500e+03 
2694700000 8.220325e+03 
2696850000 8.171100e+03 
2699000000 8.170675e+03 
2.701150e+09 8.153050e+03 
2703300000 8.163275e+03 
2705450000 8.132850e+03 
2707600000 8.134050e+03 
2.709750e+09 8135 
2711900000 8.159100e+03 
2714050000 8.160100e+03 
2.716200e+09 8.170600e+03 
2718350000 8.196300e+03 
2720500000 8.209275e+03 
2722650000 8.193850e+03 
2724800000 8.181825e+03 
2726950000 8.202375e+03 
2729100000 8.180925e+03 
2.731250e+09 8.177850e+03 
2733400000 8.173425e+03 
2735550000 8.182700e+03 
2737700000 8.188300e+03 
2.739850e+09 8.170200e+03 
2742000000 8.190725e+03 
2744150000 8.174450e+03 
2.746300e+09 8.192925e+03 
2748450000 8.196600e+03 
2750600000 8.193525e+03 
2752750000 8.197325e+03 
2754900000 8.209675e+03 
2757050000 8.198325e+03 
2759200000 8.190475e+03 
2.761350e+09 8.205600e+03 
2763500000 8.201300e+03 
2765650000 8.205100e+03 
2767800000 8.198575e+03 
2.769950e+09 8.214575e+03 
2772100000 8.214400e+03 
2774250000 8.212475e+03 
2.776400e+09 8.210350e+03 
2778550000 8.218250e+03 
2780700000 8.189950e+03 
2782850000 8.201450e+03 
2785000000 8.194925e+03 
2787150000 8.205150e+03 
2789300000 8.197725e+03 
2791450000 8.164325e+03 
2793600000 8.199600e+03 
2795750000 8.223775e+03 
2797900000 8.203725e+03 
2.800050e+09 8.201350e+03 
2802200000 8.200700e+03 
2804350000 8.202775e+03 
2806500000 8.199550e+03 
2808650000 8.178550e+03 
2810800000 8.216425e+03 
2812950000 8.203450e+03 
2815100000 8.204525e+03 
2817250000 8.209500e+03 
2819400000 8198 
2821550000 8.203725e+03 
2823700000 8.190675e+03 
2825850000 8.193950e+03 
2828000000 8.207800e+03 
2.830150e+09 8.195325e+03 
2832300000 8.181925e+03 
2834450000 8.195425e+03 
2836600000 8.201550e+03 
2838750000 8.187500e+03 
2840900000 8.210150e+03 
2843050000 8.221700e+03 
2845200000 8.199750e+03 
2847350000 8.197450e+03 
2849500000 8.198825e+03 
2851650000 8.217675e+03 
2853800000 8.193500e+03 
2855950000 8.200925e+03 
2858100000 8.224600e+03 
2.860250e+09 8210 
2862400000 8.201800e+03 
2864550000 8.188150e+03 
2866700000 8.209225e+03 
2868850000 8.216875e+03 
2871000000 8.208575e+03 
2873150000 8.198400e+03 
2875300000 8.201025e+03 
2877450000 8.201550e+03 
2879600000 8.230400e+03 
2881750000 8.211425e+03 
2883900000 8.201400e+03 
2886050000 8.192200e+03 
2888200000 8.209500e+03 
2.890350e+09 8.205350e+03 
2892500000 8.219875e+03 
2894650000 8.225325e+03 
2896800000 8.239925e+03 
2898950000 8.226275e+03 
2901100000 8.210200e+03 
2903250000 8.229550e+03 
2905400000 8.214525e+03 
2907550000 8.220525e+03 
2909700000 8.214975e+03 
2911850000 8.200725e+03 
2914000000 8.231900e+03 
2916150000 8.215175e+03 
2918300000 8.189625e+03 
2920450000 8.212025e+03 
2922600000 8.206275e+03 
2924750000 8.219125e+03 
2926900000 8.203725e+03 
2929050000 8.206300e+03 
2931200000 8.221325e+03 
2933350000 8.194400e+03 
2935500000 8.219625e+03 
2937650000 8.207650e+03 
2939800000 8.209150e+03 
2941950000 8.209250e+03 
2.944100e+09 8.189500e+03 
2946250000 8.194875e+03 
2948400000 8.211950e+03 
2950550000 8.221125e+03 
2952700000 8.220275e+03 
2954850000 8229 
2957000000 8.209275e+03 
2959150000 8.199800e+03 
2961300000 8.202575e+03 
2963450000 8.222700e+03 
2965600000 8.193850e+03 
2967750000 8.196425e+03 
2969900000 8.216425e+03 
2972050000 8.218650e+03 
2974200000 8.214950e+03 
2976350000 8.212575e+03 
2978500000 8.198925e+03 
2980650000 8.203625e+03 
2982800000 8.206225e+03 
2984950000 8.207025e+03 
2987100000 8.226275e+03 
2989250000 8.213500e+03 
2991400000 8.240625e+03 
2993550000 8.220700e+03 
2995700000 8.221875e+03 
2997850000 8224 
3000000000 8.218600e+03 

END
