IGOR
WAVES/D/O sweep,sig(1) 
BEGIN
2570000000 8.028700e+03 
2.572150e+09 8.039175e+03 
2574300000 8.038675e+03 
2576450000 8.047750e+03 
2578600000 8.040525e+03 
2.580750e+09 8.037125e+03 
2582900000 8.029500e+03 
2585050000 8.018175e+03 
2.587200e+09 8.031775e+03 
2589350000 8.031550e+03 
2591500000 8.030775e+03 
2593650000 8.038350e+03 
2.595800e+09 8.019700e+03 
2597950000 8.010375e+03 
2600100000 8.049275e+03 
2.602250e+09 8.033575e+03 
2604400000 8.036250e+03 
2606550000 8.020325e+03 
2608700000 8.044325e+03 
2.610850e+09 8.018225e+03 
2613000000 8.041300e+03 
2615150000 8.012500e+03 
2.617300e+09 8.052850e+03 
2619450000 8036 
2621600000 8.009475e+03 
2623750000 8.045975e+03 
2.625900e+09 8.033450e+03 
2628050000 8.043150e+03 
2630200000 8.017500e+03 
2.632350e+09 7.993525e+03 
2634500000 7.983900e+03 
2636650000 7.993200e+03 
2638800000 7.994100e+03 
2.640950e+09 8.001100e+03 
2643100000 7982 
2645250000 7.995625e+03 
2.647400e+09 8.017575e+03 
2649550000 8.025550e+03 
2651700000 8.039825e+03 
2653850000 8.020725e+03 
2.656000e+09 8.040900e+03 
2658150000 8.010450e+03 
2660300000 8.016325e+03 
2.662450e+09 7.994050e+03 
2664600000 7.985050e+03 
2666750000 7.976050e+03 
2668900000 7.954950e+03 
2.671050e+09 7.987700e+03 
2673200000 7.974600e+03 
2675350000 7.975075e+03 
2677500000 7.970950e+03 
2679650000 7.997725e+03 
2681800000 8.013800e+03 
2683950000 8.017400e+03 
2.686100e+09 8.042725e+03 
2688250000 8.046775e+03 
2690400000 8.047600e+03 
2692550000 8.052950e+03 
2694700000 8.020125e+03 
2696850000 8027 
2699000000 7.986625e+03 
2.701150e+09 8.008075e+03 
2703300000 7.987250e+03 
2705450000 7.943225e+03 
2707600000 7.934325e+03 
2.709750e+09 7.959550e+03 
2711900000 7.969775e+03 
2714050000 7.970550e+03 
2.716200e+09 8.000025e+03 
2718350000 8.000450e+03 
2720500000 8.016100e+03 
2722650000 7.994675e+03 
2724800000 8.034625e+03 
2726950000 8.028475e+03 
2729100000 8.023175e+03 
2.731250e+09 8.025725e+03 
2733400000 7.985850e+03 
2735550000 8.011500e+03 
2737700000 8.000100e+03 
2.739850e+09 7.997875e+03 
2742000000 7.969775e+03 
2744150000 8.025975e+03 
2.746300e+09 8.018350e+03 
2748450000 8.032800e+03 
2750600000 8.037275e+03 
2752750000 8.018300e+03 
2754900000 8.036575e+03 
2757050000 8.004975e+03 
2759200000 8.047775e+03 
2.761350e+09 8.037450e+03 
2763500000 8.052925e+03 
2765650000 8.024700e+03 
2767800000 8.029175e+03 
2.769950e+09 8.019575e+03 
2772100000 8.042225e+03 
2774250000 8.019950e+03 
2.776400e+09 8033 
2778550000 8.021300e+03 
2780700000 8.045475e+03 
2782850000 8.038275e+03 
2785000000 8.029700e+03 
2787150000 8.054125e+03 
2789300000 8.026950e+03 
2791450000 8.060925e+03 
2793600000 8.029175e+03 
2795750000 8.005575e+03 
2797900000 8.033025e+03 
2.800050e+09 8.051100e+03 
2802200000 8.013150e+03 
2804350000 8.052400e+03 
2806500000 8.043350e+03 
2808650000 8.040600e+03 
2810800000 8.036300e+03 
2812950000 8.039975e+03 
2815100000 8.022050e+03 
2817250000 8.045925e+03 
2819400000 8.042050e+03 
2821550000 8.019325e+03 
2823700000 8.039250e+03 
2825850000 8034 
2828000000 8.022025e+03 
2.830150e+09 8.005775e+03 
2832300000 8.036375e+03 
2834450000 8.045400e+03 
2836600000 8.020700e+03 
2838750000 8.024625e+03 
2840900000 8023 
2843050000 8.030025e+03 
2845200000 8.010975e+03 
2847350000 8.023950e+03 
2849500000 8.028900e+03 
2851650000 8.046025e+03 
2853800000 8.026925e+03 
2855950000 8.030925e+03 
2858100000 8.032600e+03 
2.860250e+09 8.039250e+03 
2862400000 8.025175e+03 
2864550000 8018 
2866700000 8.057150e+03 
2868850000 8.050925e+03 
2871000000 8.027075e+03 
2873150000 8.034400e+03 
2875300000 8.065600e+03 
2877450000 8.043800e+03 
2879600000 8.046600e+03 
2881750000 8.027225e+03 
2883900000 8.029025e+03 
2886050000 8.009675e+03 
2888200000 8.046750e+03 
2.890350e+09 8.025575e+03 
2892500000 8.034525e+03 
2894650000 8.012600e+03 
2896800000 8.039425e+03 
2898950000 8.029900e+03 
2901100000 8.026450e+03 
2903250000 8.038250e+03 
2905400000 8.054625e+03 
2907550000 8.037575e+03 
2909700000 8.023150e+03 
2911850000 8.026475e+03 
2914000000 8.031650e+03 
2916150000 8.039525e+03 
2918300000 8.052250e+03 
2920450000 8.017150e+03 
2922600000 8.049625e+03 
2924750000 8.020875e+03 
2926900000 8.016925e+03 
2929050000 8.028600e+03 
2931200000 8.048025e+03 
2933350000 8.039950e+03 
2935500000 8.025675e+03 
2937650000 8.058100e+03 
2939800000 8.033300e+03 
2941950000 8.044325e+03 
2.944100e+09 8.056700e+03 
2946250000 8.024550e+03 
2948400000 8.030900e+03 
2950550000 8.054025e+03 
2952700000 8.047950e+03 
2954850000 8.049100e+03 
2957000000 8.038950e+03 
2959150000 8.019400e+03 
2961300000 8.034300e+03 
2963450000 8.016200e+03 
2965600000 8.031475e+03 
2967750000 8.045300e+03 
2969900000 8.041125e+03 
2972050000 8.025975e+03 
2974200000 8.040925e+03 
2976350000 8.066575e+03 
2978500000 8.029875e+03 
2980650000 8.020925e+03 
2982800000 8.033950e+03 
2984950000 8.041525e+03 
2987100000 8035 
2989250000 8.011850e+03 
2991400000 8.061150e+03 
2993550000 8.026725e+03 
2995700000 8.043400e+03 
2997850000 8.045450e+03 
3000000000 8.067825e+03 

END
