IGOR
WAVES/D/O sweep,sig(1) 
BEGIN
2570000000 8.235075e+03 
2.572150e+09 8.249150e+03 
2574300000 8.227225e+03 
2576450000 8.233925e+03 
2578600000 8.220100e+03 
2.580750e+09 8.222050e+03 
2582900000 8.243750e+03 
2585050000 8.235600e+03 
2.587200e+09 8.237600e+03 
2589350000 8.235725e+03 
2591500000 8.245100e+03 
2593650000 8.235100e+03 
2.595800e+09 8.248250e+03 
2597950000 8.231975e+03 
2600100000 8.258575e+03 
2.602250e+09 8.241875e+03 
2604400000 8.240700e+03 
2606550000 8229 
2608700000 8.264250e+03 
2.610850e+09 8.227650e+03 
2613000000 8.234100e+03 
2615150000 8.269100e+03 
2.617300e+09 8.249375e+03 
2619450000 8.242575e+03 
2621600000 8.250400e+03 
2623750000 8.220375e+03 
2.625900e+09 8.242025e+03 
2628050000 8.232200e+03 
2630200000 8.235875e+03 
2.632350e+09 8.213750e+03 
2634500000 8.221900e+03 
2636650000 8.221050e+03 
2638800000 8.211200e+03 
2.640950e+09 8.194575e+03 
2643100000 8.215775e+03 
2645250000 8.217375e+03 
2.647400e+09 8.230075e+03 
2649550000 8.227775e+03 
2651700000 8.227500e+03 
2653850000 8.232600e+03 
2.656000e+09 8.230750e+03 
2658150000 8.212050e+03 
2660300000 8.216950e+03 
2.662450e+09 8.214575e+03 
2664600000 8.198325e+03 
2666750000 8.185325e+03 
2668900000 8.161475e+03 
2.671050e+09 8.193575e+03 
2673200000 8.172850e+03 
2675350000 8.181725e+03 
2677500000 8.205900e+03 
2679650000 8234 
2681800000 8.216525e+03 
2683950000 8.240550e+03 
2.686100e+09 8.254750e+03 
2688250000 8.232500e+03 
2690400000 8.236575e+03 
2692550000 8.224250e+03 
2694700000 8.210200e+03 
2696850000 8.217425e+03 
2699000000 8.216650e+03 
2.701150e+09 8.199750e+03 
2703300000 8.196375e+03 
2705450000 8.192225e+03 
2707600000 8183 
2.709750e+09 8.156150e+03 
2711900000 8.192400e+03 
2714050000 8.199025e+03 
2.716200e+09 8.198850e+03 
2718350000 8.229775e+03 
2720500000 8.221200e+03 
2722650000 8.228025e+03 
2724800000 8.234750e+03 
2726950000 8.217550e+03 
2729100000 8.218150e+03 
2.731250e+09 8.219200e+03 
2733400000 8.206250e+03 
2735550000 8.209300e+03 
2737700000 8.224625e+03 
2.739850e+09 8.208425e+03 
2742000000 8.208450e+03 
2744150000 8.206700e+03 
2.746300e+09 8.244100e+03 
2748450000 8.238825e+03 
2750600000 8.212975e+03 
2752750000 8.207375e+03 
2754900000 8.236150e+03 
2757050000 8.246325e+03 
2759200000 8.222100e+03 
2.761350e+09 8.223450e+03 
2763500000 8.235600e+03 
2765650000 8.219975e+03 
2767800000 8.220275e+03 
2.769950e+09 8.237600e+03 
2772100000 8.213950e+03 
2774250000 8.211200e+03 
2.776400e+09 8.238250e+03 
2778550000 8.222350e+03 
2780700000 8.225300e+03 
2782850000 8.220675e+03 
2785000000 8.222125e+03 
2787150000 8.212750e+03 
2789300000 8.236550e+03 
2791450000 8.222325e+03 
2793600000 8.226400e+03 
2795750000 8.209750e+03 
2797900000 8.222375e+03 
2.800050e+09 8.214200e+03 
2802200000 8.206800e+03 
2804350000 8.207300e+03 
2806500000 8.245325e+03 
2808650000 8.227975e+03 
2810800000 8.219050e+03 
2812950000 8.219500e+03 
2815100000 8.213025e+03 
2817250000 8.234900e+03 
2819400000 8.204725e+03 
2821550000 8.235825e+03 
2823700000 8.220200e+03 
2825850000 8.233975e+03 
2828000000 8.214250e+03 
2.830150e+09 8.220275e+03 
2832300000 8.218025e+03 
2834450000 8.206925e+03 
2836600000 8.217725e+03 
2838750000 8.198550e+03 
2840900000 8.192675e+03 
2843050000 8.213950e+03 
2845200000 8.210400e+03 
2847350000 8.202925e+03 
2849500000 8.215500e+03 
2851650000 8.209700e+03 
2853800000 8.217825e+03 
2855950000 8.218050e+03 
2858100000 8.222775e+03 
2.860250e+09 8.216425e+03 
2862400000 8.197575e+03 
2864550000 8.205900e+03 
2866700000 8.230600e+03 
2868850000 8.195750e+03 
2871000000 8.195850e+03 
2873150000 8.211650e+03 
2875300000 8.232700e+03 
2877450000 8.228850e+03 
2879600000 8.209700e+03 
2881750000 8214 
2883900000 8.213825e+03 
2886050000 8.214550e+03 
2888200000 8.216825e+03 
2.890350e+09 8.225675e+03 
2892500000 8.199875e+03 
2894650000 8.218175e+03 
2896800000 8.216150e+03 
2898950000 8.198125e+03 
2901100000 8.199825e+03 
2903250000 8.221150e+03 
2905400000 8.229275e+03 
2907550000 8.207775e+03 
2909700000 8.192725e+03 
2911850000 8.206625e+03 
2914000000 8.194475e+03 
2916150000 8.183550e+03 
2918300000 8.195550e+03 
2920450000 8.177975e+03 
2922600000 8.210650e+03 
2924750000 8.180800e+03 
2926900000 8.207200e+03 
2929050000 8.195575e+03 
2931200000 8.193525e+03 
2933350000 8191 
2935500000 8.197600e+03 
2937650000 8.226825e+03 
2939800000 8.192325e+03 
2941950000 8.220925e+03 
2.944100e+09 8.195450e+03 
2946250000 8.205925e+03 
2948400000 8.210575e+03 
2950550000 8.224600e+03 
2952700000 8.205500e+03 
2954850000 8.202675e+03 
2957000000 8.202175e+03 
2959150000 8.190425e+03 
2961300000 8218 
2963450000 8.197425e+03 
2965600000 8.182575e+03 
2967750000 8.215550e+03 
2969900000 8.207925e+03 
2972050000 8.209725e+03 
2974200000 8.198700e+03 
2976350000 8.209375e+03 
2978500000 8.198500e+03 
2980650000 8.205375e+03 
2982800000 8.202850e+03 
2984950000 8.197500e+03 
2987100000 8207 
2989250000 8.199775e+03 
2991400000 8.191850e+03 
2993550000 8.211175e+03 
2995700000 8.216150e+03 
2997850000 8195 
3000000000 8.206650e+03 

END
