IGOR
WAVES/D/O sweep,sig(1) 
BEGIN
2570000000 7.996950e+03 
2.572150e+09 8.007250e+03 
2574300000 8.010750e+03 
2576450000 7.984825e+03 
2578600000 8.007150e+03 
2.580750e+09 7.990150e+03 
2582900000 8.013475e+03 
2585050000 8.004125e+03 
2.587200e+09 8.008025e+03 
2589350000 7.978275e+03 
2591500000 7.996250e+03 
2593650000 8.006500e+03 
2.595800e+09 7.997050e+03 
2597950000 7.994300e+03 
2600100000 8.019525e+03 
2.602250e+09 7.988025e+03 
2604400000 8.008800e+03 
2606550000 8.009075e+03 
2608700000 8.006675e+03 
2.610850e+09 7.994400e+03 
2613000000 7.994875e+03 
2615150000 7.984250e+03 
2.617300e+09 8.004375e+03 
2619450000 8.001400e+03 
2621600000 7.996775e+03 
2623750000 7.996750e+03 
2.625900e+09 8.003500e+03 
2628050000 7.980075e+03 
2630200000 7.952450e+03 
2.632350e+09 7.952725e+03 
2634500000 7.959075e+03 
2636650000 7.949175e+03 
2638800000 7.963475e+03 
2.640950e+09 7.959975e+03 
2643100000 7.948800e+03 
2645250000 7.969025e+03 
2.647400e+09 7.973025e+03 
2649550000 7.974650e+03 
2651700000 7.990350e+03 
2653850000 7.991075e+03 
2.656000e+09 7.997525e+03 
2658150000 7.997050e+03 
2660300000 7.973700e+03 
2.662450e+09 7.980325e+03 
2664600000 7.921325e+03 
2666750000 7955 
2668900000 7.937500e+03 
2.671050e+09 7.948275e+03 
2673200000 7.955325e+03 
2675350000 7.956150e+03 
2677500000 7.994625e+03 
2679650000 8.004300e+03 
2681800000 7.982550e+03 
2683950000 7.985375e+03 
2.686100e+09 8.015575e+03 
2688250000 7.983725e+03 
2690400000 7.992400e+03 
2692550000 7.993525e+03 
2694700000 8.024425e+03 
2696850000 7.990625e+03 
2699000000 7.975825e+03 
2.701150e+09 7.949925e+03 
2703300000 7.970325e+03 
2705450000 7934 
2707600000 7.911025e+03 
2.709750e+09 7.939325e+03 
2711900000 7.947350e+03 
2714050000 7.963125e+03 
2.716200e+09 7.994750e+03 
2718350000 7.956625e+03 
2720500000 7.991950e+03 
2722650000 7.997200e+03 
2724800000 8.008850e+03 
2726950000 7.969250e+03 
2729100000 7.979125e+03 
2.731250e+09 7.973250e+03 
2733400000 7.961375e+03 
2735550000 7.957150e+03 
2737700000 7.950750e+03 
2.739850e+09 7.955725e+03 
2742000000 7.978375e+03 
2744150000 7.960075e+03 
2.746300e+09 7.998625e+03 
2748450000 7.987625e+03 
2750600000 7.997025e+03 
2752750000 8.020725e+03 
2754900000 8.031100e+03 
2757050000 7.988450e+03 
2759200000 8.018425e+03 
2.761350e+09 8.012975e+03 
2763500000 8.012375e+03 
2765650000 8006 
2767800000 7.998600e+03 
2.769950e+09 7.995200e+03 
2772100000 7.999375e+03 
2774250000 8.008025e+03 
2.776400e+09 8.016850e+03 
2778550000 7.989525e+03 
2780700000 8.001050e+03 
2782850000 7.997500e+03 
2785000000 7.991750e+03 
2787150000 7.989500e+03 
2789300000 8.004050e+03 
2791450000 7.991500e+03 
2793600000 7.977825e+03 
2795750000 7.988700e+03 
2797900000 8.003575e+03 
2.800050e+09 7.979175e+03 
2802200000 8.002900e+03 
2804350000 7.994425e+03 
2806500000 7.995700e+03 
2808650000 7983 
2810800000 8.017750e+03 
2812950000 7.992350e+03 
2815100000 7.979550e+03 
2817250000 7.997475e+03 
2819400000 7.998975e+03 
2821550000 7.998550e+03 
2823700000 8.000300e+03 
2825850000 8.002200e+03 
2828000000 8.010225e+03 
2.830150e+09 7.995425e+03 
2832300000 8.014875e+03 
2834450000 7.987875e+03 
2836600000 7.983725e+03 
2838750000 7.975700e+03 
2840900000 7.963050e+03 
2843050000 8.013475e+03 
2845200000 7.994425e+03 
2847350000 7.992025e+03 
2849500000 7.982425e+03 
2851650000 7.983625e+03 
2853800000 7.981350e+03 
2855950000 7.963575e+03 
2858100000 8.020250e+03 
2.860250e+09 7.993850e+03 
2862400000 7.987875e+03 
2864550000 7.998150e+03 
2866700000 7985 
2868850000 7.982850e+03 
2871000000 7.981100e+03 
2873150000 7.984125e+03 
2875300000 7.987800e+03 
2877450000 7.995625e+03 
2879600000 7.990225e+03 
2881750000 8.008900e+03 
2883900000 7.988875e+03 
2886050000 7.996650e+03 
2888200000 7.994600e+03 
2.890350e+09 8.010675e+03 
2892500000 7.988325e+03 
2894650000 7.981225e+03 
2896800000 7.980750e+03 
2898950000 7.976050e+03 
2901100000 8.001150e+03 
2903250000 7989 
2905400000 7.979025e+03 
2907550000 8.002250e+03 
2909700000 8.000950e+03 
2911850000 7.980350e+03 
2914000000 7.988975e+03 
2916150000 7.998400e+03 
2918300000 7.973675e+03 
2920450000 7.960975e+03 
2922600000 7.992300e+03 
2924750000 7.983825e+03 
2926900000 8.015625e+03 
2929050000 7.998225e+03 
2931200000 7.982925e+03 
2933350000 7.997150e+03 
2935500000 7.970475e+03 
2937650000 7.978650e+03 
2939800000 7.999250e+03 
2941950000 7.978050e+03 
2.944100e+09 8.013800e+03 
2946250000 7.964850e+03 
2948400000 8.018725e+03 
2950550000 7.968300e+03 
2952700000 8.002225e+03 
2954850000 7.988775e+03 
2957000000 7.985300e+03 
2959150000 7.960775e+03 
2961300000 8.011700e+03 
2963450000 7.990325e+03 
2965600000 7.977800e+03 
2967750000 7.975925e+03 
2969900000 7.995425e+03 
2972050000 7.975900e+03 
2974200000 7.980625e+03 
2976350000 7.976625e+03 
2978500000 7994 
2980650000 7.981400e+03 
2982800000 7.974650e+03 
2984950000 7.993500e+03 
2987100000 8.011175e+03 
2989250000 7.979300e+03 
2991400000 7.998700e+03 
2993550000 7.979275e+03 
2995700000 7.985800e+03 
2997850000 7.994525e+03 
3000000000 7.989825e+03 

END
