IGOR
WAVES/D/O sweep,sig(1) 
BEGIN
2570000000 7.978100e+03 
2.572150e+09 7.940175e+03 
2574300000 7.946625e+03 
2576450000 7.969650e+03 
2578600000 7.974025e+03 
2.580750e+09 7.971725e+03 
2582900000 7.947050e+03 
2585050000 7.969875e+03 
2.587200e+09 7961 
2589350000 7.971625e+03 
2591500000 7.943675e+03 
2593650000 7.989025e+03 
2.595800e+09 7.978950e+03 
2597950000 7.952750e+03 
2600100000 7.967400e+03 
2.602250e+09 7.976300e+03 
2604400000 7.961075e+03 
2606550000 7.971025e+03 
2608700000 7927 
2.610850e+09 7.965175e+03 
2613000000 7.973500e+03 
2615150000 7.978975e+03 
2.617300e+09 7.950150e+03 
2619450000 7.978825e+03 
2621600000 7.961900e+03 
2623750000 7.956950e+03 
2.625900e+09 7.954950e+03 
2628050000 7.963050e+03 
2630200000 7.950175e+03 
2.632350e+09 7.941500e+03 
2634500000 7.916525e+03 
2636650000 7.925900e+03 
2638800000 7.960725e+03 
2.640950e+09 7.933525e+03 
2643100000 7.932875e+03 
2645250000 7.937550e+03 
2.647400e+09 7.959725e+03 
2649550000 7.978675e+03 
2651700000 7.965175e+03 
2653850000 7.967875e+03 
2.656000e+09 7.953500e+03 
2658150000 7.965750e+03 
2660300000 7.956375e+03 
2.662450e+09 7.924025e+03 
2664600000 7.921625e+03 
2666750000 7.897075e+03 
2668900000 7.896450e+03 
2.671050e+09 7.909575e+03 
2673200000 7.921525e+03 
2675350000 7.917375e+03 
2677500000 7.930225e+03 
2679650000 7.972425e+03 
2681800000 7.951500e+03 
2683950000 7.989175e+03 
2.686100e+09 8.003800e+03 
2688250000 7.956675e+03 
2690400000 7.984375e+03 
2692550000 7.963075e+03 
2694700000 7.934800e+03 
2696850000 7.936550e+03 
2699000000 7.926150e+03 
2.701150e+09 7.908500e+03 
2703300000 7.911550e+03 
2705450000 7.894800e+03 
2707600000 7.901525e+03 
2.709750e+09 7.918750e+03 
2711900000 7.925425e+03 
2714050000 7.902425e+03 
2.716200e+09 7.916675e+03 
2718350000 7.945025e+03 
2720500000 7.974950e+03 
2722650000 7.927900e+03 
2724800000 7.949375e+03 
2726950000 7.949375e+03 
2729100000 7.948525e+03 
2.731250e+09 7.934225e+03 
2733400000 7.942600e+03 
2735550000 7.937425e+03 
2737700000 7.941025e+03 
2.739850e+09 7.955250e+03 
2742000000 7.957150e+03 
2744150000 7.959875e+03 
2.746300e+09 7.954225e+03 
2748450000 7.972600e+03 
2750600000 7.956875e+03 
2752750000 7.961250e+03 
2754900000 7976 
2757050000 7.975375e+03 
2759200000 7.967925e+03 
2.761350e+09 7.966350e+03 
2763500000 7.978350e+03 
2765650000 7.970175e+03 
2767800000 7.968325e+03 
2.769950e+09 7.959700e+03 
2772100000 7.977700e+03 
2774250000 7.978850e+03 
2.776400e+09 7.981575e+03 
2778550000 7.974200e+03 
2780700000 7.961150e+03 
2782850000 7.981350e+03 
2785000000 7.969575e+03 
2787150000 7.967200e+03 
2789300000 7.975625e+03 
2791450000 7.947875e+03 
2793600000 7.941475e+03 
2795750000 7.967225e+03 
2797900000 8011 
2.800050e+09 7.967625e+03 
2802200000 7.956400e+03 
2804350000 7.943375e+03 
2806500000 7.986550e+03 
2808650000 7.961500e+03 
2810800000 7.960225e+03 
2812950000 7.968250e+03 
2815100000 7.981125e+03 
2817250000 7.986925e+03 
2819400000 7.982650e+03 
2821550000 7.963650e+03 
2823700000 7.963975e+03 
2825850000 7.982075e+03 
2828000000 7.989225e+03 
2.830150e+09 7.955900e+03 
2832300000 7.968475e+03 
2834450000 7.954200e+03 
2836600000 7.978675e+03 
2838750000 7.962175e+03 
2840900000 7.979925e+03 
2843050000 7.960550e+03 
2845200000 7.940450e+03 
2847350000 7.957950e+03 
2849500000 7.990525e+03 
2851650000 8.005525e+03 
2853800000 7.965225e+03 
2855950000 7.977250e+03 
2858100000 7.981125e+03 
2.860250e+09 7.976525e+03 
2862400000 7.949125e+03 
2864550000 7.954025e+03 
2866700000 7.964950e+03 
2868850000 7.966250e+03 
2871000000 7.972200e+03 
2873150000 7.965725e+03 
2875300000 7.973475e+03 
2877450000 7.990825e+03 
2879600000 7.968775e+03 
2881750000 7.954725e+03 
2883900000 7.999600e+03 
2886050000 7.985225e+03 
2888200000 7.979275e+03 
2.890350e+09 7.962450e+03 
2892500000 7.990600e+03 
2894650000 7.979575e+03 
2896800000 7.999300e+03 
2898950000 7.966050e+03 
2901100000 7.961075e+03 
2903250000 8.013575e+03 
2905400000 7.991175e+03 
2907550000 7.978850e+03 
2909700000 7.996625e+03 
2911850000 7.992125e+03 
2914000000 7.981925e+03 
2916150000 7.986175e+03 
2918300000 7.996200e+03 
2920450000 7.995650e+03 
2922600000 7.988875e+03 
2924750000 7.963375e+03 
2926900000 7.973850e+03 
2929050000 7.988150e+03 
2931200000 7.969700e+03 
2933350000 7.972200e+03 
2935500000 7.962100e+03 
2937650000 7.977025e+03 
2939800000 7.981050e+03 
2941950000 7.971175e+03 
2.944100e+09 7.962625e+03 
2946250000 7.974650e+03 
2948400000 7.988450e+03 
2950550000 7.984900e+03 
2952700000 7.967325e+03 
2954850000 7.980125e+03 
2957000000 7.983975e+03 
2959150000 7.994675e+03 
2961300000 7.998750e+03 
2963450000 7.980750e+03 
2965600000 8.013300e+03 
2967750000 7.998275e+03 
2969900000 7.993100e+03 
2972050000 7.986575e+03 
2974200000 7.995425e+03 
2976350000 8.018225e+03 
2978500000 7.983050e+03 
2980650000 7.999350e+03 
2982800000 8.002800e+03 
2984950000 7.975450e+03 
2987100000 7.970275e+03 
2989250000 7.974025e+03 
2991400000 7.993450e+03 
2993550000 7.996075e+03 
2995700000 8.003125e+03 
2997850000 7.993275e+03 
3000000000 8.021450e+03 

END
