IGOR
WAVES/D/O sweep,sig(1) 
BEGIN
2570000000 8.163375e+03 
2.572150e+09 8.151900e+03 
2574300000 8.158850e+03 
2576450000 8.176550e+03 
2578600000 8.153775e+03 
2.580750e+09 8.143725e+03 
2582900000 8.158650e+03 
2585050000 8.159450e+03 
2.587200e+09 8.159350e+03 
2589350000 8116 
2591500000 8.139850e+03 
2593650000 8.155275e+03 
2.595800e+09 8.159275e+03 
2597950000 8.153625e+03 
2600100000 8.124300e+03 
2.602250e+09 8.155375e+03 
2604400000 8.175175e+03 
2606550000 8.128100e+03 
2608700000 8.148800e+03 
2.610850e+09 8.136175e+03 
2613000000 8.145875e+03 
2615150000 8.167600e+03 
2.617300e+09 8.155575e+03 
2619450000 8.178700e+03 
2621600000 8.144600e+03 
2623750000 8.142325e+03 
2.625900e+09 8.155750e+03 
2628050000 8.152225e+03 
2630200000 8.140475e+03 
2.632350e+09 8.151675e+03 
2634500000 8.109900e+03 
2636650000 8.101850e+03 
2638800000 8.109800e+03 
2.640950e+09 8.118750e+03 
2643100000 8.115625e+03 
2645250000 8.109225e+03 
2.647400e+09 8.126575e+03 
2649550000 8.143300e+03 
2651700000 8.136125e+03 
2653850000 8.165575e+03 
2.656000e+09 8.165150e+03 
2658150000 8.147525e+03 
2660300000 8.141525e+03 
2.662450e+09 8.115675e+03 
2664600000 8.100700e+03 
2666750000 8.077950e+03 
2668900000 8.055125e+03 
2.671050e+09 8.098225e+03 
2673200000 8.098675e+03 
2675350000 8.073725e+03 
2677500000 8.127325e+03 
2679650000 8.118100e+03 
2681800000 8.143725e+03 
2683950000 8.145425e+03 
2.686100e+09 8.145400e+03 
2688250000 8.157625e+03 
2690400000 8.146375e+03 
2692550000 8.165650e+03 
2694700000 8.137800e+03 
2696850000 8.157300e+03 
2699000000 8.137625e+03 
2.701150e+09 8.132050e+03 
2703300000 8.103450e+03 
2705450000 8.111075e+03 
2707600000 8.092650e+03 
2.709750e+09 8.103875e+03 
2711900000 8.121325e+03 
2714050000 8.113275e+03 
2.716200e+09 8.124325e+03 
2718350000 8.146600e+03 
2720500000 8.143250e+03 
2722650000 8.159250e+03 
2724800000 8.167700e+03 
2726950000 8.156200e+03 
2729100000 8.140275e+03 
2.731250e+09 8119 
2733400000 8.127850e+03 
2735550000 8.124625e+03 
2737700000 8.115600e+03 
2.739850e+09 8.122300e+03 
2742000000 8.138100e+03 
2744150000 8.133550e+03 
2.746300e+09 8.128675e+03 
2748450000 8.158725e+03 
2750600000 8.136375e+03 
2752750000 8.156525e+03 
2754900000 8.157375e+03 
2757050000 8.141675e+03 
2759200000 8.158400e+03 
2.761350e+09 8.155625e+03 
2763500000 8154 
2765650000 8.141775e+03 
2767800000 8.165275e+03 
2.769950e+09 8.191400e+03 
2772100000 8.173450e+03 
2774250000 8.166850e+03 
2.776400e+09 8.156100e+03 
2778550000 8.167625e+03 
2780700000 8.157125e+03 
2782850000 8.148350e+03 
2785000000 8.180975e+03 
2787150000 8166 
2789300000 8.142100e+03 
2791450000 8.165550e+03 
2793600000 8.139125e+03 
2795750000 8.135425e+03 
2797900000 8.151975e+03 
2.800050e+09 8.163575e+03 
2802200000 8.163775e+03 
2804350000 8.161900e+03 
2806500000 8164 
2808650000 8.155475e+03 
2810800000 8.139725e+03 
2812950000 8.147225e+03 
2815100000 8.162925e+03 
2817250000 8.138025e+03 
2819400000 8.149050e+03 
2821550000 8.172175e+03 
2823700000 8.163025e+03 
2825850000 8.156675e+03 
2828000000 8.132900e+03 
2.830150e+09 8.164175e+03 
2832300000 8.166900e+03 
2834450000 8.159475e+03 
2836600000 8.143500e+03 
2838750000 8.149900e+03 
2840900000 8.147825e+03 
2843050000 8.170475e+03 
2845200000 8.127325e+03 
2847350000 8.143275e+03 
2849500000 8.169975e+03 
2851650000 8.140425e+03 
2853800000 8.141575e+03 
2855950000 8.141275e+03 
2858100000 8.137200e+03 
2.860250e+09 8.165300e+03 
2862400000 8.183700e+03 
2864550000 8.168050e+03 
2866700000 8.170525e+03 
2868850000 8190 
2871000000 8.170875e+03 
2873150000 8.167175e+03 
2875300000 8.161775e+03 
2877450000 8.143025e+03 
2879600000 8.160075e+03 
2881750000 8.160875e+03 
2883900000 8.154775e+03 
2886050000 8.158150e+03 
2888200000 8.181575e+03 
2.890350e+09 8.152275e+03 
2892500000 8.164400e+03 
2894650000 8.170275e+03 
2896800000 8.164900e+03 
2898950000 8.136125e+03 
2901100000 8.140550e+03 
2903250000 8.148125e+03 
2905400000 8.149025e+03 
2907550000 8.164225e+03 
2909700000 8.156900e+03 
2911850000 8.167800e+03 
2914000000 8.141325e+03 
2916150000 8.154275e+03 
2918300000 8.159275e+03 
2920450000 8.164775e+03 
2922600000 8.164025e+03 
2924750000 8.160575e+03 
2926900000 8.169750e+03 
2929050000 8.154475e+03 
2931200000 8.161850e+03 
2933350000 8.154025e+03 
2935500000 8.145950e+03 
2937650000 8.138950e+03 
2939800000 8.156950e+03 
2941950000 8.160450e+03 
2.944100e+09 8.178750e+03 
2946250000 8.167550e+03 
2948400000 8.162275e+03 
2950550000 8.150725e+03 
2952700000 8.151450e+03 
2954850000 8.166750e+03 
2957000000 8.138800e+03 
2959150000 8.155575e+03 
2961300000 8.176250e+03 
2963450000 8.162475e+03 
2965600000 8.146750e+03 
2967750000 8.142825e+03 
2969900000 8.144800e+03 
2972050000 8.162825e+03 
2974200000 8.159175e+03 
2976350000 8.149025e+03 
2978500000 8.157400e+03 
2980650000 8.157200e+03 
2982800000 8.150275e+03 
2984950000 8.159800e+03 
2987100000 8.183500e+03 
2989250000 8.158325e+03 
2991400000 8.164225e+03 
2993550000 8.187675e+03 
2995700000 8.178050e+03 
2997850000 8.159875e+03 
3000000000 8.170200e+03 

END
