IGOR
WAVES/D/O sweep,sig(1) 
BEGIN
2570000000 8.086350e+03 
2.572150e+09 8.081425e+03 
2574300000 8.071875e+03 
2576450000 8.070650e+03 
2578600000 8.082925e+03 
2.580750e+09 8.102400e+03 
2582900000 8.089400e+03 
2585050000 8.082100e+03 
2.587200e+09 8.082350e+03 
2589350000 8.075575e+03 
2591500000 8.092925e+03 
2593650000 8.086650e+03 
2.595800e+09 8.098900e+03 
2597950000 8.103125e+03 
2600100000 8.089775e+03 
2.602250e+09 8.091900e+03 
2604400000 8.074325e+03 
2606550000 8.084250e+03 
2608700000 8.102475e+03 
2.610850e+09 8.064775e+03 
2613000000 8.076050e+03 
2615150000 8.110700e+03 
2.617300e+09 8.103475e+03 
2619450000 8.083675e+03 
2621600000 8.068275e+03 
2623750000 8.075325e+03 
2.625900e+09 8.082550e+03 
2628050000 8.053275e+03 
2630200000 8.055575e+03 
2.632350e+09 8.050950e+03 
2634500000 8.045375e+03 
2636650000 8.019575e+03 
2638800000 8.020600e+03 
2.640950e+09 8.032275e+03 
2643100000 8.049075e+03 
2645250000 8.039925e+03 
2.647400e+09 8.060175e+03 
2649550000 8.072875e+03 
2651700000 8.050600e+03 
2653850000 8.076175e+03 
2.656000e+09 8.082425e+03 
2658150000 8.059975e+03 
2660300000 8.047250e+03 
2.662450e+09 8.060625e+03 
2664600000 8.045075e+03 
2666750000 8.005575e+03 
2668900000 8.004925e+03 
2.671050e+09 8.020025e+03 
2673200000 8.017900e+03 
2675350000 8.015975e+03 
2677500000 8.039275e+03 
2679650000 8.056900e+03 
2681800000 8.058525e+03 
2683950000 8.069675e+03 
2.686100e+09 8.070525e+03 
2688250000 8.109400e+03 
2690400000 8.102325e+03 
2692550000 8.093475e+03 
2694700000 8.087625e+03 
2696850000 8.071825e+03 
2699000000 8.067425e+03 
2.701150e+09 8.035550e+03 
2703300000 8.025075e+03 
2705450000 7.992175e+03 
2707600000 8.010425e+03 
2.709750e+09 8.011025e+03 
2711900000 8.024650e+03 
2714050000 8035 
2.716200e+09 8.032600e+03 
2718350000 8.052100e+03 
2720500000 8.077925e+03 
2722650000 8.087650e+03 
2724800000 8.074100e+03 
2726950000 8.073100e+03 
2729100000 8.060075e+03 
2.731250e+09 8069 
2733400000 8.042275e+03 
2735550000 8.071825e+03 
2737700000 8.072150e+03 
2.739850e+09 8.072650e+03 
2742000000 8.049625e+03 
2744150000 8.043250e+03 
2.746300e+09 8.071600e+03 
2748450000 8.076850e+03 
2750600000 8.101075e+03 
2752750000 8083 
2754900000 8.093050e+03 
2757050000 8.103375e+03 
2759200000 8.096475e+03 
2.761350e+09 8.085025e+03 
2763500000 8.084175e+03 
2765650000 8089 
2767800000 8.082075e+03 
2.769950e+09 8.113375e+03 
2772100000 8.081200e+03 
2774250000 8.099725e+03 
2.776400e+09 8.089625e+03 
2778550000 8.090250e+03 
2780700000 8.087550e+03 
2782850000 8.081400e+03 
2785000000 8.077425e+03 
2787150000 8.090400e+03 
2789300000 8.088450e+03 
2791450000 8.088700e+03 
2793600000 8.095250e+03 
2795750000 8.060350e+03 
2797900000 8.082200e+03 
2.800050e+09 8.111675e+03 
2802200000 8.091575e+03 
2804350000 8.062750e+03 
2806500000 8.075175e+03 
2808650000 8.076625e+03 
2810800000 8.089975e+03 
2812950000 8.097950e+03 
2815100000 8.085175e+03 
2817250000 8.092225e+03 
2819400000 8.102525e+03 
2821550000 8.087650e+03 
2823700000 8.117625e+03 
2825850000 8.084300e+03 
2828000000 8.126025e+03 
2.830150e+09 8.119375e+03 
2832300000 8.094400e+03 
2834450000 8.082425e+03 
2836600000 8.084575e+03 
2838750000 8.093100e+03 
2840900000 8.080075e+03 
2843050000 8.084100e+03 
2845200000 8.089125e+03 
2847350000 8.084275e+03 
2849500000 8.080350e+03 
2851650000 8.099450e+03 
2853800000 8.090925e+03 
2855950000 8.084150e+03 
2858100000 8.099975e+03 
2.860250e+09 8.094650e+03 
2862400000 8.103950e+03 
2864550000 8.092875e+03 
2866700000 8.085925e+03 
2868850000 8.119850e+03 
2871000000 8.091175e+03 
2873150000 8.102300e+03 
2875300000 8.105900e+03 
2877450000 8.099975e+03 
2879600000 8.106275e+03 
2881750000 8.087975e+03 
2883900000 8.113875e+03 
2886050000 8.083175e+03 
2888200000 8.099525e+03 
2.890350e+09 8.082325e+03 
2892500000 8.105200e+03 
2894650000 8.089075e+03 
2896800000 8.126725e+03 
2898950000 8.114125e+03 
2901100000 8.083825e+03 
2903250000 8.095050e+03 
2905400000 8.082625e+03 
2907550000 8.090200e+03 
2909700000 8.110525e+03 
2911850000 8.106525e+03 
2914000000 8.094025e+03 
2916150000 8107 
2918300000 8.083375e+03 
2920450000 8.099525e+03 
2922600000 8.073350e+03 
2924750000 8.107575e+03 
2926900000 8.083775e+03 
2929050000 8.094200e+03 
2931200000 8.069250e+03 
2933350000 8.089025e+03 
2935500000 8.109825e+03 
2937650000 8.100800e+03 
2939800000 8.110075e+03 
2941950000 8.101525e+03 
2.944100e+09 8.127350e+03 
2946250000 8.100950e+03 
2948400000 8.113275e+03 
2950550000 8.134025e+03 
2952700000 8.101100e+03 
2954850000 8.110550e+03 
2957000000 8.099175e+03 
2959150000 8.101675e+03 
2961300000 8.125725e+03 
2963450000 8.125575e+03 
2965600000 8.104850e+03 
2967750000 8.114050e+03 
2969900000 8.106525e+03 
2972050000 8.093925e+03 
2974200000 8.105300e+03 
2976350000 8.106775e+03 
2978500000 8.106450e+03 
2980650000 8.101800e+03 
2982800000 8.093075e+03 
2984950000 8.101775e+03 
2987100000 8.109100e+03 
2989250000 8.097975e+03 
2991400000 8.096925e+03 
2993550000 8.105900e+03 
2995700000 8.107425e+03 
2997850000 8.096825e+03 
3000000000 8.105950e+03 

END
