IGOR
WAVES/D/O sweep,sig(1) 
BEGIN
2570000000 8.132775e+03 
2.572150e+09 8.142925e+03 
2574300000 8.136950e+03 
2576450000 8.122925e+03 
2578600000 8.145500e+03 
2.580750e+09 8.128550e+03 
2582900000 8134 
2585050000 8.134925e+03 
2.587200e+09 8.120075e+03 
2589350000 8.139975e+03 
2591500000 8.164950e+03 
2593650000 8.158625e+03 
2.595800e+09 8.129450e+03 
2597950000 8.145875e+03 
2600100000 8.143975e+03 
2.602250e+09 8.161200e+03 
2604400000 8.127625e+03 
2606550000 8.166300e+03 
2608700000 8.136125e+03 
2.610850e+09 8.156450e+03 
2613000000 8.159800e+03 
2615150000 8.151375e+03 
2.617300e+09 8.146750e+03 
2619450000 8.137900e+03 
2621600000 8.141550e+03 
2623750000 8.147650e+03 
2.625900e+09 8130 
2628050000 8.114625e+03 
2630200000 8.124600e+03 
2.632350e+09 8100 
2634500000 8.111525e+03 
2636650000 8.110800e+03 
2638800000 8.089425e+03 
2.640950e+09 8.112975e+03 
2643100000 8.125525e+03 
2645250000 8.116325e+03 
2.647400e+09 8.105375e+03 
2649550000 8.116700e+03 
2651700000 8.121625e+03 
2653850000 8.138375e+03 
2.656000e+09 8.155250e+03 
2658150000 8.118225e+03 
2660300000 8092 
2.662450e+09 8.094950e+03 
2664600000 8.114800e+03 
2666750000 8.108450e+03 
2668900000 8.089250e+03 
2.671050e+09 8.089900e+03 
2673200000 8.095550e+03 
2675350000 8.096425e+03 
2677500000 8.113375e+03 
2679650000 8.127500e+03 
2681800000 8.156625e+03 
2683950000 8.139100e+03 
2.686100e+09 8.135925e+03 
2688250000 8.139800e+03 
2690400000 8.139500e+03 
2692550000 8.143450e+03 
2694700000 8.160175e+03 
2696850000 8.151550e+03 
2699000000 8.134050e+03 
2.701150e+09 8.117950e+03 
2703300000 8.096300e+03 
2705450000 8083 
2707600000 8.084425e+03 
2.709750e+09 8.063850e+03 
2711900000 8.080375e+03 
2714050000 8.106875e+03 
2.716200e+09 8.117200e+03 
2718350000 8.132675e+03 
2720500000 8.163175e+03 
2722650000 8.154575e+03 
2724800000 8.168275e+03 
2726950000 8.134975e+03 
2729100000 8.156550e+03 
2.731250e+09 8148 
2733400000 8.144100e+03 
2735550000 8.112775e+03 
2737700000 8.104500e+03 
2.739850e+09 8.146700e+03 
2742000000 8.125050e+03 
2744150000 8.120050e+03 
2.746300e+09 8.157925e+03 
2748450000 8.179275e+03 
2750600000 8.120500e+03 
2752750000 8.178075e+03 
2754900000 8.160825e+03 
2757050000 8.174875e+03 
2759200000 8.178800e+03 
2.761350e+09 8.147025e+03 
2763500000 8.146800e+03 
2765650000 8.164525e+03 
2767800000 8.165750e+03 
2.769950e+09 8.165250e+03 
2772100000 8.149250e+03 
2774250000 8.140725e+03 
2.776400e+09 8.157525e+03 
2778550000 8.147400e+03 
2780700000 8.167750e+03 
2782850000 8.180450e+03 
2785000000 8154 
2787150000 8.169300e+03 
2789300000 8.174325e+03 
2791450000 8.162050e+03 
2793600000 8.203475e+03 
2795750000 8.166150e+03 
2797900000 8.150175e+03 
2.800050e+09 8.145025e+03 
2802200000 8.149825e+03 
2804350000 8.151325e+03 
2806500000 8.140425e+03 
2808650000 8.180350e+03 
2810800000 8.162500e+03 
2812950000 8.162250e+03 
2815100000 8.167350e+03 
2817250000 8.174925e+03 
2819400000 8.172325e+03 
2821550000 8.160250e+03 
2823700000 8.129675e+03 
2825850000 8.172850e+03 
2828000000 8.185025e+03 
2.830150e+09 8.182750e+03 
2832300000 8.179225e+03 
2834450000 8.159750e+03 
2836600000 8.176400e+03 
2838750000 8.190625e+03 
2840900000 8.167975e+03 
2843050000 8.171250e+03 
2845200000 8.176450e+03 
2847350000 8.183825e+03 
2849500000 8.170675e+03 
2851650000 8.177125e+03 
2853800000 8.189400e+03 
2855950000 8.152075e+03 
2858100000 8.151025e+03 
2.860250e+09 8.159450e+03 
2862400000 8.176600e+03 
2864550000 8.181050e+03 
2866700000 8.184450e+03 
2868850000 8.151750e+03 
2871000000 8.203200e+03 
2873150000 8.186475e+03 
2875300000 8.190400e+03 
2877450000 8.187550e+03 
2879600000 8.207425e+03 
2881750000 8.197425e+03 
2883900000 8.183525e+03 
2886050000 8.202025e+03 
2888200000 8.151375e+03 
2.890350e+09 8.198875e+03 
2892500000 8.175750e+03 
2894650000 8.170300e+03 
2896800000 8.204275e+03 
2898950000 8.187875e+03 
2901100000 8.178775e+03 
2903250000 8.175900e+03 
2905400000 8.166500e+03 
2907550000 8.201275e+03 
2909700000 8.173025e+03 
2911850000 8.187400e+03 
2914000000 8.168875e+03 
2916150000 8.196475e+03 
2918300000 8.188725e+03 
2920450000 8.165950e+03 
2922600000 8.168150e+03 
2924750000 8.175975e+03 
2926900000 8.204875e+03 
2929050000 8.175250e+03 
2931200000 8.163300e+03 
2933350000 8.188300e+03 
2935500000 8.183375e+03 
2937650000 8.154050e+03 
2939800000 8.179700e+03 
2941950000 8.196525e+03 
2.944100e+09 8.180250e+03 
2946250000 8.182800e+03 
2948400000 8.183350e+03 
2950550000 8.180425e+03 
2952700000 8.200625e+03 
2954850000 8.167375e+03 
2957000000 8.189425e+03 
2959150000 8.194125e+03 
2961300000 8.166500e+03 
2963450000 8.188600e+03 
2965600000 8.159075e+03 
2967750000 8.181425e+03 
2969900000 8.174325e+03 
2972050000 8.190825e+03 
2974200000 8.160025e+03 
2976350000 8.181300e+03 
2978500000 8.185425e+03 
2980650000 8.177650e+03 
2982800000 8.160575e+03 
2984950000 8.180050e+03 
2987100000 8.180600e+03 
2989250000 8.199075e+03 
2991400000 8.198075e+03 
2993550000 8.170775e+03 
2995700000 8.187575e+03 
2997850000 8.146625e+03 
3000000000 8.177575e+03 

END
