IGOR
WAVES/D/O sweep,sig(1) 
BEGIN
2570000000 7.908450e+03 
2.572150e+09 7.930800e+03 
2574300000 7.917550e+03 
2576450000 7.904200e+03 
2578600000 7.906425e+03 
2.580750e+09 7.931025e+03 
2582900000 7.897425e+03 
2585050000 7.914825e+03 
2.587200e+09 7.942500e+03 
2589350000 7.931900e+03 
2591500000 7.925225e+03 
2593650000 7.921950e+03 
2.595800e+09 7.900800e+03 
2597950000 7.900100e+03 
2600100000 7.913900e+03 
2.602250e+09 7.910525e+03 
2604400000 7.900400e+03 
2606550000 7.933525e+03 
2608700000 7.938700e+03 
2.610850e+09 7.920375e+03 
2613000000 7.927475e+03 
2615150000 7.915500e+03 
2.617300e+09 7.932175e+03 
2619450000 7.916400e+03 
2621600000 7.910425e+03 
2623750000 7.931725e+03 
2.625900e+09 7.890700e+03 
2628050000 7.896150e+03 
2630200000 7.888100e+03 
2.632350e+09 7.871875e+03 
2634500000 7.871350e+03 
2636650000 7.879050e+03 
2638800000 7.875100e+03 
2.640950e+09 7.891750e+03 
2643100000 7.878325e+03 
2645250000 7.878550e+03 
2.647400e+09 7.882400e+03 
2649550000 7.912800e+03 
2651700000 7.927150e+03 
2653850000 7.923325e+03 
2.656000e+09 7.936575e+03 
2658150000 7.906825e+03 
2660300000 7.886700e+03 
2.662450e+09 7.895825e+03 
2664600000 7.881875e+03 
2666750000 7.851450e+03 
2668900000 7.837475e+03 
2.671050e+09 7.850975e+03 
2673200000 7.864800e+03 
2675350000 7.862475e+03 
2677500000 7.885625e+03 
2679650000 7.871250e+03 
2681800000 7.884175e+03 
2683950000 7.917425e+03 
2.686100e+09 7937 
2688250000 7.903875e+03 
2690400000 7.934925e+03 
2692550000 7.898500e+03 
2694700000 7.916775e+03 
2696850000 7.905275e+03 
2699000000 7.882650e+03 
2.701150e+09 7.878825e+03 
2703300000 7.857150e+03 
2705450000 7.849875e+03 
2707600000 7.846475e+03 
2.709750e+09 7.818575e+03 
2711900000 7.876600e+03 
2714050000 7.861975e+03 
2.716200e+09 7.893475e+03 
2718350000 7.883150e+03 
2720500000 7.926925e+03 
2722650000 7.912450e+03 
2724800000 7.900025e+03 
2726950000 7.912550e+03 
2729100000 7.907950e+03 
2.731250e+09 7.913200e+03 
2733400000 7.910550e+03 
2735550000 7.872550e+03 
2737700000 7.895200e+03 
2.739850e+09 7.876475e+03 
2742000000 7.895375e+03 
2744150000 7.908275e+03 
2.746300e+09 7.900300e+03 
2748450000 7.919425e+03 
2750600000 7.908850e+03 
2752750000 7.922025e+03 
2754900000 7906 
2757050000 7.920875e+03 
2759200000 7.917925e+03 
2.761350e+09 7.923900e+03 
2763500000 7.912325e+03 
2765650000 7.942600e+03 
2767800000 7.921275e+03 
2.769950e+09 7.900200e+03 
2772100000 7.898575e+03 
2774250000 7.908575e+03 
2.776400e+09 7.925950e+03 
2778550000 7.917900e+03 
2780700000 7.952375e+03 
2782850000 7.923200e+03 
2785000000 7.941375e+03 
2787150000 7.951175e+03 
2789300000 7.906800e+03 
2791450000 7.926500e+03 
2793600000 7.923625e+03 
2795750000 7.948675e+03 
2797900000 7.933200e+03 
2.800050e+09 7.922025e+03 
2802200000 7.928500e+03 
2804350000 7.950100e+03 
2806500000 7931 
2808650000 7.911075e+03 
2810800000 7.934800e+03 
2812950000 7.945250e+03 
2815100000 7914 
2817250000 7.951800e+03 
2819400000 7.923625e+03 
2821550000 7.952875e+03 
2823700000 7.921675e+03 
2825850000 7.925450e+03 
2828000000 7.927825e+03 
2.830150e+09 7.913475e+03 
2832300000 7.925400e+03 
2834450000 7.929075e+03 
2836600000 7.955150e+03 
2838750000 7.947325e+03 
2840900000 7.941650e+03 
2843050000 7.937800e+03 
2845200000 7.919675e+03 
2847350000 7.967175e+03 
2849500000 7.928325e+03 
2851650000 7.922725e+03 
2853800000 7.930875e+03 
2855950000 7.926950e+03 
2858100000 7.939275e+03 
2.860250e+09 7.911875e+03 
2862400000 7.934525e+03 
2864550000 7.928275e+03 
2866700000 7.930075e+03 
2868850000 7.922275e+03 
2871000000 7.924800e+03 
2873150000 7.939575e+03 
2875300000 7.937075e+03 
2877450000 7.924775e+03 
2879600000 7.911800e+03 
2881750000 7.926475e+03 
2883900000 7.940025e+03 
2886050000 7.953450e+03 
2888200000 7.944650e+03 
2.890350e+09 7.938825e+03 
2892500000 7.919375e+03 
2894650000 7.927850e+03 
2896800000 7.931525e+03 
2898950000 7.934225e+03 
2901100000 7.910225e+03 
2903250000 7.912875e+03 
2905400000 7.917875e+03 
2907550000 7.927700e+03 
2909700000 7.935800e+03 
2911850000 7.939200e+03 
2914000000 7.928300e+03 
2916150000 7.903125e+03 
2918300000 7.918250e+03 
2920450000 7.922800e+03 
2922600000 7.911975e+03 
2924750000 7.910425e+03 
2926900000 7.933550e+03 
2929050000 7.906650e+03 
2931200000 7.896925e+03 
2933350000 7.923475e+03 
2935500000 7.920425e+03 
2937650000 7.916275e+03 
2939800000 7.921775e+03 
2941950000 7.941375e+03 
2.944100e+09 7.957550e+03 
2946250000 7.905675e+03 
2948400000 7.923625e+03 
2950550000 7900 
2952700000 7.923400e+03 
2954850000 7.934150e+03 
2957000000 7.910425e+03 
2959150000 7927 
2961300000 7.891525e+03 
2963450000 7.926600e+03 
2965600000 7.911200e+03 
2967750000 7.925250e+03 
2969900000 7.932850e+03 
2972050000 7.910775e+03 
2974200000 7.911350e+03 
2976350000 7.899450e+03 
2978500000 7.951600e+03 
2980650000 7.934150e+03 
2982800000 7.927600e+03 
2984950000 7.941400e+03 
2987100000 7.946400e+03 
2989250000 7.915925e+03 
2991400000 7.922650e+03 
2993550000 7.945700e+03 
2995700000 7.933725e+03 
2997850000 7.940775e+03 
3000000000 7.947350e+03 

END
