IGOR
WAVES/D/O sweep,sig(1) 
BEGIN
2570000000 8.105675e+03 
2.572150e+09 8.110800e+03 
2574300000 8.128600e+03 
2576450000 8.104375e+03 
2578600000 8.108375e+03 
2.580750e+09 8.110250e+03 
2582900000 8.099775e+03 
2585050000 8.119575e+03 
2.587200e+09 8.099400e+03 
2589350000 8.079675e+03 
2591500000 8.098275e+03 
2593650000 8.099625e+03 
2.595800e+09 8.108375e+03 
2597950000 8.066850e+03 
2600100000 8.078650e+03 
2.602250e+09 8.081525e+03 
2604400000 8.101125e+03 
2606550000 8.122400e+03 
2608700000 8.085700e+03 
2.610850e+09 8.118800e+03 
2613000000 8.138200e+03 
2615150000 8.107325e+03 
2.617300e+09 8.092025e+03 
2619450000 8.095325e+03 
2621600000 8.114500e+03 
2623750000 8.095125e+03 
2.625900e+09 8.089725e+03 
2628050000 8.093750e+03 
2630200000 8.098450e+03 
2.632350e+09 8.065550e+03 
2634500000 8.076350e+03 
2636650000 8.052250e+03 
2638800000 8.069625e+03 
2.640950e+09 8.047550e+03 
2643100000 8.067250e+03 
2645250000 8.068050e+03 
2.647400e+09 8.080975e+03 
2649550000 8.078625e+03 
2651700000 8.093550e+03 
2653850000 8.105550e+03 
2.656000e+09 8.081650e+03 
2658150000 8.082225e+03 
2660300000 8.080575e+03 
2.662450e+09 8.082800e+03 
2664600000 8.077750e+03 
2666750000 8.026400e+03 
2668900000 8.020300e+03 
2.671050e+09 8.041775e+03 
2673200000 8.039975e+03 
2675350000 8.037350e+03 
2677500000 8.080875e+03 
2679650000 8.092475e+03 
2681800000 8.089450e+03 
2683950000 8.089175e+03 
2.686100e+09 8.125975e+03 
2688250000 8.130225e+03 
2690400000 8.105750e+03 
2692550000 8.102725e+03 
2694700000 8.120875e+03 
2696850000 8.112750e+03 
2699000000 8.091250e+03 
2.701150e+09 8.086900e+03 
2703300000 8.039400e+03 
2705450000 8.048900e+03 
2707600000 8.047900e+03 
2.709750e+09 8.052150e+03 
2711900000 8.036075e+03 
2714050000 8.069975e+03 
2.716200e+09 8.083925e+03 
2718350000 8.083925e+03 
2720500000 8.107425e+03 
2722650000 8.093775e+03 
2724800000 8.086475e+03 
2726950000 8.071550e+03 
2729100000 8.077475e+03 
2.731250e+09 8.118850e+03 
2733400000 8.073025e+03 
2735550000 8.064625e+03 
2737700000 8.086600e+03 
2.739850e+09 8.090325e+03 
2742000000 8.075900e+03 
2744150000 8.096550e+03 
2.746300e+09 8.097825e+03 
2748450000 8.072675e+03 
2750600000 8.117675e+03 
2752750000 8.105900e+03 
2754900000 8.084125e+03 
2757050000 8112 
2759200000 8.085075e+03 
2.761350e+09 8.100825e+03 
2763500000 8.102300e+03 
2765650000 8.111500e+03 
2767800000 8.118750e+03 
2.769950e+09 8.098900e+03 
2772100000 8.127050e+03 
2774250000 8.101825e+03 
2.776400e+09 8.104925e+03 
2778550000 8.108975e+03 
2780700000 8.126600e+03 
2782850000 8.092950e+03 
2785000000 8.099675e+03 
2787150000 8.125325e+03 
2789300000 8.118900e+03 
2791450000 8.133700e+03 
2793600000 8.116025e+03 
2795750000 8.112600e+03 
2797900000 8.089775e+03 
2.800050e+09 8.109075e+03 
2802200000 8.105725e+03 
2804350000 8.098275e+03 
2806500000 8.110650e+03 
2808650000 8.064050e+03 
2810800000 8.072700e+03 
2812950000 8.099225e+03 
2815100000 8099 
2817250000 8.090450e+03 
2819400000 8.076975e+03 
2821550000 8.089775e+03 
2823700000 8.084850e+03 
2825850000 8.096125e+03 
2828000000 8.079300e+03 
2.830150e+09 8.082725e+03 
2832300000 8.085775e+03 
2834450000 8.076400e+03 
2836600000 8.095750e+03 
2838750000 8.078200e+03 
2840900000 8.091300e+03 
2843050000 8.099700e+03 
2845200000 8.089150e+03 
2847350000 8.104450e+03 
2849500000 8.112025e+03 
2851650000 8.095900e+03 
2853800000 8.092075e+03 
2855950000 8.098175e+03 
2858100000 8.092650e+03 
2.860250e+09 8.094425e+03 
2862400000 8.087525e+03 
2864550000 8.113800e+03 
2866700000 8.114350e+03 
2868850000 8.088875e+03 
2871000000 8.098100e+03 
2873150000 8.093025e+03 
2875300000 8.110600e+03 
2877450000 8.117625e+03 
2879600000 8.093850e+03 
2881750000 8.084050e+03 
2883900000 8.102875e+03 
2886050000 8.073325e+03 
2888200000 8.079875e+03 
2.890350e+09 8.071350e+03 
2892500000 8.101225e+03 
2894650000 8.098475e+03 
2896800000 8.096075e+03 
2898950000 8.088300e+03 
2901100000 8.101075e+03 
2903250000 8.090200e+03 
2905400000 8.109850e+03 
2907550000 8.108300e+03 
2909700000 8.100500e+03 
2911850000 8.096025e+03 
2914000000 8.090250e+03 
2916150000 8.087050e+03 
2918300000 8.106450e+03 
2920450000 8.099500e+03 
2922600000 8.090575e+03 
2924750000 8.110550e+03 
2926900000 8.084675e+03 
2929050000 8.104500e+03 
2931200000 8.094825e+03 
2933350000 8.089175e+03 
2935500000 8.078125e+03 
2937650000 8.086975e+03 
2939800000 8.083175e+03 
2941950000 8.106175e+03 
2.944100e+09 8.076475e+03 
2946250000 8.074875e+03 
2948400000 8.083950e+03 
2950550000 8.104100e+03 
2952700000 8.073575e+03 
2954850000 8.077500e+03 
2957000000 8.088450e+03 
2959150000 8083 
2961300000 8.085425e+03 
2963450000 8.081625e+03 
2965600000 8.110075e+03 
2967750000 8.103750e+03 
2969900000 8.095900e+03 
2972050000 8.104350e+03 
2974200000 8.107175e+03 
2976350000 8.107600e+03 
2978500000 8.102550e+03 
2980650000 8.096025e+03 
2982800000 8.078775e+03 
2984950000 8.090725e+03 
2987100000 8.075275e+03 
2989250000 8.097900e+03 
2991400000 8.085750e+03 
2993550000 8.101900e+03 
2995700000 8.112900e+03 
2997850000 8.093150e+03 
3000000000 8.071450e+03 

END
