IGOR
WAVES/D/O sweep,sig(1) 
BEGIN
2570000000 8.002775e+03 
2.572150e+09 7.974825e+03 
2574300000 7.976150e+03 
2576450000 7.957775e+03 
2578600000 7.994825e+03 
2.580750e+09 7.971175e+03 
2582900000 7.976625e+03 
2585050000 7.988950e+03 
2.587200e+09 7.987575e+03 
2589350000 7.995950e+03 
2591500000 7.976650e+03 
2593650000 7.982775e+03 
2.595800e+09 8.011750e+03 
2597950000 7.997875e+03 
2600100000 8002 
2.602250e+09 7.998700e+03 
2604400000 7.998275e+03 
2606550000 7.976850e+03 
2608700000 7.981400e+03 
2.610850e+09 8.000550e+03 
2613000000 8.012750e+03 
2615150000 7.999400e+03 
2.617300e+09 7.983725e+03 
2619450000 8.008550e+03 
2621600000 7978 
2623750000 8.002575e+03 
2.625900e+09 7.967500e+03 
2628050000 7.965275e+03 
2630200000 7.975050e+03 
2.632350e+09 7.956850e+03 
2634500000 7.946575e+03 
2636650000 7.955200e+03 
2638800000 7.929575e+03 
2.640950e+09 7.934900e+03 
2643100000 7.945650e+03 
2645250000 7.986175e+03 
2.647400e+09 7.961300e+03 
2649550000 8.008875e+03 
2651700000 7.998025e+03 
2653850000 8.020575e+03 
2.656000e+09 7.998450e+03 
2658150000 7.968800e+03 
2660300000 7.974200e+03 
2.662450e+09 7.949150e+03 
2664600000 7945 
2666750000 7.955800e+03 
2668900000 7.942575e+03 
2.671050e+09 7.899775e+03 
2673200000 7.930650e+03 
2675350000 7.948950e+03 
2677500000 7.951250e+03 
2679650000 7.955100e+03 
2681800000 7.985350e+03 
2683950000 7.980500e+03 
2.686100e+09 7.978825e+03 
2688250000 8009 
2690400000 8.009925e+03 
2692550000 7.965550e+03 
2694700000 7.983525e+03 
2696850000 7972 
2699000000 7.959375e+03 
2.701150e+09 7945 
2703300000 7.931400e+03 
2705450000 7.923325e+03 
2707600000 7.912950e+03 
2.709750e+09 7.943350e+03 
2711900000 7.933650e+03 
2714050000 7.954200e+03 
2.716200e+09 7.978275e+03 
2718350000 7.953475e+03 
2720500000 7.993100e+03 
2722650000 7.998675e+03 
2724800000 7.980625e+03 
2726950000 7.993650e+03 
2729100000 7.986250e+03 
2.731250e+09 7.976900e+03 
2733400000 7.970650e+03 
2735550000 7.974475e+03 
2737700000 7.956525e+03 
2.739850e+09 7.950800e+03 
2742000000 7.940225e+03 
2744150000 7.957150e+03 
2.746300e+09 7.960850e+03 
2748450000 7.946700e+03 
2750600000 7.986650e+03 
2752750000 7.993775e+03 
2754900000 8.007150e+03 
2757050000 7.968500e+03 
2759200000 7.970825e+03 
2.761350e+09 7.990425e+03 
2763500000 7.996275e+03 
2765650000 7.980500e+03 
2767800000 7.979550e+03 
2.769950e+09 7.987675e+03 
2772100000 7.968175e+03 
2774250000 7.986850e+03 
2.776400e+09 7.987250e+03 
2778550000 7.998500e+03 
2780700000 8.010300e+03 
2782850000 7.981800e+03 
2785000000 7.974125e+03 
2787150000 7.957675e+03 
2789300000 7.964700e+03 
2791450000 7.989400e+03 
2793600000 7.971875e+03 
2795750000 7.984975e+03 
2797900000 7.992325e+03 
2.800050e+09 8.000625e+03 
2802200000 7.959600e+03 
2804350000 7.968600e+03 
2806500000 7.978075e+03 
2808650000 7.973650e+03 
2810800000 7.959150e+03 
2812950000 7.977550e+03 
2815100000 7.989125e+03 
2817250000 7.974850e+03 
2819400000 7.977925e+03 
2821550000 7.961350e+03 
2823700000 7.969575e+03 
2825850000 7.969750e+03 
2828000000 7.974250e+03 
2.830150e+09 7979 
2832300000 7.998900e+03 
2834450000 7.982700e+03 
2836600000 7.990775e+03 
2838750000 7.980550e+03 
2840900000 8.000250e+03 
2843050000 7.984075e+03 
2845200000 7.983950e+03 
2847350000 7.979950e+03 
2849500000 7.991950e+03 
2851650000 7.988550e+03 
2853800000 7.997025e+03 
2855950000 8.016250e+03 
2858100000 7.990125e+03 
2.860250e+09 8.001325e+03 
2862400000 7.983825e+03 
2864550000 7.990525e+03 
2866700000 7.997325e+03 
2868850000 8.007850e+03 
2871000000 7.973625e+03 
2873150000 7.998875e+03 
2875300000 8.005200e+03 
2877450000 8.017375e+03 
2879600000 7.978700e+03 
2881750000 7.977625e+03 
2883900000 7.959775e+03 
2886050000 8.000600e+03 
2888200000 7.981350e+03 
2.890350e+09 7.978550e+03 
2892500000 8.010800e+03 
2894650000 8.002450e+03 
2896800000 7.995175e+03 
2898950000 7.983975e+03 
2901100000 7.975775e+03 
2903250000 8.015875e+03 
2905400000 7.968200e+03 
2907550000 7.969775e+03 
2909700000 7.980250e+03 
2911850000 8.022525e+03 
2914000000 7.976550e+03 
2916150000 7.983575e+03 
2918300000 7.987075e+03 
2920450000 7.975475e+03 
2922600000 8.004900e+03 
2924750000 7.993825e+03 
2926900000 7.978975e+03 
2929050000 7.998600e+03 
2931200000 8.013975e+03 
2933350000 7.985400e+03 
2935500000 7.998775e+03 
2937650000 8.011775e+03 
2939800000 7.982375e+03 
2941950000 7.992700e+03 
2.944100e+09 8.014375e+03 
2946250000 7.996475e+03 
2948400000 7.999825e+03 
2950550000 7.980600e+03 
2952700000 7.994225e+03 
2954850000 7.987150e+03 
2957000000 8008 
2959150000 7.975950e+03 
2961300000 7.983050e+03 
2963450000 7.996850e+03 
2965600000 8.012350e+03 
2967750000 7.981975e+03 
2969900000 7.980975e+03 
2972050000 7.984175e+03 
2974200000 7.995650e+03 
2976350000 8.002375e+03 
2978500000 7.987500e+03 
2980650000 7.993200e+03 
2982800000 7.968425e+03 
2984950000 7.985450e+03 
2987100000 7.986225e+03 
2989250000 7.983950e+03 
2991400000 7.983450e+03 
2993550000 7.976325e+03 
2995700000 7.983700e+03 
2997850000 7.979925e+03 
3000000000 7.978125e+03 

END
