IGOR
WAVES/D/O sweep,sig(1) 
BEGIN
2570000000 1.643060e+04 
2574300000 1.642710e+04 
2578600000 1.645720e+04 
2582900000 1.639485e+04 
2.587200e+09 1.637665e+04 
2591500000 1.645335e+04 
2.595800e+09 1.644505e+04 
2600100000 1.642720e+04 
2604400000 1.636820e+04 
2608700000 16378 
2613000000 1.634070e+04 
2.617300e+09 1.640615e+04 
2621600000 1.641640e+04 
2.625900e+09 16437 
2630200000 1.640095e+04 
2634500000 1.643610e+04 
2638800000 1.644595e+04 
2643100000 1.643355e+04 
2.647400e+09 16421 
2651700000 1.640290e+04 
2.656000e+09 16390 
2660300000 1.632690e+04 
2664600000 1.638770e+04 
2668900000 1.638685e+04 
2673200000 16366 
2677500000 1.644010e+04 
2681800000 1.642255e+04 
2.686100e+09 1.640330e+04 
2690400000 1.644195e+04 
2694700000 1.637595e+04 
2699000000 1.640320e+04 
2703300000 1.635615e+04 
2707600000 1.637425e+04 
2711900000 1.630945e+04 
2.716200e+09 1.637295e+04 
2720500000 1.633280e+04 
2724800000 1.629230e+04 
2729100000 1.625285e+04 
2733400000 1.617495e+04 
2737700000 1.619780e+04 
2742000000 1.612480e+04 
2.746300e+09 1.616830e+04 
2750600000 16117 
2754900000 1.619275e+04 
2759200000 1.626570e+04 
2763500000 1.631880e+04 
2767800000 1.630110e+04 
2772100000 1.630165e+04 
2.776400e+09 1.631980e+04 
2780700000 1.633670e+04 
2785000000 1.629440e+04 
2789300000 1.629395e+04 
2793600000 1.620785e+04 
2797900000 1.613080e+04 
2802200000 1.612685e+04 
2806500000 1.617610e+04 
2810800000 1.623495e+04 
2815100000 1.633265e+04 
2819400000 1.638470e+04 
2823700000 1.629055e+04 
2828000000 1.633835e+04 
2832300000 1.635590e+04 
2836600000 1.639220e+04 
2840900000 1.636890e+04 
2845200000 1.638375e+04 
2849500000 1.637330e+04 
2853800000 1.637440e+04 
2858100000 16360 
2862400000 1.634640e+04 
2866700000 1.631615e+04 
2871000000 1.643430e+04 
2875300000 1.642340e+04 
2879600000 1.641510e+04 
2883900000 1.639645e+04 
2888200000 1.638675e+04 
2892500000 1.634860e+04 
2896800000 1.635750e+04 
2901100000 1.636175e+04 
2905400000 16395 
2909700000 1.640445e+04 
2914000000 1.641970e+04 
2918300000 1.637070e+04 
2922600000 1.634375e+04 
2926900000 1.637595e+04 
2931200000 1.643725e+04 
2935500000 1.643435e+04 
2939800000 1.638310e+04 
2.944100e+09 1.635960e+04 
2948400000 1.631550e+04 
2952700000 1.636895e+04 
2957000000 1.631630e+04 
2961300000 1.629340e+04 
2965600000 1.615620e+04 
2969900000 16174 
2974200000 16116 
2978500000 1.618590e+04 
2982800000 16218 
2987100000 1.620655e+04 
2991400000 1.631880e+04 
2995700000 1.637425e+04 
3000000000 1.632710e+04 

END
