IGOR
WAVES/D/O sweep,sig(1) 
BEGIN
2570000000 8.120800e+03 
2.572150e+09 8.158325e+03 
2574300000 8.152125e+03 
2576450000 8.134900e+03 
2578600000 8.152750e+03 
2.580750e+09 8.139550e+03 
2582900000 8.137225e+03 
2585050000 8.109625e+03 
2.587200e+09 8.119125e+03 
2589350000 8.118400e+03 
2591500000 8.155375e+03 
2593650000 8.149775e+03 
2.595800e+09 8.124250e+03 
2597950000 8.107325e+03 
2600100000 8.151575e+03 
2.602250e+09 8.155850e+03 
2604400000 8.129275e+03 
2606550000 8.137700e+03 
2608700000 8.127950e+03 
2.610850e+09 8.142725e+03 
2613000000 8.135075e+03 
2615150000 8.134850e+03 
2.617300e+09 8.146200e+03 
2619450000 8.150100e+03 
2621600000 8.137650e+03 
2623750000 8.139275e+03 
2.625900e+09 8.151650e+03 
2628050000 8.103350e+03 
2630200000 8.102175e+03 
2.632350e+09 8.116150e+03 
2634500000 8.127950e+03 
2636650000 8.113825e+03 
2638800000 8.112300e+03 
2.640950e+09 8.096750e+03 
2643100000 8.106200e+03 
2645250000 8.122800e+03 
2.647400e+09 8.153250e+03 
2649550000 8.111425e+03 
2651700000 8.134175e+03 
2653850000 8.144475e+03 
2.656000e+09 8.137450e+03 
2658150000 8.141875e+03 
2660300000 8.126975e+03 
2.662450e+09 8.093575e+03 
2664600000 8.093800e+03 
2666750000 8.075300e+03 
2668900000 8.084625e+03 
2.671050e+09 8.066500e+03 
2673200000 8.059975e+03 
2675350000 8.062675e+03 
2677500000 8.104300e+03 
2679650000 8.099500e+03 
2681800000 8.121175e+03 
2683950000 8.109775e+03 
2.686100e+09 8.149575e+03 
2688250000 8.130850e+03 
2690400000 8.109050e+03 
2692550000 8.124400e+03 
2694700000 8.117925e+03 
2696850000 8.111750e+03 
2699000000 8.103300e+03 
2.701150e+09 8.050125e+03 
2703300000 8.079300e+03 
2705450000 8.094825e+03 
2707600000 8.061275e+03 
2.709750e+09 8.057700e+03 
2711900000 8.080775e+03 
2714050000 8.085350e+03 
2.716200e+09 8.096175e+03 
2718350000 8.100175e+03 
2720500000 8.111050e+03 
2722650000 8.143750e+03 
2724800000 8.119300e+03 
2726950000 8.124675e+03 
2729100000 8.124700e+03 
2.731250e+09 8.107850e+03 
2733400000 8.122575e+03 
2735550000 8.079100e+03 
2737700000 8.125825e+03 
2.739850e+09 8.083650e+03 
2742000000 8.095450e+03 
2744150000 8.088325e+03 
2.746300e+09 8.119925e+03 
2748450000 8.102625e+03 
2750600000 8.110600e+03 
2752750000 8.127175e+03 
2754900000 8.141900e+03 
2757050000 8.149825e+03 
2759200000 8.137850e+03 
2.761350e+09 8.129975e+03 
2763500000 8.120325e+03 
2765650000 8.147075e+03 
2767800000 8.115050e+03 
2.769950e+09 8.125400e+03 
2772100000 8.123950e+03 
2774250000 8.132325e+03 
2.776400e+09 8.098150e+03 
2778550000 8.137100e+03 
2780700000 8.114825e+03 
2782850000 8.109025e+03 
2785000000 8.111325e+03 
2787150000 8.120125e+03 
2789300000 8.092800e+03 
2791450000 8.127525e+03 
2793600000 8.104500e+03 
2795750000 8.120575e+03 
2797900000 8.118650e+03 
2.800050e+09 8.140400e+03 
2802200000 8.128575e+03 
2804350000 8.121375e+03 
2806500000 8.116075e+03 
2808650000 8.122550e+03 
2810800000 8.118350e+03 
2812950000 8.120125e+03 
2815100000 8.125725e+03 
2817250000 8.116900e+03 
2819400000 8.105525e+03 
2821550000 8.141675e+03 
2823700000 8.128275e+03 
2825850000 8.121125e+03 
2828000000 8.110250e+03 
2.830150e+09 8124 
2832300000 8.079250e+03 
2834450000 8.100275e+03 
2836600000 8.116500e+03 
2838750000 8.108800e+03 
2840900000 8.127500e+03 
2843050000 8.113350e+03 
2845200000 8.112875e+03 
2847350000 8.111325e+03 
2849500000 8.114350e+03 
2851650000 8.077650e+03 
2853800000 8.121500e+03 
2855950000 8.094550e+03 
2858100000 8.083100e+03 
2.860250e+09 8.099425e+03 
2862400000 8.108650e+03 
2864550000 8.116275e+03 
2866700000 8.139775e+03 
2868850000 8.126075e+03 
2871000000 8.120475e+03 
2873150000 8.112575e+03 
2875300000 8.104900e+03 
2877450000 8.130650e+03 
2879600000 8.096400e+03 
2881750000 8.140750e+03 
2883900000 8.127550e+03 
2886050000 8.131400e+03 
2888200000 8.112600e+03 
2.890350e+09 8.136625e+03 
2892500000 8.126350e+03 
2894650000 8.143350e+03 
2896800000 8.116400e+03 
2898950000 8.121300e+03 
2901100000 8.144150e+03 
2903250000 8.114175e+03 
2905400000 8.115600e+03 
2907550000 8.097050e+03 
2909700000 8.105175e+03 
2911850000 8.125500e+03 
2914000000 8.089200e+03 
2916150000 8.112675e+03 
2918300000 8.099700e+03 
2920450000 8.107875e+03 
2922600000 8.117425e+03 
2924750000 8.113875e+03 
2926900000 8.123325e+03 
2929050000 8.100100e+03 
2931200000 8.126100e+03 
2933350000 8.118950e+03 
2935500000 8.111825e+03 
2937650000 8.115875e+03 
2939800000 8.124450e+03 
2941950000 8.101850e+03 
2.944100e+09 8.124075e+03 
2946250000 8.127750e+03 
2948400000 8.093300e+03 
2950550000 8.100500e+03 
2952700000 8.144775e+03 
2954850000 8.125275e+03 
2957000000 8097 
2959150000 8.107625e+03 
2961300000 8.103550e+03 
2963450000 8.119550e+03 
2965600000 8.121750e+03 
2967750000 8120 
2969900000 8.110825e+03 
2972050000 8.104725e+03 
2974200000 8.099650e+03 
2976350000 8.110750e+03 
2978500000 8.101925e+03 
2980650000 8.112725e+03 
2982800000 8112 
2984950000 8.115050e+03 
2987100000 8.120150e+03 
2989250000 8.129675e+03 
2991400000 8.117875e+03 
2993550000 8.089325e+03 
2995700000 8.095775e+03 
2997850000 8.105725e+03 
3000000000 8.129700e+03 

END
