IGOR
WAVES/D/O sweep,sig(1) 
BEGIN
2570000000 8.079675e+03 
2.572150e+09 8.113375e+03 
2574300000 8.123425e+03 
2576450000 8.081700e+03 
2578600000 8.089475e+03 
2.580750e+09 8.111700e+03 
2582900000 8.089025e+03 
2585050000 8.099675e+03 
2.587200e+09 8.105400e+03 
2589350000 8.091250e+03 
2591500000 8.075375e+03 
2593650000 8.080525e+03 
2.595800e+09 8.112425e+03 
2597950000 8.099175e+03 
2600100000 8.083375e+03 
2.602250e+09 8.098825e+03 
2604400000 8.089625e+03 
2606550000 8.087700e+03 
2608700000 8.108900e+03 
2.610850e+09 8.114200e+03 
2613000000 8.099675e+03 
2615150000 8.087150e+03 
2.617300e+09 8.097700e+03 
2619450000 8.112650e+03 
2621600000 8.089650e+03 
2623750000 8.093550e+03 
2.625900e+09 8.102425e+03 
2628050000 8.085275e+03 
2630200000 8.079800e+03 
2.632350e+09 8.069675e+03 
2634500000 8.087450e+03 
2636650000 8.076350e+03 
2638800000 8.046125e+03 
2.640950e+09 8.060350e+03 
2643100000 8.055650e+03 
2645250000 8.070250e+03 
2.647400e+09 8.086350e+03 
2649550000 8.060525e+03 
2651700000 8.086250e+03 
2653850000 8.095500e+03 
2.656000e+09 8.097275e+03 
2658150000 8.080375e+03 
2660300000 8.080500e+03 
2.662450e+09 8.049075e+03 
2664600000 8.027800e+03 
2666750000 8.029100e+03 
2668900000 8.048875e+03 
2.671050e+09 8.023525e+03 
2673200000 8.040800e+03 
2675350000 8.060850e+03 
2677500000 8.061925e+03 
2679650000 8.087750e+03 
2681800000 8.092750e+03 
2683950000 8.100850e+03 
2.686100e+09 8.084200e+03 
2688250000 8.074500e+03 
2690400000 8.102050e+03 
2692550000 8073 
2694700000 8.072875e+03 
2696850000 8.067525e+03 
2699000000 8.065525e+03 
2.701150e+09 8.025350e+03 
2703300000 8.044025e+03 
2705450000 8.038750e+03 
2707600000 8.025125e+03 
2.709750e+09 8.043575e+03 
2711900000 8.031300e+03 
2714050000 8.044400e+03 
2.716200e+09 8.038250e+03 
2718350000 8.051325e+03 
2720500000 8.084425e+03 
2722650000 8.074100e+03 
2724800000 8.101500e+03 
2726950000 8.083975e+03 
2729100000 8091 
2.731250e+09 8.066100e+03 
2733400000 8.052600e+03 
2735550000 8.066250e+03 
2737700000 8.067475e+03 
2.739850e+09 8.054025e+03 
2742000000 8.060700e+03 
2744150000 8.050450e+03 
2.746300e+09 8078 
2748450000 8.074800e+03 
2750600000 8.069650e+03 
2752750000 8.082275e+03 
2754900000 8.077100e+03 
2757050000 8.104150e+03 
2759200000 8.088425e+03 
2.761350e+09 8.078125e+03 
2763500000 8.094800e+03 
2765650000 8.067050e+03 
2767800000 8.107150e+03 
2.769950e+09 8.097900e+03 
2772100000 8.087625e+03 
2774250000 8.080825e+03 
2.776400e+09 8.089225e+03 
2778550000 8.079775e+03 
2780700000 8.068425e+03 
2782850000 8.087275e+03 
2785000000 8.114475e+03 
2787150000 8.080750e+03 
2789300000 8.087125e+03 
2791450000 8.091575e+03 
2793600000 8.068725e+03 
2795750000 8.088800e+03 
2797900000 8.094875e+03 
2.800050e+09 8.103050e+03 
2802200000 8.105675e+03 
2804350000 8.085900e+03 
2806500000 8.082625e+03 
2808650000 8.059625e+03 
2810800000 8.084200e+03 
2812950000 8.083600e+03 
2815100000 8.074750e+03 
2817250000 8.080475e+03 
2819400000 8.080350e+03 
2821550000 8.079125e+03 
2823700000 8.059825e+03 
2825850000 8.069625e+03 
2828000000 8.079400e+03 
2.830150e+09 8.100375e+03 
2832300000 8.066650e+03 
2834450000 8.079900e+03 
2836600000 8.085850e+03 
2838750000 8.094925e+03 
2840900000 8.114725e+03 
2843050000 8.088500e+03 
2845200000 8.073925e+03 
2847350000 8.105100e+03 
2849500000 8.111250e+03 
2851650000 8.109375e+03 
2853800000 8.098400e+03 
2855950000 8.091750e+03 
2858100000 8.082200e+03 
2.860250e+09 8.092750e+03 
2862400000 8103 
2864550000 8.073175e+03 
2866700000 8.077900e+03 
2868850000 8.090400e+03 
2871000000 8.091175e+03 
2873150000 8.093150e+03 
2875300000 8.089950e+03 
2877450000 8.082375e+03 
2879600000 8.084400e+03 
2881750000 8.092300e+03 
2883900000 8.091825e+03 
2886050000 8.059125e+03 
2888200000 8.091150e+03 
2.890350e+09 8.084975e+03 
2892500000 8.052100e+03 
2894650000 8084 
2896800000 8.063125e+03 
2898950000 8.080250e+03 
2901100000 8.070550e+03 
2903250000 8.064800e+03 
2905400000 8.065350e+03 
2907550000 8.058075e+03 
2909700000 8.084175e+03 
2911850000 8.080575e+03 
2914000000 8.063150e+03 
2916150000 8.062525e+03 
2918300000 8.065400e+03 
2920450000 8.105900e+03 
2922600000 8.068075e+03 
2924750000 8.063625e+03 
2926900000 8.081275e+03 
2929050000 8.061725e+03 
2931200000 8.082925e+03 
2933350000 8.077575e+03 
2935500000 8.091325e+03 
2937650000 8.088125e+03 
2939800000 8.083200e+03 
2941950000 8.061200e+03 
2.944100e+09 8.070350e+03 
2946250000 8.092250e+03 
2948400000 8.076600e+03 
2950550000 8.095175e+03 
2952700000 8.095125e+03 
2954850000 8.075100e+03 
2957000000 8.055850e+03 
2959150000 8.072900e+03 
2961300000 8077 
2963450000 8.084425e+03 
2965600000 8.071375e+03 
2967750000 8.093275e+03 
2969900000 8.065550e+03 
2972050000 8.055175e+03 
2974200000 8.084875e+03 
2976350000 8.072500e+03 
2978500000 8.069450e+03 
2980650000 8.098450e+03 
2982800000 8.034500e+03 
2984950000 8.067300e+03 
2987100000 8.072575e+03 
2989250000 8.074775e+03 
2991400000 8.089200e+03 
2993550000 8.099975e+03 
2995700000 8.087150e+03 
2997850000 8.080400e+03 
3000000000 8.061425e+03 

END
