IGOR
WAVES/D/O sweep,sig(1) 
BEGIN
2570000000 8.229925e+03 
2.572150e+09 8.225800e+03 
2574300000 8.194525e+03 
2576450000 8.230825e+03 
2578600000 8.219475e+03 
2.580750e+09 8.213875e+03 
2582900000 8.233250e+03 
2585050000 8.233375e+03 
2.587200e+09 8.235600e+03 
2589350000 8.230300e+03 
2591500000 8.221850e+03 
2593650000 8.221825e+03 
2.595800e+09 8.212750e+03 
2597950000 8.224825e+03 
2600100000 8.231150e+03 
2.602250e+09 8.219550e+03 
2604400000 8.211600e+03 
2606550000 8.202725e+03 
2608700000 8.221575e+03 
2.610850e+09 8.239275e+03 
2613000000 8.243625e+03 
2615150000 8.232075e+03 
2.617300e+09 8.226850e+03 
2619450000 8.239025e+03 
2621600000 8.213600e+03 
2623750000 8.233275e+03 
2.625900e+09 8.221675e+03 
2628050000 8.200500e+03 
2630200000 8.205600e+03 
2.632350e+09 8194 
2634500000 8.191475e+03 
2636650000 8.182550e+03 
2638800000 8.189525e+03 
2.640950e+09 8.165050e+03 
2643100000 8.165100e+03 
2645250000 8.197875e+03 
2.647400e+09 8.186625e+03 
2649550000 8.238175e+03 
2651700000 8.213475e+03 
2653850000 8.226775e+03 
2.656000e+09 8.236100e+03 
2658150000 8.186200e+03 
2660300000 8.208900e+03 
2.662450e+09 8.191325e+03 
2664600000 8.169675e+03 
2666750000 8.165050e+03 
2668900000 8.160500e+03 
2.671050e+09 8.142500e+03 
2673200000 8.163350e+03 
2675350000 8.176300e+03 
2677500000 8.175575e+03 
2679650000 8.182850e+03 
2681800000 8.209450e+03 
2683950000 8.224375e+03 
2.686100e+09 8.210925e+03 
2688250000 8.214225e+03 
2690400000 8.211700e+03 
2692550000 8.224275e+03 
2694700000 8.197325e+03 
2696850000 8.199900e+03 
2699000000 8.196550e+03 
2.701150e+09 8.177300e+03 
2703300000 8.166800e+03 
2705450000 8.159175e+03 
2707600000 8.147650e+03 
2.709750e+09 8.169825e+03 
2711900000 8.166750e+03 
2714050000 8.197900e+03 
2.716200e+09 8.185750e+03 
2718350000 8.196675e+03 
2720500000 8.195475e+03 
2722650000 8.206725e+03 
2724800000 8.231300e+03 
2726950000 8.203425e+03 
2729100000 8.199675e+03 
2.731250e+09 8.209350e+03 
2733400000 8.197050e+03 
2735550000 8.180950e+03 
2737700000 8.174500e+03 
2.739850e+09 8186 
2742000000 8.190575e+03 
2744150000 8.205125e+03 
2.746300e+09 8.216225e+03 
2748450000 8.196875e+03 
2750600000 8229 
2752750000 8197 
2754900000 8.205600e+03 
2757050000 8.200800e+03 
2759200000 8.214675e+03 
2.761350e+09 8.226850e+03 
2763500000 8.202300e+03 
2765650000 8.238250e+03 
2767800000 8.228950e+03 
2.769950e+09 8.226175e+03 
2772100000 8.216250e+03 
2774250000 8.234300e+03 
2.776400e+09 8.186375e+03 
2778550000 8.220575e+03 
2780700000 8.233350e+03 
2782850000 8.223950e+03 
2785000000 8.211250e+03 
2787150000 8.205775e+03 
2789300000 8.247525e+03 
2791450000 8.214850e+03 
2793600000 8.218400e+03 
2795750000 8.217925e+03 
2797900000 8.224775e+03 
2.800050e+09 8.238150e+03 
2802200000 8.219850e+03 
2804350000 8.217925e+03 
2806500000 8.205375e+03 
2808650000 8.216375e+03 
2810800000 8.199050e+03 
2812950000 8.201950e+03 
2815100000 8.214900e+03 
2817250000 8.236675e+03 
2819400000 8.236175e+03 
2821550000 8.223100e+03 
2823700000 8.215350e+03 
2825850000 8.216100e+03 
2828000000 8.224625e+03 
2.830150e+09 8.219900e+03 
2832300000 8.226200e+03 
2834450000 8.218400e+03 
2836600000 8.230600e+03 
2838750000 8.222825e+03 
2840900000 8.235500e+03 
2843050000 8.235275e+03 
2845200000 8.211625e+03 
2847350000 8.216175e+03 
2849500000 8.201125e+03 
2851650000 8.229350e+03 
2853800000 8.203825e+03 
2855950000 8.236400e+03 
2858100000 8.221700e+03 
2.860250e+09 8.220400e+03 
2862400000 8.208375e+03 
2864550000 8.213225e+03 
2866700000 8.224600e+03 
2868850000 8.244475e+03 
2871000000 8.233800e+03 
2873150000 8.211025e+03 
2875300000 8.225725e+03 
2877450000 8.240225e+03 
2879600000 8.216800e+03 
2881750000 8.239200e+03 
2883900000 8.231150e+03 
2886050000 8.208750e+03 
2888200000 8.241100e+03 
2.890350e+09 8.208650e+03 
2892500000 8.222850e+03 
2894650000 8.228200e+03 
2896800000 8.244775e+03 
2898950000 8.224800e+03 
2901100000 8.218150e+03 
2903250000 8.244775e+03 
2905400000 8.258825e+03 
2907550000 8.232325e+03 
2909700000 8.245125e+03 
2911850000 8.236875e+03 
2914000000 8.253375e+03 
2916150000 8.237475e+03 
2918300000 8.234050e+03 
2920450000 8.213375e+03 
2922600000 8.233575e+03 
2924750000 8.225250e+03 
2926900000 8.238750e+03 
2929050000 8.233475e+03 
2931200000 8.241625e+03 
2933350000 8.254825e+03 
2935500000 8.237750e+03 
2937650000 8.227425e+03 
2939800000 8.237625e+03 
2941950000 8.242825e+03 
2.944100e+09 8.254125e+03 
2946250000 8.233350e+03 
2948400000 8.235075e+03 
2950550000 8.250350e+03 
2952700000 8.246500e+03 
2954850000 8.220375e+03 
2957000000 8.226525e+03 
2959150000 8.231350e+03 
2961300000 8.231100e+03 
2963450000 8249 
2965600000 8.235825e+03 
2967750000 8.237075e+03 
2969900000 8.245850e+03 
2972050000 8.249450e+03 
2974200000 8.243075e+03 
2976350000 8.251075e+03 
2978500000 8.219850e+03 
2980650000 8.214725e+03 
2982800000 8.252025e+03 
2984950000 8.234450e+03 
2987100000 8.241300e+03 
2989250000 8.234850e+03 
2991400000 8.249275e+03 
2993550000 8.242800e+03 
2995700000 8.227125e+03 
2997850000 8.261750e+03 
3000000000 8.222500e+03 

END
