IGOR
WAVES/D/O sweep,sig(1) 
BEGIN
2570000000 7.825500e+03 
2.572150e+09 7815 
2574300000 7.846750e+03 
2576450000 7.840675e+03 
2578600000 7827 
2.580750e+09 7.843325e+03 
2582900000 7.837700e+03 
2585050000 7.833900e+03 
2.587200e+09 7.835100e+03 
2589350000 7.828675e+03 
2591500000 7.816850e+03 
2593650000 7.824300e+03 
2.595800e+09 7.813800e+03 
2597950000 7.836025e+03 
2600100000 7796 
2.602250e+09 7.838400e+03 
2604400000 7.861650e+03 
2606550000 7793 
2608700000 7.825125e+03 
2.610850e+09 7.847300e+03 
2613000000 7.834100e+03 
2615150000 7.849600e+03 
2.617300e+09 7.826825e+03 
2619450000 7.842150e+03 
2621600000 7.850925e+03 
2623750000 7.836275e+03 
2.625900e+09 7.816425e+03 
2628050000 7.826975e+03 
2630200000 7.846800e+03 
2.632350e+09 7.833750e+03 
2634500000 7.802900e+03 
2636650000 7.849500e+03 
2638800000 7.839925e+03 
2.640950e+09 7.844675e+03 
2643100000 7.813850e+03 
2645250000 7.827275e+03 
2.647400e+09 7.832875e+03 
2649550000 7.837950e+03 
2651700000 7.821825e+03 
2653850000 7.834125e+03 
2.656000e+09 7.830450e+03 
2658150000 7.802775e+03 
2660300000 7.807200e+03 
2.662450e+09 7.810250e+03 
2664600000 7.822700e+03 
2666750000 7.812350e+03 
2668900000 7.790175e+03 
2.671050e+09 7.807875e+03 
2673200000 7.848500e+03 
2675350000 7.852525e+03 
2677500000 7.818550e+03 
2679650000 7.808300e+03 
2681800000 7.837850e+03 
2683950000 7.809850e+03 
2.686100e+09 7.822075e+03 
2688250000 7.838300e+03 
2690400000 7.834900e+03 
2692550000 7.840450e+03 
2694700000 7.834075e+03 
2696850000 7.832575e+03 
2699000000 7.875875e+03 
2.701150e+09 7.847900e+03 
2703300000 7.819750e+03 
2705450000 7.806275e+03 
2707600000 7.824925e+03 
2.709750e+09 7.833450e+03 
2711900000 7.858125e+03 
2714050000 7.837075e+03 
2.716200e+09 7.860300e+03 
2718350000 7.850525e+03 
2720500000 7.841025e+03 
2722650000 7.865925e+03 
2724800000 7.835800e+03 
2726950000 7.836975e+03 
2729100000 7.826750e+03 
2.731250e+09 7.817825e+03 
2733400000 7.830375e+03 
2735550000 7.841750e+03 
2737700000 7.850900e+03 
2.739850e+09 7.837075e+03 
2742000000 7.830675e+03 
2744150000 7.852175e+03 
2.746300e+09 7.829050e+03 
2748450000 7.822325e+03 
2750600000 7.860100e+03 
2752750000 7.856900e+03 
2754900000 7.825225e+03 
2757050000 7.855250e+03 
2759200000 7.862225e+03 
2.761350e+09 7.852900e+03 
2763500000 7.836400e+03 
2765650000 7.822175e+03 
2767800000 7.817825e+03 
2.769950e+09 7.852850e+03 
2772100000 7.837400e+03 
2774250000 7.815900e+03 
2.776400e+09 7.827450e+03 
2778550000 7.783250e+03 
2780700000 7.775500e+03 
2782850000 7.753450e+03 
2785000000 7.693950e+03 
2787150000 7.693350e+03 
2789300000 7.674925e+03 
2791450000 7.682825e+03 
2793600000 7.663175e+03 
2795750000 7.651100e+03 
2797900000 7.645150e+03 
2.800050e+09 7.677925e+03 
2802200000 7.677875e+03 
2804350000 7.701900e+03 
2806500000 7.753075e+03 
2808650000 7.762150e+03 
2810800000 7.779700e+03 
2812950000 7.801625e+03 
2815100000 7.821375e+03 
2817250000 7856 
2819400000 7.826225e+03 
2821550000 7.843900e+03 
2823700000 7.842650e+03 
2825850000 7.836050e+03 
2828000000 7.829725e+03 
2.830150e+09 7.832375e+03 
2832300000 7.846400e+03 
2834450000 7.848400e+03 
2836600000 7.834950e+03 
2838750000 7.844900e+03 
2840900000 7.844575e+03 
2843050000 7.854425e+03 
2845200000 7.847125e+03 
2847350000 7.810675e+03 
2849500000 7.830075e+03 
2851650000 7.825350e+03 
2853800000 7.833075e+03 
2855950000 7.827300e+03 
2858100000 7.821625e+03 
2.860250e+09 7.825400e+03 
2862400000 7.852875e+03 
2864550000 7.808875e+03 
2866700000 7.850550e+03 
2868850000 7.851750e+03 
2871000000 7.818025e+03 
2873150000 7.811825e+03 
2875300000 7.835750e+03 
2877450000 7.840375e+03 
2879600000 7.849975e+03 
2881750000 7.841225e+03 
2883900000 7.834475e+03 
2886050000 7.861400e+03 
2888200000 7.825250e+03 
2.890350e+09 7.827625e+03 
2892500000 7.831750e+03 
2894650000 7.837975e+03 
2896800000 7.847650e+03 
2898950000 7.837175e+03 
2901100000 7.834550e+03 
2903250000 7.818525e+03 
2905400000 7.849650e+03 
2907550000 7.833400e+03 
2909700000 7.822350e+03 
2911850000 7.846375e+03 
2914000000 7.843025e+03 
2916150000 7.847725e+03 
2918300000 7.820400e+03 
2920450000 7.861150e+03 
2922600000 7.856650e+03 
2924750000 7.857625e+03 
2926900000 7.832475e+03 
2929050000 7.864350e+03 
2931200000 7.861450e+03 
2933350000 7.829550e+03 
2935500000 7.835075e+03 
2937650000 7.849700e+03 
2939800000 7.869075e+03 
2941950000 7.839400e+03 
2.944100e+09 7.818450e+03 
2946250000 7.830400e+03 
2948400000 7.747425e+03 
2950550000 7.732875e+03 
2952700000 7.705275e+03 
2954850000 7.703375e+03 
2957000000 7.676075e+03 
2959150000 7.672675e+03 
2961300000 7.643950e+03 
2963450000 7.648775e+03 
2965600000 7.644975e+03 
2967750000 7.652850e+03 
2969900000 7.714900e+03 
2972050000 7.746250e+03 
2974200000 7.751300e+03 
2976350000 7.786125e+03 
2978500000 7.795700e+03 
2980650000 7.803600e+03 
2982800000 7.825225e+03 
2984950000 7.827475e+03 
2987100000 7.825475e+03 
2989250000 7.854275e+03 
2991400000 7.832425e+03 
2993550000 7.831700e+03 
2995700000 7.846075e+03 
2997850000 7.845075e+03 
3000000000 7.855350e+03 

END
