IGOR
WAVES/D/O sweep,sig(1) 
BEGIN
2570000000 8.053500e+03 
2.572150e+09 8.065700e+03 
2574300000 8.072150e+03 
2576450000 8.058525e+03 
2578600000 8.047225e+03 
2.580750e+09 8.067675e+03 
2582900000 8.036650e+03 
2585050000 8.043825e+03 
2.587200e+09 8.069825e+03 
2589350000 8.050650e+03 
2591500000 8.065800e+03 
2593650000 8.054875e+03 
2.595800e+09 8.068050e+03 
2597950000 8.033200e+03 
2600100000 8.035125e+03 
2.602250e+09 8.030350e+03 
2604400000 8.056250e+03 
2606550000 8.042550e+03 
2608700000 8.077575e+03 
2.610850e+09 8.043425e+03 
2613000000 8.060300e+03 
2615150000 8034 
2.617300e+09 8.045925e+03 
2619450000 8.046350e+03 
2621600000 8.073800e+03 
2623750000 8.043150e+03 
2.625900e+09 8.042800e+03 
2628050000 8.036975e+03 
2630200000 8.042575e+03 
2.632350e+09 8.045350e+03 
2634500000 8.010700e+03 
2636650000 8.019725e+03 
2638800000 8008 
2.640950e+09 8.016825e+03 
2643100000 8.030600e+03 
2645250000 8.017175e+03 
2.647400e+09 8.031700e+03 
2649550000 8.044925e+03 
2651700000 8.040925e+03 
2653850000 8.042775e+03 
2.656000e+09 8.069125e+03 
2658150000 8.034850e+03 
2660300000 8.027275e+03 
2.662450e+09 8.002450e+03 
2664600000 7.990050e+03 
2666750000 8.007375e+03 
2668900000 7.986525e+03 
2.671050e+09 7.979500e+03 
2673200000 7.989425e+03 
2675350000 8.008850e+03 
2677500000 8.044775e+03 
2679650000 8.020775e+03 
2681800000 8.034600e+03 
2683950000 8.046925e+03 
2.686100e+09 8.070975e+03 
2688250000 8.065150e+03 
2690400000 8.060900e+03 
2692550000 8.072400e+03 
2694700000 8.059625e+03 
2696850000 8.049225e+03 
2699000000 8.012275e+03 
2.701150e+09 8.016625e+03 
2703300000 8.022400e+03 
2705450000 8.019775e+03 
2707600000 7.986700e+03 
2.709750e+09 7.993275e+03 
2711900000 7.994675e+03 
2714050000 8.014175e+03 
2.716200e+09 8.014575e+03 
2718350000 8.039475e+03 
2720500000 8.041600e+03 
2722650000 8.058675e+03 
2724800000 8.041050e+03 
2726950000 8.057575e+03 
2729100000 8.062650e+03 
2.731250e+09 8.049100e+03 
2733400000 8.030825e+03 
2735550000 8.024150e+03 
2737700000 8.029975e+03 
2.739850e+09 8.039850e+03 
2742000000 8.040275e+03 
2744150000 8.028950e+03 
2.746300e+09 8.047750e+03 
2748450000 8.075150e+03 
2750600000 8.053350e+03 
2752750000 8.049900e+03 
2754900000 8.068650e+03 
2757050000 8.060625e+03 
2759200000 8.073250e+03 
2.761350e+09 8.041375e+03 
2763500000 8.069125e+03 
2765650000 8.053500e+03 
2767800000 8.067650e+03 
2.769950e+09 8.045800e+03 
2772100000 8.040950e+03 
2774250000 8.048450e+03 
2.776400e+09 8.043450e+03 
2778550000 8.030175e+03 
2780700000 8061 
2782850000 8.047725e+03 
2785000000 8.075575e+03 
2787150000 8.063400e+03 
2789300000 8.067450e+03 
2791450000 8.066200e+03 
2793600000 8.062775e+03 
2795750000 8.049025e+03 
2797900000 8.068925e+03 
2.800050e+09 8.086125e+03 
2802200000 8.071700e+03 
2804350000 8.063350e+03 
2806500000 8.051275e+03 
2808650000 8.076325e+03 
2810800000 8.049700e+03 
2812950000 8.050525e+03 
2815100000 8.062075e+03 
2817250000 8.060675e+03 
2819400000 8.072800e+03 
2821550000 8.048650e+03 
2823700000 8.036250e+03 
2825850000 8.050625e+03 
2828000000 8.061525e+03 
2.830150e+09 8.088900e+03 
2832300000 8.037300e+03 
2834450000 8.065200e+03 
2836600000 8.056125e+03 
2838750000 8.042125e+03 
2840900000 8.035375e+03 
2843050000 8.036725e+03 
2845200000 8.051875e+03 
2847350000 8.066125e+03 
2849500000 8.052800e+03 
2851650000 8.064325e+03 
2853800000 8.071975e+03 
2855950000 8.054225e+03 
2858100000 8.065975e+03 
2.860250e+09 8.065625e+03 
2862400000 8.061825e+03 
2864550000 8.071675e+03 
2866700000 8.033825e+03 
2868850000 8.054500e+03 
2871000000 8.062325e+03 
2873150000 8.050500e+03 
2875300000 8.049950e+03 
2877450000 8.050050e+03 
2879600000 8.058875e+03 
2881750000 8.050525e+03 
2883900000 8.046850e+03 
2886050000 8.039525e+03 
2888200000 8.065700e+03 
2.890350e+09 8.065250e+03 
2892500000 8.055175e+03 
2894650000 8.053500e+03 
2896800000 8.056375e+03 
2898950000 8.058900e+03 
2901100000 8.065425e+03 
2903250000 8.077275e+03 
2905400000 8.046825e+03 
2907550000 8.058050e+03 
2909700000 8.055375e+03 
2911850000 8.055025e+03 
2914000000 8047 
2916150000 8.029350e+03 
2918300000 8.042500e+03 
2920450000 8.064750e+03 
2922600000 8.037225e+03 
2924750000 8.048200e+03 
2926900000 8.036400e+03 
2929050000 8.052350e+03 
2931200000 8.035175e+03 
2933350000 8.030400e+03 
2935500000 8.054550e+03 
2937650000 8.042650e+03 
2939800000 8.046075e+03 
2941950000 8.059225e+03 
2.944100e+09 8.049400e+03 
2946250000 8.033275e+03 
2948400000 8.065750e+03 
2950550000 8.049700e+03 
2952700000 8.071500e+03 
2954850000 8.058350e+03 
2957000000 8.044050e+03 
2959150000 8.035575e+03 
2961300000 8.050800e+03 
2963450000 8.064450e+03 
2965600000 8.059725e+03 
2967750000 8.028200e+03 
2969900000 8.047550e+03 
2972050000 8.050625e+03 
2974200000 8.026800e+03 
2976350000 8.066625e+03 
2978500000 8024 
2980650000 8.043750e+03 
2982800000 8.041500e+03 
2984950000 8.034400e+03 
2987100000 8.046525e+03 
2989250000 8.053075e+03 
2991400000 8.063900e+03 
2993550000 8.045850e+03 
2995700000 8.050025e+03 
2997850000 8.036650e+03 
3000000000 8.055750e+03 

END
