IGOR
WAVES/D/O sweep,sig(1) 
BEGIN
2570000000 8.001525e+03 
2.572150e+09 7.978525e+03 
2574300000 8.007650e+03 
2576450000 7.980175e+03 
2578600000 8.004125e+03 
2.580750e+09 8.012800e+03 
2582900000 8.001175e+03 
2585050000 7966 
2.587200e+09 8.007850e+03 
2589350000 7.968925e+03 
2591500000 7.993100e+03 
2593650000 8.003525e+03 
2.595800e+09 7.998175e+03 
2597950000 7.975800e+03 
2600100000 7.980550e+03 
2.602250e+09 7.984900e+03 
2604400000 7.982900e+03 
2606550000 7.997700e+03 
2608700000 8.006900e+03 
2.610850e+09 7.984175e+03 
2613000000 8.000150e+03 
2615150000 7.993575e+03 
2.617300e+09 8.006300e+03 
2619450000 7986 
2621600000 7.986975e+03 
2623750000 7.991350e+03 
2.625900e+09 7.996650e+03 
2628050000 7.986775e+03 
2630200000 8.005050e+03 
2.632350e+09 7.978300e+03 
2634500000 7.975575e+03 
2636650000 7.989825e+03 
2638800000 8.014175e+03 
2.640950e+09 8.003950e+03 
2643100000 7.985025e+03 
2645250000 8.003525e+03 
2.647400e+09 7.987650e+03 
2649550000 7.977950e+03 
2651700000 7.993725e+03 
2653850000 7.987625e+03 
2.656000e+09 8.016200e+03 
2658150000 8.003150e+03 
2660300000 8.010775e+03 
2.662450e+09 8.015100e+03 
2664600000 8.018100e+03 
2666750000 7.977800e+03 
2668900000 7.998975e+03 
2.671050e+09 7.988550e+03 
2673200000 8.010075e+03 
2675350000 8.002950e+03 
2677500000 7.965600e+03 
2679650000 7.992050e+03 
2681800000 7.979025e+03 
2683950000 7.984950e+03 
2.686100e+09 7.976725e+03 
2688250000 7.978450e+03 
2690400000 7.983550e+03 
2692550000 7.998800e+03 
2694700000 7.990900e+03 
2696850000 7.999350e+03 
2699000000 7.995975e+03 
2.701150e+09 8.009825e+03 
2703300000 8.002175e+03 
2705450000 7.996800e+03 
2707600000 7.994975e+03 
2.709750e+09 7.990875e+03 
2711900000 8.008025e+03 
2714050000 7.990225e+03 
2.716200e+09 7.990025e+03 
2718350000 8.000125e+03 
2720500000 7.991750e+03 
2722650000 7.995525e+03 
2724800000 7.997575e+03 
2726950000 7.990250e+03 
2729100000 8.012550e+03 
2.731250e+09 8.005375e+03 
2733400000 7.995375e+03 
2735550000 7.996925e+03 
2737700000 7.966150e+03 
2.739850e+09 7.979525e+03 
2742000000 8.001400e+03 
2744150000 8.002300e+03 
2.746300e+09 8.010075e+03 
2748450000 7.995050e+03 
2750600000 8.008725e+03 
2752750000 8.016675e+03 
2754900000 8.009300e+03 
2757050000 7.986275e+03 
2759200000 7.999550e+03 
2.761350e+09 7.989500e+03 
2763500000 8.016100e+03 
2765650000 7.992425e+03 
2767800000 8.009475e+03 
2.769950e+09 7.991025e+03 
2772100000 7.986625e+03 
2774250000 7.968900e+03 
2.776400e+09 7.962325e+03 
2778550000 7.955550e+03 
2780700000 7.925575e+03 
2782850000 7.900875e+03 
2785000000 7.872675e+03 
2787150000 7.830300e+03 
2789300000 7.847725e+03 
2791450000 7.799650e+03 
2793600000 7.809275e+03 
2795750000 7.797300e+03 
2797900000 7.815950e+03 
2.800050e+09 7.830900e+03 
2802200000 7.854775e+03 
2804350000 7.867450e+03 
2806500000 7.908975e+03 
2808650000 7.933200e+03 
2810800000 7.948450e+03 
2812950000 7.954725e+03 
2815100000 7.986450e+03 
2817250000 7.973075e+03 
2819400000 7.989075e+03 
2821550000 8.012975e+03 
2823700000 7.987750e+03 
2825850000 7.996425e+03 
2828000000 7.991375e+03 
2.830150e+09 7.978025e+03 
2832300000 8.004075e+03 
2834450000 8.011350e+03 
2836600000 7.968925e+03 
2838750000 7.991025e+03 
2840900000 8.009625e+03 
2843050000 8.007500e+03 
2845200000 7.986575e+03 
2847350000 8.002775e+03 
2849500000 7.976625e+03 
2851650000 8.003175e+03 
2853800000 7.987625e+03 
2855950000 7.999100e+03 
2858100000 7.998750e+03 
2.860250e+09 7.978975e+03 
2862400000 7.953500e+03 
2864550000 7.983050e+03 
2866700000 7.989725e+03 
2868850000 7.975200e+03 
2871000000 8.005600e+03 
2873150000 8.008675e+03 
2875300000 8.009650e+03 
2877450000 7.993400e+03 
2879600000 7.975875e+03 
2881750000 7.993150e+03 
2883900000 8.004025e+03 
2886050000 7.988050e+03 
2888200000 8.000125e+03 
2.890350e+09 7.991500e+03 
2892500000 8.015100e+03 
2894650000 8.009225e+03 
2896800000 7.994675e+03 
2898950000 7.993175e+03 
2901100000 8005 
2903250000 8.004675e+03 
2905400000 7.986550e+03 
2907550000 7.994650e+03 
2909700000 7.989450e+03 
2911850000 8.018925e+03 
2914000000 7.972975e+03 
2916150000 7.965850e+03 
2918300000 7.984750e+03 
2920450000 7.977850e+03 
2922600000 8.006575e+03 
2924750000 7.994525e+03 
2926900000 7.994725e+03 
2929050000 8.012525e+03 
2931200000 7.994975e+03 
2933350000 7.987075e+03 
2935500000 8.007250e+03 
2937650000 7.986700e+03 
2939800000 7.998275e+03 
2941950000 7.973825e+03 
2.944100e+09 7.971550e+03 
2946250000 7950 
2948400000 7.951400e+03 
2950550000 7.902450e+03 
2952700000 7.866225e+03 
2954850000 7.822425e+03 
2957000000 7.822775e+03 
2959150000 7.776150e+03 
2961300000 7.768900e+03 
2963450000 7.774725e+03 
2965600000 7.816650e+03 
2967750000 7.816550e+03 
2969900000 7.854650e+03 
2972050000 7.910050e+03 
2974200000 7929 
2976350000 7.950350e+03 
2978500000 7.983175e+03 
2980650000 7.982275e+03 
2982800000 8.019950e+03 
2984950000 8.018850e+03 
2987100000 7.989125e+03 
2989250000 7.976975e+03 
2991400000 7.992300e+03 
2993550000 8.021400e+03 
2995700000 8.000700e+03 
2997850000 7.982050e+03 
3000000000 7.996025e+03 

END
