IGOR
WAVES/D/O sweep,sig(1) 
BEGIN
2570000000 8.316025e+03 
2.572150e+09 8.290475e+03 
2574300000 8.296525e+03 
2576450000 8.304950e+03 
2578600000 8.299050e+03 
2.580750e+09 8.290225e+03 
2582900000 8.290700e+03 
2585050000 8.286950e+03 
2.587200e+09 8.315725e+03 
2589350000 8.284350e+03 
2591500000 8.322550e+03 
2593650000 8.285700e+03 
2.595800e+09 8.302675e+03 
2597950000 8.308500e+03 
2600100000 8.290825e+03 
2.602250e+09 8.294775e+03 
2604400000 8.291900e+03 
2606550000 8.286475e+03 
2608700000 8.290375e+03 
2.610850e+09 8.328250e+03 
2613000000 8.295975e+03 
2615150000 8.297225e+03 
2.617300e+09 8.313725e+03 
2619450000 8.304475e+03 
2621600000 8.318350e+03 
2623750000 8.306900e+03 
2.625900e+09 8.332450e+03 
2628050000 8.322300e+03 
2630200000 8.291950e+03 
2.632350e+09 8.278925e+03 
2634500000 8.274925e+03 
2636650000 8.264125e+03 
2638800000 8.272550e+03 
2.640950e+09 8.256075e+03 
2643100000 8.266425e+03 
2645250000 8.266250e+03 
2.647400e+09 8.270150e+03 
2649550000 8.304375e+03 
2651700000 8.306625e+03 
2653850000 8.281775e+03 
2.656000e+09 8.285200e+03 
2658150000 8.298350e+03 
2660300000 8.313950e+03 
2.662450e+09 8.257675e+03 
2664600000 8.255775e+03 
2666750000 8.256925e+03 
2668900000 8.246600e+03 
2.671050e+09 8.219575e+03 
2673200000 8.230325e+03 
2675350000 8.269575e+03 
2677500000 8.245125e+03 
2679650000 8.280375e+03 
2681800000 8.293475e+03 
2683950000 8.293275e+03 
2.686100e+09 8.298875e+03 
2688250000 8.317075e+03 
2690400000 8.294650e+03 
2692550000 8.296300e+03 
2694700000 8.323775e+03 
2696850000 8.294850e+03 
2699000000 8.278700e+03 
2.701150e+09 8.265175e+03 
2703300000 8.243600e+03 
2705450000 8.248725e+03 
2707600000 8.251375e+03 
2.709750e+09 8.236025e+03 
2711900000 8.252050e+03 
2714050000 8.266625e+03 
2.716200e+09 8.310975e+03 
2718350000 8.279175e+03 
2720500000 8.291775e+03 
2722650000 8.311675e+03 
2724800000 8.283875e+03 
2726950000 8.276250e+03 
2729100000 8.293375e+03 
2.731250e+09 8.290625e+03 
2733400000 8.271925e+03 
2735550000 8.272675e+03 
2737700000 8.286475e+03 
2.739850e+09 8.281025e+03 
2742000000 8.273475e+03 
2744150000 8.282125e+03 
2.746300e+09 8.292925e+03 
2748450000 8.298950e+03 
2750600000 8.295325e+03 
2752750000 8.289775e+03 
2754900000 8.314525e+03 
2757050000 8.291100e+03 
2759200000 8.258800e+03 
2.761350e+09 8.279625e+03 
2763500000 8.293950e+03 
2765650000 8.299700e+03 
2767800000 8.301650e+03 
2.769950e+09 8.317075e+03 
2772100000 8.307100e+03 
2774250000 8.308425e+03 
2.776400e+09 8.308750e+03 
2778550000 8.274125e+03 
2780700000 8.285475e+03 
2782850000 8.301375e+03 
2785000000 8.297925e+03 
2787150000 8.292050e+03 
2789300000 8.303975e+03 
2791450000 8.293275e+03 
2793600000 8.295175e+03 
2795750000 8.303950e+03 
2797900000 8.290150e+03 
2.800050e+09 8.283575e+03 
2802200000 8.306700e+03 
2804350000 8.323175e+03 
2806500000 8.290200e+03 
2808650000 8.279875e+03 
2810800000 8.299350e+03 
2812950000 8.279900e+03 
2815100000 8.301050e+03 
2817250000 8.298775e+03 
2819400000 8.319750e+03 
2821550000 8.277550e+03 
2823700000 8.284475e+03 
2825850000 8.311775e+03 
2828000000 8.292475e+03 
2.830150e+09 8.306400e+03 
2832300000 8.307150e+03 
2834450000 8.286775e+03 
2836600000 8292 
2838750000 8.304350e+03 
2840900000 8.299225e+03 
2843050000 8.277350e+03 
2845200000 8.299450e+03 
2847350000 8.283775e+03 
2849500000 8.288750e+03 
2851650000 8.277550e+03 
2853800000 8.297775e+03 
2855950000 8.323875e+03 
2858100000 8.294550e+03 
2.860250e+09 8.314875e+03 
2862400000 8.299050e+03 
2864550000 8.282150e+03 
2866700000 8283 
2868850000 8.278575e+03 
2871000000 8.292250e+03 
2873150000 8.293250e+03 
2875300000 8.291950e+03 
2877450000 8.311325e+03 
2879600000 8.272325e+03 
2881750000 8.292425e+03 
2883900000 8.290675e+03 
2886050000 8.292675e+03 
2888200000 8.263750e+03 
2.890350e+09 8.272225e+03 
2892500000 8.274325e+03 
2894650000 8.283775e+03 
2896800000 8.269225e+03 
2898950000 8.278075e+03 
2901100000 8.254800e+03 
2903250000 8.291825e+03 
2905400000 8.291125e+03 
2907550000 8.279450e+03 
2909700000 8.299725e+03 
2911850000 8.291825e+03 
2914000000 8.278625e+03 
2916150000 8.284850e+03 
2918300000 8.298575e+03 
2920450000 8.281225e+03 
2922600000 8.289475e+03 
2924750000 8.285600e+03 
2926900000 8.282025e+03 
2929050000 8.284625e+03 
2931200000 8.280225e+03 
2933350000 8.276900e+03 
2935500000 8.277500e+03 
2937650000 8277 
2939800000 8.297500e+03 
2941950000 8.279700e+03 
2.944100e+09 8.275025e+03 
2946250000 8.262250e+03 
2948400000 8.290350e+03 
2950550000 8.276775e+03 
2952700000 8.283775e+03 
2954850000 8.293025e+03 
2957000000 8.293600e+03 
2959150000 8.286575e+03 
2961300000 8.291400e+03 
2963450000 8.265100e+03 
2965600000 8.269800e+03 
2967750000 8.297500e+03 
2969900000 8.295050e+03 
2972050000 8.285100e+03 
2974200000 8.289075e+03 
2976350000 8.294250e+03 
2978500000 8.264650e+03 
2980650000 8.269850e+03 
2982800000 8.262100e+03 
2984950000 8.289500e+03 
2987100000 8.274800e+03 
2989250000 8.288575e+03 
2991400000 8.266350e+03 
2993550000 8.270125e+03 
2995700000 8.285950e+03 
2997850000 8.272600e+03 
3000000000 8.258125e+03 

END
