IGOR
WAVES/D/O sweep,sig(1) 
BEGIN
2570000000 8.229500e+03 
2.572150e+09 8.214825e+03 
2574300000 8.218250e+03 
2576450000 8.234875e+03 
2578600000 8.203650e+03 
2.580750e+09 8.237150e+03 
2582900000 8.204050e+03 
2585050000 8.253575e+03 
2.587200e+09 8.209450e+03 
2589350000 8.209750e+03 
2591500000 8.199250e+03 
2593650000 8.231500e+03 
2.595800e+09 8.214750e+03 
2597950000 8215 
2600100000 8.230275e+03 
2.602250e+09 8.226525e+03 
2604400000 8217 
2606550000 8.227175e+03 
2608700000 8.206750e+03 
2.610850e+09 8.207800e+03 
2613000000 8.221375e+03 
2615150000 8.191800e+03 
2.617300e+09 8.207750e+03 
2619450000 8217 
2621600000 8213 
2623750000 8.213700e+03 
2.625900e+09 8.220825e+03 
2628050000 8.223925e+03 
2630200000 8.200400e+03 
2.632350e+09 8.202950e+03 
2634500000 8.167075e+03 
2636650000 8.181200e+03 
2638800000 8.185900e+03 
2.640950e+09 8.164250e+03 
2643100000 8.173400e+03 
2645250000 8.164950e+03 
2.647400e+09 8.196625e+03 
2649550000 8.212925e+03 
2651700000 8.211825e+03 
2653850000 8.212775e+03 
2.656000e+09 8.220325e+03 
2658150000 8.210025e+03 
2660300000 8.218450e+03 
2.662450e+09 8.177075e+03 
2664600000 8.170450e+03 
2666750000 8.131300e+03 
2668900000 8.162300e+03 
2.671050e+09 8.151650e+03 
2673200000 8.139125e+03 
2675350000 8.167775e+03 
2677500000 8.178900e+03 
2679650000 8.193200e+03 
2681800000 8.189900e+03 
2683950000 8.206225e+03 
2.686100e+09 8.191150e+03 
2688250000 8.222525e+03 
2690400000 8.236100e+03 
2692550000 8.235200e+03 
2694700000 8.211200e+03 
2696850000 8.222950e+03 
2699000000 8.194600e+03 
2.701150e+09 8.193050e+03 
2703300000 8.182550e+03 
2705450000 8.151125e+03 
2707600000 8.139300e+03 
2.709750e+09 8.178100e+03 
2711900000 8.151475e+03 
2714050000 8.164250e+03 
2.716200e+09 8.197575e+03 
2718350000 8.212100e+03 
2720500000 8.214925e+03 
2722650000 8.208450e+03 
2724800000 8.210175e+03 
2726950000 8.210400e+03 
2729100000 8.218350e+03 
2.731250e+09 8.200975e+03 
2733400000 8.202075e+03 
2735550000 8.186875e+03 
2737700000 8205 
2.739850e+09 8.198225e+03 
2742000000 8.195800e+03 
2744150000 8.196025e+03 
2.746300e+09 8.215025e+03 
2748450000 8.219650e+03 
2750600000 8.229225e+03 
2752750000 8.238650e+03 
2754900000 8.239375e+03 
2757050000 8.229425e+03 
2759200000 8.223400e+03 
2.761350e+09 8.204775e+03 
2763500000 8.220500e+03 
2765650000 8.237375e+03 
2767800000 8.212800e+03 
2.769950e+09 8.216400e+03 
2772100000 8.239475e+03 
2774250000 8.214350e+03 
2.776400e+09 8.208750e+03 
2778550000 8.207250e+03 
2780700000 8.219925e+03 
2782850000 8.207825e+03 
2785000000 8.225700e+03 
2787150000 8.224550e+03 
2789300000 8.241025e+03 
2791450000 8.208875e+03 
2793600000 8.214375e+03 
2795750000 8.208225e+03 
2797900000 8.208075e+03 
2.800050e+09 8.224675e+03 
2802200000 8.200175e+03 
2804350000 8.210475e+03 
2806500000 8.204975e+03 
2808650000 8.238475e+03 
2810800000 8.188700e+03 
2812950000 8.205575e+03 
2815100000 8.196325e+03 
2817250000 8.220250e+03 
2819400000 8.213375e+03 
2821550000 8.196350e+03 
2823700000 8.223825e+03 
2825850000 8.227150e+03 
2828000000 8.222100e+03 
2.830150e+09 8.204750e+03 
2832300000 8.210250e+03 
2834450000 8.204925e+03 
2836600000 8.195950e+03 
2838750000 8.215350e+03 
2840900000 8.198075e+03 
2843050000 8.210075e+03 
2845200000 8.202950e+03 
2847350000 8.225875e+03 
2849500000 8.201650e+03 
2851650000 8.222900e+03 
2853800000 8.183300e+03 
2855950000 8.219325e+03 
2858100000 8.191200e+03 
2.860250e+09 8.231425e+03 
2862400000 8.188850e+03 
2864550000 8.221475e+03 
2866700000 8.225175e+03 
2868850000 8.210450e+03 
2871000000 8.181375e+03 
2873150000 8.193450e+03 
2875300000 8.201200e+03 
2877450000 8.221525e+03 
2879600000 8.218300e+03 
2881750000 8.208850e+03 
2883900000 8.198950e+03 
2886050000 8.212225e+03 
2888200000 8.215550e+03 
2.890350e+09 8.215325e+03 
2892500000 8.205925e+03 
2894650000 8.195025e+03 
2896800000 8.236475e+03 
2898950000 8.212275e+03 
2901100000 8.198575e+03 
2903250000 8.230725e+03 
2905400000 8.225150e+03 
2907550000 8.208875e+03 
2909700000 8.205275e+03 
2911850000 8.203725e+03 
2914000000 8.229725e+03 
2916150000 8.219925e+03 
2918300000 8.230125e+03 
2920450000 8.217725e+03 
2922600000 8.213325e+03 
2924750000 8.222600e+03 
2926900000 8.230675e+03 
2929050000 8.217450e+03 
2931200000 8.227800e+03 
2933350000 8.228075e+03 
2935500000 8.222150e+03 
2937650000 8.229350e+03 
2939800000 8.228200e+03 
2941950000 8.228775e+03 
2.944100e+09 8.210150e+03 
2946250000 8.231450e+03 
2948400000 8.234450e+03 
2950550000 8.215950e+03 
2952700000 8.210900e+03 
2954850000 8.233325e+03 
2957000000 8.208200e+03 
2959150000 8.214900e+03 
2961300000 8.193450e+03 
2963450000 8.210050e+03 
2965600000 8.235975e+03 
2967750000 8.210675e+03 
2969900000 8.184750e+03 
2972050000 8.219675e+03 
2974200000 8.216975e+03 
2976350000 8.234450e+03 
2978500000 8.218575e+03 
2980650000 8.226650e+03 
2982800000 8.211700e+03 
2984950000 8.243725e+03 
2987100000 8.205800e+03 
2989250000 8.217850e+03 
2991400000 8239 
2993550000 8.228475e+03 
2995700000 8.226800e+03 
2997850000 8.227675e+03 
3000000000 8.232425e+03 

END
