IGOR
WAVES/D/O sweep,sig(1) 
BEGIN
2570000000 8.052800e+03 
2.572150e+09 8.037875e+03 
2574300000 8.060675e+03 
2576450000 8.064350e+03 
2578600000 8.026775e+03 
2.580750e+09 8.051025e+03 
2582900000 8.060225e+03 
2585050000 8.060675e+03 
2.587200e+09 8.040825e+03 
2589350000 8.036400e+03 
2591500000 8.040425e+03 
2593650000 8.059550e+03 
2.595800e+09 8.051500e+03 
2597950000 8.066400e+03 
2600100000 8.023725e+03 
2.602250e+09 8.025525e+03 
2604400000 8.024625e+03 
2606550000 8.041250e+03 
2608700000 8.026950e+03 
2.610850e+09 8.063675e+03 
2613000000 8.048200e+03 
2615150000 8.041025e+03 
2.617300e+09 8.038075e+03 
2619450000 8.052850e+03 
2621600000 8.041700e+03 
2623750000 8.050100e+03 
2.625900e+09 8.045050e+03 
2628050000 8.036625e+03 
2630200000 8.002350e+03 
2.632350e+09 8.036625e+03 
2634500000 8.029050e+03 
2636650000 7.983375e+03 
2638800000 7.967875e+03 
2.640950e+09 8.014350e+03 
2643100000 8.003875e+03 
2645250000 8.008775e+03 
2.647400e+09 8.031150e+03 
2649550000 8039 
2651700000 8.031350e+03 
2653850000 8.047675e+03 
2.656000e+09 8.043350e+03 
2658150000 7.995850e+03 
2660300000 8.007375e+03 
2.662450e+09 8.021450e+03 
2664600000 8.002725e+03 
2666750000 7.955925e+03 
2668900000 7.991375e+03 
2.671050e+09 7977 
2673200000 7.984850e+03 
2675350000 7.973525e+03 
2677500000 7998 
2679650000 8.047475e+03 
2681800000 8.021150e+03 
2683950000 8.033250e+03 
2.686100e+09 8.040250e+03 
2688250000 8.045500e+03 
2690400000 8.056675e+03 
2692550000 8.021450e+03 
2694700000 8.040650e+03 
2696850000 8.019500e+03 
2699000000 8.027225e+03 
2.701150e+09 8.006725e+03 
2703300000 7961 
2705450000 7.969275e+03 
2707600000 7.999925e+03 
2.709750e+09 7.958625e+03 
2711900000 7.982100e+03 
2714050000 7.998175e+03 
2.716200e+09 8.006475e+03 
2718350000 8.013500e+03 
2720500000 8.021575e+03 
2722650000 8.031300e+03 
2724800000 8.032425e+03 
2726950000 8.005775e+03 
2729100000 8.041950e+03 
2.731250e+09 8.018325e+03 
2733400000 8.002050e+03 
2735550000 8.011200e+03 
2737700000 8.018025e+03 
2.739850e+09 7.999900e+03 
2742000000 8.033650e+03 
2744150000 8.003375e+03 
2.746300e+09 7.997125e+03 
2748450000 8.008275e+03 
2750600000 8.034375e+03 
2752750000 8.036650e+03 
2754900000 8.019600e+03 
2757050000 8.023175e+03 
2759200000 8.013025e+03 
2.761350e+09 8.039200e+03 
2763500000 8.037975e+03 
2765650000 8.021375e+03 
2767800000 8.037900e+03 
2.769950e+09 8.042875e+03 
2772100000 8.012725e+03 
2774250000 8.022125e+03 
2.776400e+09 8.036200e+03 
2778550000 7.994675e+03 
2780700000 8.024800e+03 
2782850000 8.048850e+03 
2785000000 8.020025e+03 
2787150000 8.008475e+03 
2789300000 8.018300e+03 
2791450000 8.033925e+03 
2793600000 8.009650e+03 
2795750000 8.021125e+03 
2797900000 8.007250e+03 
2.800050e+09 8.011125e+03 
2802200000 8.017050e+03 
2804350000 8.036400e+03 
2806500000 8.037900e+03 
2808650000 8.017375e+03 
2810800000 8.009150e+03 
2812950000 8.039900e+03 
2815100000 8.020125e+03 
2817250000 8.031375e+03 
2819400000 8.027225e+03 
2821550000 8035 
2823700000 8.020825e+03 
2825850000 8.024200e+03 
2828000000 8.000375e+03 
2.830150e+09 8.010750e+03 
2832300000 8.026800e+03 
2834450000 7.992375e+03 
2836600000 8.008725e+03 
2838750000 8.021375e+03 
2840900000 8.029250e+03 
2843050000 8.002425e+03 
2845200000 8.029950e+03 
2847350000 8.027275e+03 
2849500000 8.026500e+03 
2851650000 8.017650e+03 
2853800000 8.001775e+03 
2855950000 8.011850e+03 
2858100000 8.022950e+03 
2.860250e+09 8.015300e+03 
2862400000 8.006700e+03 
2864550000 8.050275e+03 
2866700000 8.042525e+03 
2868850000 8.011925e+03 
2871000000 8.016225e+03 
2873150000 8.011150e+03 
2875300000 8.008875e+03 
2877450000 7.993725e+03 
2879600000 7.994575e+03 
2881750000 8.021025e+03 
2883900000 8.013925e+03 
2886050000 7.983375e+03 
2888200000 8.030575e+03 
2.890350e+09 8.018725e+03 
2892500000 8.041825e+03 
2894650000 8.015325e+03 
2896800000 8.021200e+03 
2898950000 8.024050e+03 
2901100000 8.006975e+03 
2903250000 8.017450e+03 
2905400000 8.009050e+03 
2907550000 8.001925e+03 
2909700000 8005 
2911850000 8.012575e+03 
2914000000 8.002925e+03 
2916150000 8.008550e+03 
2918300000 8.016100e+03 
2920450000 8.014275e+03 
2922600000 7.995175e+03 
2924750000 8.030700e+03 
2926900000 8.011650e+03 
2929050000 8.001525e+03 
2931200000 7.995850e+03 
2933350000 7.989575e+03 
2935500000 8.005875e+03 
2937650000 8.018775e+03 
2939800000 8.027375e+03 
2941950000 8.022525e+03 
2.944100e+09 8.018550e+03 
2946250000 8.021050e+03 
2948400000 8.001400e+03 
2950550000 7.987575e+03 
2952700000 8.010675e+03 
2954850000 8.007900e+03 
2957000000 7.984050e+03 
2959150000 7.999550e+03 
2961300000 8017 
2963450000 8.016400e+03 
2965600000 7.981150e+03 
2967750000 8.031675e+03 
2969900000 8.023450e+03 
2972050000 8.014675e+03 
2974200000 7.985675e+03 
2976350000 8.005950e+03 
2978500000 8.027625e+03 
2980650000 8.023250e+03 
2982800000 7.995675e+03 
2984950000 8.007775e+03 
2987100000 8.028050e+03 
2989250000 8.021725e+03 
2991400000 7998 
2993550000 8.029375e+03 
2995700000 8.048475e+03 
2997850000 8.035875e+03 
3000000000 8.024825e+03 

END
