IGOR
WAVES/D/O sweep,sig(1) 
BEGIN
2570000000 7.975050e+03 
2.572150e+09 7.990675e+03 
2574300000 7.998850e+03 
2576450000 8.002100e+03 
2578600000 7.999225e+03 
2.580750e+09 7.972075e+03 
2582900000 8.004625e+03 
2585050000 7.986475e+03 
2.587200e+09 7.999025e+03 
2589350000 7.992900e+03 
2591500000 8.000650e+03 
2593650000 8004 
2.595800e+09 8.001725e+03 
2597950000 8.010225e+03 
2600100000 7.987900e+03 
2.602250e+09 7.996450e+03 
2604400000 8.008450e+03 
2606550000 7.996775e+03 
2608700000 8.017950e+03 
2.610850e+09 8.003050e+03 
2613000000 7.997925e+03 
2615150000 8.008075e+03 
2.617300e+09 7.981750e+03 
2619450000 7.998150e+03 
2621600000 8.005950e+03 
2623750000 7.995725e+03 
2.625900e+09 7987 
2628050000 7.979075e+03 
2630200000 7.989750e+03 
2.632350e+09 7.984350e+03 
2634500000 7.944825e+03 
2636650000 7.964900e+03 
2638800000 7.979050e+03 
2.640950e+09 7.966100e+03 
2643100000 7.948975e+03 
2645250000 7.945750e+03 
2.647400e+09 7.969350e+03 
2649550000 7.963075e+03 
2651700000 7.981575e+03 
2653850000 8.005075e+03 
2.656000e+09 7985 
2658150000 7.991125e+03 
2660300000 7.978500e+03 
2.662450e+09 7.965250e+03 
2664600000 7.949775e+03 
2666750000 7.931875e+03 
2668900000 7.938200e+03 
2.671050e+09 7.924350e+03 
2673200000 7.935450e+03 
2675350000 7.938475e+03 
2677500000 7.959100e+03 
2679650000 7.966375e+03 
2681800000 7.977500e+03 
2683950000 7.964925e+03 
2.686100e+09 8.006050e+03 
2688250000 8.012625e+03 
2690400000 8.003200e+03 
2692550000 7.972625e+03 
2694700000 7.986825e+03 
2696850000 7.978300e+03 
2699000000 7.959150e+03 
2.701150e+09 7.935200e+03 
2703300000 7.940350e+03 
2705450000 7.936675e+03 
2707600000 7.928900e+03 
2.709750e+09 7.933450e+03 
2711900000 7.925900e+03 
2714050000 7.957450e+03 
2.716200e+09 7.965525e+03 
2718350000 7.974025e+03 
2720500000 7.964825e+03 
2722650000 8.001350e+03 
2724800000 7.997650e+03 
2726950000 7.996150e+03 
2729100000 7.975700e+03 
2.731250e+09 7.975375e+03 
2733400000 7.957475e+03 
2735550000 7.960900e+03 
2737700000 7.952600e+03 
2.739850e+09 7.951225e+03 
2742000000 7.952275e+03 
2744150000 7.947050e+03 
2.746300e+09 7.964025e+03 
2748450000 7.965450e+03 
2750600000 7.987575e+03 
2752750000 7.982400e+03 
2754900000 7.980725e+03 
2757050000 8002 
2759200000 8.000850e+03 
2.761350e+09 8.000225e+03 
2763500000 7.970475e+03 
2765650000 7.986925e+03 
2767800000 7.995950e+03 
2.769950e+09 7.992925e+03 
2772100000 8.006550e+03 
2774250000 7.988025e+03 
2.776400e+09 7.978925e+03 
2778550000 7.996950e+03 
2780700000 7.982600e+03 
2782850000 7.984475e+03 
2785000000 7.978900e+03 
2787150000 7.966575e+03 
2789300000 7.981550e+03 
2791450000 8.015950e+03 
2793600000 7.965975e+03 
2795750000 7.993200e+03 
2797900000 7.978350e+03 
2.800050e+09 7.977950e+03 
2802200000 7.953775e+03 
2804350000 7.965225e+03 
2806500000 7.973525e+03 
2808650000 7.979675e+03 
2810800000 7.982850e+03 
2812950000 7.981900e+03 
2815100000 7.979350e+03 
2817250000 7.993200e+03 
2819400000 7.996900e+03 
2821550000 7.979650e+03 
2823700000 7.995150e+03 
2825850000 7.983950e+03 
2828000000 7.992825e+03 
2.830150e+09 7.987400e+03 
2832300000 7.972325e+03 
2834450000 7.977575e+03 
2836600000 7.970725e+03 
2838750000 7.976725e+03 
2840900000 8.003325e+03 
2843050000 7.970100e+03 
2845200000 7.972275e+03 
2847350000 7.970575e+03 
2849500000 7.994400e+03 
2851650000 7.991450e+03 
2853800000 7.977200e+03 
2855950000 7.970075e+03 
2858100000 7.978175e+03 
2.860250e+09 7.997200e+03 
2862400000 7.993200e+03 
2864550000 7.971150e+03 
2866700000 7.982550e+03 
2868850000 7.978675e+03 
2871000000 7.975350e+03 
2873150000 7.992600e+03 
2875300000 7.989275e+03 
2877450000 7.974650e+03 
2879600000 7.990075e+03 
2881750000 7.985100e+03 
2883900000 8.001625e+03 
2886050000 7.998025e+03 
2888200000 7.994075e+03 
2.890350e+09 8.001800e+03 
2892500000 7.985950e+03 
2894650000 8.012500e+03 
2896800000 7.997900e+03 
2898950000 8.016425e+03 
2901100000 7.983900e+03 
2903250000 8.003250e+03 
2905400000 7.999325e+03 
2907550000 7.981200e+03 
2909700000 7.995200e+03 
2911850000 7.980625e+03 
2914000000 7.994425e+03 
2916150000 8019 
2918300000 7.994450e+03 
2920450000 7.978500e+03 
2922600000 8.012800e+03 
2924750000 8.007625e+03 
2926900000 7.985350e+03 
2929050000 8.005750e+03 
2931200000 8.000825e+03 
2933350000 7.990475e+03 
2935500000 7.976600e+03 
2937650000 8.013550e+03 
2939800000 7.991025e+03 
2941950000 8.015150e+03 
2.944100e+09 7.994050e+03 
2946250000 8.004175e+03 
2948400000 8.000225e+03 
2950550000 7.975800e+03 
2952700000 7.977850e+03 
2954850000 7.990200e+03 
2957000000 7.986575e+03 
2959150000 7.985675e+03 
2961300000 8.006550e+03 
2963450000 8.005350e+03 
2965600000 8.018325e+03 
2967750000 7.991900e+03 
2969900000 8.011150e+03 
2972050000 7.993575e+03 
2974200000 8.002475e+03 
2976350000 7.996400e+03 
2978500000 8018 
2980650000 7.985100e+03 
2982800000 7.991750e+03 
2984950000 8.010050e+03 
2987100000 7.973525e+03 
2989250000 7.990925e+03 
2991400000 8.013450e+03 
2993550000 8.006300e+03 
2995700000 7.998825e+03 
2997850000 8.028775e+03 
3000000000 8.013750e+03 

END
