IGOR
WAVES/D/O sweep,sig(1) 
BEGIN
2570000000 7.876825e+03 
2.572150e+09 7.886725e+03 
2574300000 7.893850e+03 
2576450000 7.894700e+03 
2578600000 7.881475e+03 
2.580750e+09 7.865300e+03 
2582900000 7.871500e+03 
2585050000 7.875600e+03 
2.587200e+09 7.880250e+03 
2589350000 7.861575e+03 
2591500000 7.887125e+03 
2593650000 7.882125e+03 
2.595800e+09 7.891850e+03 
2597950000 7.877225e+03 
2600100000 7.885700e+03 
2.602250e+09 7.893425e+03 
2604400000 7.888500e+03 
2606550000 7.890950e+03 
2608700000 7.883275e+03 
2.610850e+09 7.870775e+03 
2613000000 7.888425e+03 
2615150000 7.881200e+03 
2.617300e+09 7.882275e+03 
2619450000 7.890425e+03 
2621600000 7.863975e+03 
2623750000 7.877100e+03 
2.625900e+09 7.880100e+03 
2628050000 7.874750e+03 
2630200000 7.856275e+03 
2.632350e+09 7.847775e+03 
2634500000 7.864975e+03 
2636650000 7.832250e+03 
2638800000 7.831225e+03 
2.640950e+09 7.844950e+03 
2643100000 7.838675e+03 
2645250000 7.854975e+03 
2.647400e+09 7.818650e+03 
2649550000 7.865950e+03 
2651700000 7.863325e+03 
2653850000 7.863950e+03 
2.656000e+09 7.888450e+03 
2658150000 7.862100e+03 
2660300000 7.838650e+03 
2.662450e+09 7.854275e+03 
2664600000 7.808150e+03 
2666750000 7.813050e+03 
2668900000 7.795900e+03 
2.671050e+09 7.821850e+03 
2673200000 7.807875e+03 
2675350000 7.817700e+03 
2677500000 7.832900e+03 
2679650000 7.840825e+03 
2681800000 7.865650e+03 
2683950000 7.866800e+03 
2.686100e+09 7.885425e+03 
2688250000 7.878125e+03 
2690400000 7.866400e+03 
2692550000 7.866175e+03 
2694700000 7.878225e+03 
2696850000 7.865750e+03 
2699000000 7.847025e+03 
2.701150e+09 7.837125e+03 
2703300000 7.838825e+03 
2705450000 7.800375e+03 
2707600000 7.811500e+03 
2.709750e+09 7.813425e+03 
2711900000 7.802850e+03 
2714050000 7.829975e+03 
2.716200e+09 7.837400e+03 
2718350000 7.840225e+03 
2720500000 7.852075e+03 
2722650000 7.848150e+03 
2724800000 7.872975e+03 
2726950000 7850 
2729100000 7.843600e+03 
2.731250e+09 7.845150e+03 
2733400000 7.820875e+03 
2735550000 7.828475e+03 
2737700000 7.829050e+03 
2.739850e+09 7.826050e+03 
2742000000 7.822275e+03 
2744150000 7.829275e+03 
2.746300e+09 7.853050e+03 
2748450000 7.871450e+03 
2750600000 7856 
2752750000 7.859525e+03 
2754900000 7.863225e+03 
2757050000 7.861550e+03 
2759200000 7873 
2.761350e+09 7.850900e+03 
2763500000 7.879300e+03 
2765650000 7.863150e+03 
2767800000 7.847950e+03 
2.769950e+09 7.849150e+03 
2772100000 7.859925e+03 
2774250000 7.853850e+03 
2.776400e+09 7867 
2778550000 7.870325e+03 
2780700000 7.866775e+03 
2782850000 7.862075e+03 
2785000000 7.869700e+03 
2787150000 7.870375e+03 
2789300000 7.866475e+03 
2791450000 7.852025e+03 
2793600000 7.871925e+03 
2795750000 7.855350e+03 
2797900000 7.856600e+03 
2.800050e+09 7.865675e+03 
2802200000 7.871075e+03 
2804350000 7.882125e+03 
2806500000 7.867525e+03 
2808650000 7.872225e+03 
2810800000 7.859675e+03 
2812950000 7.864750e+03 
2815100000 7.868725e+03 
2817250000 7.876100e+03 
2819400000 7.857575e+03 
2821550000 7.852425e+03 
2823700000 7.851175e+03 
2825850000 7.875900e+03 
2828000000 7.888300e+03 
2.830150e+09 7.853925e+03 
2832300000 7.845175e+03 
2834450000 7.854975e+03 
2836600000 7869 
2838750000 7.869675e+03 
2840900000 7.856625e+03 
2843050000 7.877625e+03 
2845200000 7.866450e+03 
2847350000 7.850775e+03 
2849500000 7.849775e+03 
2851650000 7.862175e+03 
2853800000 7.866500e+03 
2855950000 7.887200e+03 
2858100000 7.867150e+03 
2.860250e+09 7.856875e+03 
2862400000 7.874275e+03 
2864550000 7.870525e+03 
2866700000 7.861175e+03 
2868850000 7.861475e+03 
2871000000 7.863500e+03 
2873150000 7.870800e+03 
2875300000 7.864725e+03 
2877450000 7.873325e+03 
2879600000 7.846250e+03 
2881750000 7.863075e+03 
2883900000 7.857475e+03 
2886050000 7.863225e+03 
2888200000 7.870825e+03 
2.890350e+09 7.851750e+03 
2892500000 7.857325e+03 
2894650000 7.851500e+03 
2896800000 7.862400e+03 
2898950000 7.880625e+03 
2901100000 7.873250e+03 
2903250000 7.880500e+03 
2905400000 7.875200e+03 
2907550000 7.878750e+03 
2909700000 7.857450e+03 
2911850000 7.876600e+03 
2914000000 7.867025e+03 
2916150000 7.855350e+03 
2918300000 7.863425e+03 
2920450000 7.851600e+03 
2922600000 7.866250e+03 
2924750000 7.863425e+03 
2926900000 7.837500e+03 
2929050000 7.873875e+03 
2931200000 7.850250e+03 
2933350000 7.845275e+03 
2935500000 7.850100e+03 
2937650000 7.866525e+03 
2939800000 7.859475e+03 
2941950000 7.864525e+03 
2.944100e+09 7.888075e+03 
2946250000 7.859675e+03 
2948400000 7.869275e+03 
2950550000 7.856275e+03 
2952700000 7.871400e+03 
2954850000 7.860325e+03 
2957000000 7.860275e+03 
2959150000 7.855250e+03 
2961300000 7.864750e+03 
2963450000 7.858925e+03 
2965600000 7.839975e+03 
2967750000 7.848800e+03 
2969900000 7.853600e+03 
2972050000 7.860025e+03 
2974200000 7.843275e+03 
2976350000 7.866650e+03 
2978500000 7.869050e+03 
2980650000 7.854450e+03 
2982800000 7.847500e+03 
2984950000 7.836225e+03 
2987100000 7.862550e+03 
2989250000 7.865100e+03 
2991400000 7.813300e+03 
2993550000 7.854950e+03 
2995700000 7.864500e+03 
2997850000 7.858450e+03 
3000000000 7.868425e+03 

END
