IGOR
WAVES/D/O sweep,sig(1) 
BEGIN
2570000000 8.217150e+03 
2.572150e+09 8.202475e+03 
2574300000 8.201425e+03 
2576450000 8.218575e+03 
2578600000 8.222950e+03 
2.580750e+09 8.223750e+03 
2582900000 8.207450e+03 
2585050000 8.221900e+03 
2.587200e+09 8.228025e+03 
2589350000 8.225850e+03 
2591500000 8.217300e+03 
2593650000 8.233025e+03 
2.595800e+09 8.227200e+03 
2597950000 8.207875e+03 
2600100000 8.213525e+03 
2.602250e+09 8.229850e+03 
2604400000 8.228050e+03 
2606550000 8.220025e+03 
2608700000 8.198675e+03 
2.610850e+09 8.220825e+03 
2613000000 8.190850e+03 
2615150000 8.204775e+03 
2.617300e+09 8.225050e+03 
2619450000 8.239075e+03 
2621600000 8.206600e+03 
2623750000 8.217100e+03 
2.625900e+09 8.205950e+03 
2628050000 8.201425e+03 
2630200000 8.188025e+03 
2.632350e+09 8.172475e+03 
2634500000 8.171325e+03 
2636650000 8.173250e+03 
2638800000 8.167500e+03 
2.640950e+09 8.173025e+03 
2643100000 8.174100e+03 
2645250000 8.193325e+03 
2.647400e+09 8.188250e+03 
2649550000 8213 
2651700000 8.202075e+03 
2653850000 8.216675e+03 
2.656000e+09 8.237375e+03 
2658150000 8.207775e+03 
2660300000 8.201650e+03 
2.662450e+09 8.196125e+03 
2664600000 8.185975e+03 
2666750000 8.167575e+03 
2668900000 8.137475e+03 
2.671050e+09 8.150325e+03 
2673200000 8.157075e+03 
2675350000 8.159625e+03 
2677500000 8.171825e+03 
2679650000 8.194300e+03 
2681800000 8.198425e+03 
2683950000 8.219800e+03 
2.686100e+09 8.208600e+03 
2688250000 8.202925e+03 
2690400000 8.227525e+03 
2692550000 8.223025e+03 
2694700000 8.200125e+03 
2696850000 8.224750e+03 
2699000000 8.184125e+03 
2.701150e+09 8.164500e+03 
2703300000 8.172700e+03 
2705450000 8.156275e+03 
2707600000 8.151450e+03 
2.709750e+09 8.147250e+03 
2711900000 8.161825e+03 
2714050000 8.176400e+03 
2.716200e+09 8.186425e+03 
2718350000 8.208025e+03 
2720500000 8194 
2722650000 8.206350e+03 
2724800000 8.212950e+03 
2726950000 8.218300e+03 
2729100000 8.210250e+03 
2.731250e+09 8.198100e+03 
2733400000 8.186175e+03 
2735550000 8.226475e+03 
2737700000 8.182050e+03 
2.739850e+09 8.205400e+03 
2742000000 8.188775e+03 
2744150000 8.200200e+03 
2.746300e+09 8.231800e+03 
2748450000 8.210750e+03 
2750600000 8.206525e+03 
2752750000 8.231200e+03 
2754900000 8.218750e+03 
2757050000 8.237750e+03 
2759200000 8.235200e+03 
2.761350e+09 8.248550e+03 
2763500000 8.222300e+03 
2765650000 8.222475e+03 
2767800000 8.225450e+03 
2.769950e+09 8220 
2772100000 8.240100e+03 
2774250000 8.223800e+03 
2.776400e+09 8.243950e+03 
2778550000 8.215200e+03 
2780700000 8.245850e+03 
2782850000 8.211275e+03 
2785000000 8.233175e+03 
2787150000 8.217275e+03 
2789300000 8.226725e+03 
2791450000 8.218325e+03 
2793600000 8.204925e+03 
2795750000 8.212825e+03 
2797900000 8.226500e+03 
2.800050e+09 8.229125e+03 
2802200000 8.222950e+03 
2804350000 8.219375e+03 
2806500000 8.222150e+03 
2808650000 8.220050e+03 
2810800000 8.249350e+03 
2812950000 8.226825e+03 
2815100000 8.220950e+03 
2817250000 8.216525e+03 
2819400000 8.236475e+03 
2821550000 8.230275e+03 
2823700000 8.219425e+03 
2825850000 8.222675e+03 
2828000000 8.222300e+03 
2.830150e+09 8.213925e+03 
2832300000 8.236450e+03 
2834450000 8.226525e+03 
2836600000 8.226100e+03 
2838750000 8.211100e+03 
2840900000 8.203900e+03 
2843050000 8.210075e+03 
2845200000 8.237300e+03 
2847350000 8.225275e+03 
2849500000 8.220825e+03 
2851650000 8.236875e+03 
2853800000 8.223050e+03 
2855950000 8.217525e+03 
2858100000 8.202950e+03 
2.860250e+09 8.233325e+03 
2862400000 8.224725e+03 
2864550000 8.216200e+03 
2866700000 8.236850e+03 
2868850000 8.211875e+03 
2871000000 8.212675e+03 
2873150000 8.196125e+03 
2875300000 8.208725e+03 
2877450000 8.246500e+03 
2879600000 8.218525e+03 
2881750000 8.226825e+03 
2883900000 8.233650e+03 
2886050000 8.226300e+03 
2888200000 8.232525e+03 
2.890350e+09 8.210525e+03 
2892500000 8.184325e+03 
2894650000 8.225175e+03 
2896800000 8.202650e+03 
2898950000 8.213375e+03 
2901100000 8.200275e+03 
2903250000 8.229325e+03 
2905400000 8240 
2907550000 8.232325e+03 
2909700000 8.220375e+03 
2911850000 8.245375e+03 
2914000000 8.206825e+03 
2916150000 8.233875e+03 
2918300000 8.238950e+03 
2920450000 8.228925e+03 
2922600000 8.199525e+03 
2924750000 8.222400e+03 
2926900000 8.211500e+03 
2929050000 8.228775e+03 
2931200000 8.228450e+03 
2933350000 8.212525e+03 
2935500000 8.210750e+03 
2937650000 8.236075e+03 
2939800000 8.236925e+03 
2941950000 8.205450e+03 
2.944100e+09 8.210950e+03 
2946250000 8.204825e+03 
2948400000 8.238750e+03 
2950550000 8.219325e+03 
2952700000 8222 
2954850000 8.219175e+03 
2957000000 8.237850e+03 
2959150000 8.232150e+03 
2961300000 8.210925e+03 
2963450000 8.246600e+03 
2965600000 8.224725e+03 
2967750000 8.243775e+03 
2969900000 8.203200e+03 
2972050000 8.226275e+03 
2974200000 8.229300e+03 
2976350000 8.246625e+03 
2978500000 8.208700e+03 
2980650000 8.222775e+03 
2982800000 8.234275e+03 
2984950000 8.232350e+03 
2987100000 8.211025e+03 
2989250000 8.253050e+03 
2991400000 8.236975e+03 
2993550000 8.236800e+03 
2995700000 8.217850e+03 
2997850000 8.222100e+03 
3000000000 8.223400e+03 

END
