IGOR
WAVES/D/O sweep,sig(1) 
BEGIN
2570000000 7.930500e+03 
2.572150e+09 7.932850e+03 
2574300000 7.938225e+03 
2576450000 7.941525e+03 
2578600000 7.940550e+03 
2.580750e+09 7.948525e+03 
2582900000 7.931600e+03 
2585050000 7.957150e+03 
2.587200e+09 7.950075e+03 
2589350000 7.938625e+03 
2591500000 7.936900e+03 
2593650000 7.936900e+03 
2.595800e+09 7.932850e+03 
2597950000 7.935050e+03 
2600100000 7.953350e+03 
2.602250e+09 7.936725e+03 
2604400000 7.952450e+03 
2606550000 7.940600e+03 
2608700000 7.926475e+03 
2.610850e+09 7.981925e+03 
2613000000 7.933350e+03 
2615150000 7.940625e+03 
2.617300e+09 7.941250e+03 
2619450000 7.941575e+03 
2621600000 7.934600e+03 
2623750000 7.931400e+03 
2.625900e+09 7.952275e+03 
2628050000 7.949475e+03 
2630200000 7.923800e+03 
2.632350e+09 7.922875e+03 
2634500000 7.929875e+03 
2636650000 7.890700e+03 
2638800000 7.889400e+03 
2.640950e+09 7.916200e+03 
2643100000 7.924900e+03 
2645250000 7.905700e+03 
2.647400e+09 7.909225e+03 
2649550000 7.921325e+03 
2651700000 7.924800e+03 
2653850000 7.917025e+03 
2.656000e+09 7.926450e+03 
2658150000 7.948400e+03 
2660300000 7.922050e+03 
2.662450e+09 7.914275e+03 
2664600000 7.900575e+03 
2666750000 7.870525e+03 
2668900000 7.875100e+03 
2.671050e+09 7878 
2673200000 7.867950e+03 
2675350000 7.904875e+03 
2677500000 7.908800e+03 
2679650000 7.909025e+03 
2681800000 7.936225e+03 
2683950000 7929 
2.686100e+09 7.932775e+03 
2688250000 7.952750e+03 
2690400000 7.920900e+03 
2692550000 7.935850e+03 
2694700000 7.935075e+03 
2696850000 7.922050e+03 
2699000000 7.910525e+03 
2.701150e+09 7.892650e+03 
2703300000 7.904775e+03 
2705450000 7.895400e+03 
2707600000 7.883200e+03 
2.709750e+09 7.864600e+03 
2711900000 7896 
2714050000 7.883500e+03 
2.716200e+09 7.928875e+03 
2718350000 7.931500e+03 
2720500000 7.955675e+03 
2722650000 7.950275e+03 
2724800000 7.951175e+03 
2726950000 7.940250e+03 
2729100000 7.935525e+03 
2.731250e+09 7.930100e+03 
2733400000 7.903475e+03 
2735550000 7.916125e+03 
2737700000 7.913900e+03 
2.739850e+09 7.875325e+03 
2742000000 7.903750e+03 
2744150000 7.890375e+03 
2.746300e+09 7.884400e+03 
2748450000 7.922050e+03 
2750600000 7.922575e+03 
2752750000 7.937150e+03 
2754900000 7.944825e+03 
2757050000 7.953775e+03 
2759200000 7.967025e+03 
2.761350e+09 7.948325e+03 
2763500000 7.924425e+03 
2765650000 7.906150e+03 
2767800000 7.933425e+03 
2.769950e+09 7.937475e+03 
2772100000 7.922550e+03 
2774250000 7.928100e+03 
2.776400e+09 7.949275e+03 
2778550000 7.924475e+03 
2780700000 7.911575e+03 
2782850000 7.924175e+03 
2785000000 7.946625e+03 
2787150000 7.923750e+03 
2789300000 7.928300e+03 
2791450000 7.959525e+03 
2793600000 7.929550e+03 
2795750000 7.920050e+03 
2797900000 7.931900e+03 
2.800050e+09 7.944225e+03 
2802200000 7.939975e+03 
2804350000 7.913925e+03 
2806500000 7.956300e+03 
2808650000 7.933075e+03 
2810800000 7.923775e+03 
2812950000 7.953850e+03 
2815100000 7.935525e+03 
2817250000 7.916350e+03 
2819400000 7.953075e+03 
2821550000 7.931225e+03 
2823700000 7.921925e+03 
2825850000 7.925100e+03 
2828000000 7.958275e+03 
2.830150e+09 7.941125e+03 
2832300000 7.935475e+03 
2834450000 7.955025e+03 
2836600000 7.943850e+03 
2838750000 7.942650e+03 
2840900000 7.942950e+03 
2843050000 7.933525e+03 
2845200000 7.966825e+03 
2847350000 7.943625e+03 
2849500000 7.961225e+03 
2851650000 7.947475e+03 
2853800000 7.987625e+03 
2855950000 7.965700e+03 
2858100000 7.965725e+03 
2.860250e+09 7.955700e+03 
2862400000 7.943250e+03 
2864550000 7934 
2866700000 7.970975e+03 
2868850000 7.933375e+03 
2871000000 7.969950e+03 
2873150000 7.954150e+03 
2875300000 7.917225e+03 
2877450000 7.928225e+03 
2879600000 7.934375e+03 
2881750000 7.941225e+03 
2883900000 7.945400e+03 
2886050000 7.935125e+03 
2888200000 7.950200e+03 
2.890350e+09 7.956450e+03 
2892500000 7.955400e+03 
2894650000 7.921500e+03 
2896800000 7.956550e+03 
2898950000 7.941425e+03 
2901100000 7.923400e+03 
2903250000 7.933025e+03 
2905400000 7.932250e+03 
2907550000 7.939475e+03 
2909700000 7.954425e+03 
2911850000 7.945675e+03 
2914000000 7.932475e+03 
2916150000 7.939925e+03 
2918300000 7.966325e+03 
2920450000 7.944325e+03 
2922600000 7.912175e+03 
2924750000 7.938175e+03 
2926900000 7.954175e+03 
2929050000 7.937025e+03 
2931200000 7.946075e+03 
2933350000 7.955575e+03 
2935500000 7.965800e+03 
2937650000 7.960200e+03 
2939800000 7.938275e+03 
2941950000 7.910150e+03 
2.944100e+09 7.943575e+03 
2946250000 7.938550e+03 
2948400000 7.952150e+03 
2950550000 7.940650e+03 
2952700000 7.958775e+03 
2954850000 7.931550e+03 
2957000000 7.927725e+03 
2959150000 7.933475e+03 
2961300000 7.943250e+03 
2963450000 7941 
2965600000 7.958025e+03 
2967750000 7.946850e+03 
2969900000 7.926350e+03 
2972050000 7.947250e+03 
2974200000 7.949625e+03 
2976350000 7.943475e+03 
2978500000 7.921675e+03 
2980650000 7.919275e+03 
2982800000 7.944775e+03 
2984950000 7.907375e+03 
2987100000 7.935325e+03 
2989250000 7.939950e+03 
2991400000 7.925950e+03 
2993550000 7.940800e+03 
2995700000 7.951650e+03 
2997850000 7.929925e+03 
3000000000 7.947925e+03 

END
