IGOR
WAVES/D/O sweep,sig(1) 
BEGIN
2570000000 8.239200e+03 
2.572150e+09 8.241225e+03 
2574300000 8.233950e+03 
2576450000 8245 
2578600000 8.240925e+03 
2.580750e+09 8.223550e+03 
2582900000 8.253700e+03 
2585050000 8.231575e+03 
2.587200e+09 8.245900e+03 
2589350000 8.250400e+03 
2591500000 8.273325e+03 
2593650000 8.249350e+03 
2.595800e+09 8.233275e+03 
2597950000 8245 
2600100000 8.237250e+03 
2.602250e+09 8.247550e+03 
2604400000 8.254600e+03 
2606550000 8.273425e+03 
2608700000 8.226925e+03 
2.610850e+09 8.251025e+03 
2613000000 8.223950e+03 
2615150000 8.240425e+03 
2.617300e+09 8.254650e+03 
2619450000 8.277800e+03 
2621600000 8.260925e+03 
2623750000 8.248925e+03 
2.625900e+09 8235 
2628050000 8.238050e+03 
2630200000 8.230550e+03 
2.632350e+09 8.228475e+03 
2634500000 8.212175e+03 
2636650000 8.197525e+03 
2638800000 8.205475e+03 
2.640950e+09 8.197800e+03 
2643100000 8.208475e+03 
2645250000 8.208375e+03 
2.647400e+09 8.241225e+03 
2649550000 8.214450e+03 
2651700000 8.237500e+03 
2653850000 8.236200e+03 
2.656000e+09 8.261075e+03 
2658150000 8.247250e+03 
2660300000 8.213050e+03 
2.662450e+09 8.218200e+03 
2664600000 8.201150e+03 
2666750000 8.179775e+03 
2668900000 8.193700e+03 
2.671050e+09 8.170425e+03 
2673200000 8.193325e+03 
2675350000 8.187425e+03 
2677500000 8.202575e+03 
2679650000 8.221700e+03 
2681800000 8.237075e+03 
2683950000 8.247700e+03 
2.686100e+09 8.280025e+03 
2688250000 8.247850e+03 
2690400000 8.259825e+03 
2692550000 8.267675e+03 
2694700000 8.248750e+03 
2696850000 8.247025e+03 
2699000000 8.222325e+03 
2.701150e+09 8.213800e+03 
2703300000 8.197775e+03 
2705450000 8.218650e+03 
2707600000 8.199350e+03 
2.709750e+09 8.204550e+03 
2711900000 8.210450e+03 
2714050000 8.197975e+03 
2.716200e+09 8.232225e+03 
2718350000 8.231350e+03 
2720500000 8.237975e+03 
2722650000 8.276850e+03 
2724800000 8.250800e+03 
2726950000 8.232250e+03 
2729100000 8.249100e+03 
2.731250e+09 8.259750e+03 
2733400000 8.226600e+03 
2735550000 8.222725e+03 
2737700000 8.256100e+03 
2.739850e+09 8.238350e+03 
2742000000 8.238075e+03 
2744150000 8.249300e+03 
2.746300e+09 8.262175e+03 
2748450000 8.277100e+03 
2750600000 8.263150e+03 
2752750000 8.265375e+03 
2754900000 8.252700e+03 
2757050000 8.275350e+03 
2759200000 8.278250e+03 
2.761350e+09 8.271800e+03 
2763500000 8.271500e+03 
2765650000 8.271825e+03 
2767800000 8.263600e+03 
2.769950e+09 8.272800e+03 
2772100000 8.282750e+03 
2774250000 8.251175e+03 
2.776400e+09 8.278150e+03 
2778550000 8.276075e+03 
2780700000 8.261950e+03 
2782850000 8.270775e+03 
2785000000 8.272375e+03 
2787150000 8.275550e+03 
2789300000 8.284475e+03 
2791450000 8.277500e+03 
2793600000 8.296875e+03 
2795750000 8.270225e+03 
2797900000 8.284800e+03 
2.800050e+09 8.302500e+03 
2802200000 8.260825e+03 
2804350000 8.253975e+03 
2806500000 8.248950e+03 
2808650000 8.271575e+03 
2810800000 8.269800e+03 
2812950000 8.266400e+03 
2815100000 8.270850e+03 
2817250000 8.298025e+03 
2819400000 8.277150e+03 
2821550000 8.263450e+03 
2823700000 8.271975e+03 
2825850000 8.262375e+03 
2828000000 8.274175e+03 
2.830150e+09 8.277825e+03 
2832300000 8.270650e+03 
2834450000 8.271325e+03 
2836600000 8.262950e+03 
2838750000 8.263125e+03 
2840900000 8.274125e+03 
2843050000 8285 
2845200000 8250 
2847350000 8.267650e+03 
2849500000 8.260225e+03 
2851650000 8250 
2853800000 8.292575e+03 
2855950000 8.282300e+03 
2858100000 8.267350e+03 
2.860250e+09 8.281625e+03 
2862400000 8.279500e+03 
2864550000 8.262450e+03 
2866700000 8.287825e+03 
2868850000 8.271850e+03 
2871000000 8.264975e+03 
2873150000 8.251850e+03 
2875300000 8.268825e+03 
2877450000 8275 
2879600000 8.269100e+03 
2881750000 8.274550e+03 
2883900000 8.303775e+03 
2886050000 8.289300e+03 
2888200000 8.281275e+03 
2.890350e+09 8267 
2892500000 8.280075e+03 
2894650000 8.272325e+03 
2896800000 8.264625e+03 
2898950000 8.279300e+03 
2901100000 8.289925e+03 
2903250000 8.280925e+03 
2905400000 8.265975e+03 
2907550000 8.284800e+03 
2909700000 8.270275e+03 
2911850000 8.271900e+03 
2914000000 8.261050e+03 
2916150000 8.286275e+03 
2918300000 8.276050e+03 
2920450000 8.264350e+03 
2922600000 8.246600e+03 
2924750000 8.252475e+03 
2926900000 8.265775e+03 
2929050000 8.261975e+03 
2931200000 8.255525e+03 
2933350000 8.271325e+03 
2935500000 8.276775e+03 
2937650000 8292 
2939800000 8.248400e+03 
2941950000 8.279075e+03 
2.944100e+09 8.258600e+03 
2946250000 8.269450e+03 
2948400000 8.277725e+03 
2950550000 8263 
2952700000 8.248450e+03 
2954850000 8.256825e+03 
2957000000 8.255525e+03 
2959150000 8.279100e+03 
2961300000 8.286300e+03 
2963450000 8.268700e+03 
2965600000 8.290275e+03 
2967750000 8.273775e+03 
2969900000 8.254775e+03 
2972050000 8.297250e+03 
2974200000 8.257900e+03 
2976350000 8.257025e+03 
2978500000 8.269275e+03 
2980650000 8.272675e+03 
2982800000 8.274200e+03 
2984950000 8.264675e+03 
2987100000 8.271325e+03 
2989250000 8.264700e+03 
2991400000 8.256375e+03 
2993550000 8.281300e+03 
2995700000 8.274025e+03 
2997850000 8.268475e+03 
3000000000 8.261475e+03 

END
