IGOR
WAVES/D/O sweep,sig(1) 
BEGIN
2570000000 7.990025e+03 
2.572150e+09 7.991350e+03 
2574300000 7.986650e+03 
2576450000 7.991425e+03 
2578600000 7.990625e+03 
2.580750e+09 7.995250e+03 
2582900000 8.008125e+03 
2585050000 8.025600e+03 
2.587200e+09 7.990850e+03 
2589350000 7.995625e+03 
2591500000 8.019025e+03 
2593650000 8.010225e+03 
2.595800e+09 8.010550e+03 
2597950000 7.973250e+03 
2600100000 7992 
2.602250e+09 8.005400e+03 
2604400000 8.021900e+03 
2606550000 7.981350e+03 
2608700000 7.991450e+03 
2.610850e+09 8.003575e+03 
2613000000 8.006550e+03 
2615150000 7.990825e+03 
2.617300e+09 8.018425e+03 
2619450000 8.010625e+03 
2621600000 7997 
2623750000 7.990200e+03 
2.625900e+09 7991 
2628050000 7.987825e+03 
2630200000 7.979575e+03 
2.632350e+09 7.955975e+03 
2634500000 7.951600e+03 
2636650000 7.958100e+03 
2638800000 7.971050e+03 
2.640950e+09 7.952925e+03 
2643100000 7.960400e+03 
2645250000 7.977175e+03 
2.647400e+09 7.984775e+03 
2649550000 7.994525e+03 
2651700000 7.986250e+03 
2653850000 7.991550e+03 
2.656000e+09 7.978825e+03 
2658150000 8.020325e+03 
2660300000 7.953875e+03 
2.662450e+09 7.973975e+03 
2664600000 7.945200e+03 
2666750000 7.944400e+03 
2668900000 7.911650e+03 
2.671050e+09 7.938625e+03 
2673200000 7.957525e+03 
2675350000 7.945925e+03 
2677500000 7.969475e+03 
2679650000 7.959800e+03 
2681800000 8.000700e+03 
2683950000 8.001225e+03 
2.686100e+09 7.970350e+03 
2688250000 7.991075e+03 
2690400000 7.978375e+03 
2692550000 8.007350e+03 
2694700000 7.992025e+03 
2696850000 7.965275e+03 
2699000000 8.002525e+03 
2.701150e+09 7.940625e+03 
2703300000 7.948825e+03 
2705450000 7.930975e+03 
2707600000 7.944925e+03 
2.709750e+09 7.962350e+03 
2711900000 7.922500e+03 
2714050000 7945 
2.716200e+09 7.992475e+03 
2718350000 8.005725e+03 
2720500000 7.982850e+03 
2722650000 7.985225e+03 
2724800000 7.992425e+03 
2726950000 7.974350e+03 
2729100000 7.987225e+03 
2.731250e+09 7.977400e+03 
2733400000 7.990025e+03 
2735550000 7.969650e+03 
2737700000 7.962375e+03 
2.739850e+09 7.938950e+03 
2742000000 7.968475e+03 
2744150000 7.965725e+03 
2.746300e+09 7.995025e+03 
2748450000 7.996325e+03 
2750600000 7.986450e+03 
2752750000 7.987425e+03 
2754900000 7.993475e+03 
2757050000 8.017050e+03 
2759200000 8.017500e+03 
2.761350e+09 7.994350e+03 
2763500000 7.987225e+03 
2765650000 7.985225e+03 
2767800000 7.995800e+03 
2.769950e+09 8.002925e+03 
2772100000 8.010300e+03 
2774250000 7.988150e+03 
2.776400e+09 8.006675e+03 
2778550000 8.012325e+03 
2780700000 7.988225e+03 
2782850000 7.984600e+03 
2785000000 7.999875e+03 
2787150000 8.017150e+03 
2789300000 7.983475e+03 
2791450000 7.987200e+03 
2793600000 8.001500e+03 
2795750000 8.002075e+03 
2797900000 8.017525e+03 
2.800050e+09 8.025500e+03 
2802200000 8.007325e+03 
2804350000 8.000450e+03 
2806500000 7.975175e+03 
2808650000 8.004675e+03 
2810800000 8.015175e+03 
2812950000 7.988600e+03 
2815100000 7.990550e+03 
2817250000 7.995275e+03 
2819400000 8.027050e+03 
2821550000 7.994225e+03 
2823700000 8.012350e+03 
2825850000 8.001350e+03 
2828000000 8.020350e+03 
2.830150e+09 8.002175e+03 
2832300000 7.993775e+03 
2834450000 8.004275e+03 
2836600000 7.996400e+03 
2838750000 7.988175e+03 
2840900000 8.002225e+03 
2843050000 8.020425e+03 
2845200000 8.002875e+03 
2847350000 8.002875e+03 
2849500000 8.000300e+03 
2851650000 7.989200e+03 
2853800000 8.001500e+03 
2855950000 7.985800e+03 
2858100000 8.017825e+03 
2.860250e+09 7.990125e+03 
2862400000 7.995500e+03 
2864550000 8.004800e+03 
2866700000 7.999725e+03 
2868850000 8.005225e+03 
2871000000 7.990625e+03 
2873150000 7.957725e+03 
2875300000 7.986650e+03 
2877450000 8.008350e+03 
2879600000 7.985400e+03 
2881750000 7.992050e+03 
2883900000 7.985675e+03 
2886050000 8.027775e+03 
2888200000 8.016125e+03 
2.890350e+09 8020 
2892500000 8.003150e+03 
2894650000 7.994450e+03 
2896800000 8012 
2898950000 7.992475e+03 
2901100000 8.000125e+03 
2903250000 8.011850e+03 
2905400000 7.999825e+03 
2907550000 7.995500e+03 
2909700000 8.001675e+03 
2911850000 8.017225e+03 
2914000000 7.988275e+03 
2916150000 7.988475e+03 
2918300000 7.984600e+03 
2920450000 7.997050e+03 
2922600000 7.999725e+03 
2924750000 8.007625e+03 
2926900000 7.996500e+03 
2929050000 7.996900e+03 
2931200000 7.999675e+03 
2933350000 8.006325e+03 
2935500000 7.984350e+03 
2937650000 7.958400e+03 
2939800000 7.992125e+03 
2941950000 8.008200e+03 
2.944100e+09 7.994925e+03 
2946250000 8000 
2948400000 7.986975e+03 
2950550000 7.976900e+03 
2952700000 8.015075e+03 
2954850000 7.983625e+03 
2957000000 8.004150e+03 
2959150000 7.988250e+03 
2961300000 7.967125e+03 
2963450000 7.990825e+03 
2965600000 8.010300e+03 
2967750000 7.999525e+03 
2969900000 8.000625e+03 
2972050000 8.017425e+03 
2974200000 8.004175e+03 
2976350000 8.002650e+03 
2978500000 7.989075e+03 
2980650000 8.003800e+03 
2982800000 8.006525e+03 
2984950000 8.004300e+03 
2987100000 7.983950e+03 
2989250000 7.985675e+03 
2991400000 7.985850e+03 
2993550000 7.995450e+03 
2995700000 8.014425e+03 
2997850000 8.002025e+03 
3000000000 7.990675e+03 

END
