IGOR
WAVES/D/O sweep,sig(1) 
BEGIN
2570000000 7.983600e+03 
2.572150e+09 8.004100e+03 
2574300000 7.986675e+03 
2576450000 7.976875e+03 
2578600000 7.965625e+03 
2.580750e+09 7.982725e+03 
2582900000 7.990100e+03 
2585050000 7.989200e+03 
2.587200e+09 7.981525e+03 
2589350000 7.997300e+03 
2591500000 7.978475e+03 
2593650000 7.978775e+03 
2.595800e+09 7.984375e+03 
2597950000 8.007225e+03 
2600100000 7.969200e+03 
2.602250e+09 7.991750e+03 
2604400000 7.987175e+03 
2606550000 8.001300e+03 
2608700000 7.989650e+03 
2.610850e+09 7.974300e+03 
2613000000 7.963025e+03 
2615150000 7.984225e+03 
2.617300e+09 8.002675e+03 
2619450000 7.974100e+03 
2621600000 7.981075e+03 
2623750000 7.970200e+03 
2.625900e+09 7.975375e+03 
2628050000 7.978325e+03 
2630200000 7.955475e+03 
2.632350e+09 7.972775e+03 
2634500000 7.951350e+03 
2636650000 7.946375e+03 
2638800000 7.940475e+03 
2.640950e+09 7.945625e+03 
2643100000 7.968450e+03 
2645250000 7.943900e+03 
2.647400e+09 7.969375e+03 
2649550000 7.981225e+03 
2651700000 7.976925e+03 
2653850000 7.979875e+03 
2.656000e+09 7.960300e+03 
2658150000 7.964225e+03 
2660300000 7.956075e+03 
2.662450e+09 7.942400e+03 
2664600000 7.924400e+03 
2666750000 7945 
2668900000 7.945100e+03 
2.671050e+09 7.931125e+03 
2673200000 7.902550e+03 
2675350000 7.951200e+03 
2677500000 7.939850e+03 
2679650000 7.955150e+03 
2681800000 7.981775e+03 
2683950000 7.984775e+03 
2.686100e+09 7.987075e+03 
2688250000 7.972650e+03 
2690400000 7.975150e+03 
2692550000 7.970425e+03 
2694700000 7.985650e+03 
2696850000 7979 
2699000000 7.962275e+03 
2.701150e+09 7.964750e+03 
2703300000 7.947175e+03 
2705450000 7.937600e+03 
2707600000 7.912925e+03 
2.709750e+09 7.924025e+03 
2711900000 7.911525e+03 
2714050000 7.917325e+03 
2.716200e+09 7.922600e+03 
2718350000 7.947625e+03 
2720500000 7.974350e+03 
2722650000 7.967600e+03 
2724800000 7.984925e+03 
2726950000 7.982600e+03 
2729100000 7.953275e+03 
2.731250e+09 7.979600e+03 
2733400000 7.943025e+03 
2735550000 7.947625e+03 
2737700000 7.952825e+03 
2.739850e+09 7.953700e+03 
2742000000 7.920225e+03 
2744150000 7.958825e+03 
2.746300e+09 7961 
2748450000 7.990050e+03 
2750600000 7.946950e+03 
2752750000 7.974450e+03 
2754900000 7.980675e+03 
2757050000 7.996075e+03 
2759200000 7.966750e+03 
2.761350e+09 7.936575e+03 
2763500000 7.984325e+03 
2765650000 7.980225e+03 
2767800000 7.947125e+03 
2.769950e+09 7.961850e+03 
2772100000 7.976125e+03 
2774250000 7.985350e+03 
2.776400e+09 7.985725e+03 
2778550000 7.960400e+03 
2780700000 7972 
2782850000 7.990200e+03 
2785000000 7.955800e+03 
2787150000 7.993125e+03 
2789300000 7.970750e+03 
2791450000 7.997600e+03 
2793600000 7.975200e+03 
2795750000 7.996250e+03 
2797900000 7.983800e+03 
2.800050e+09 7.975075e+03 
2802200000 8.005525e+03 
2804350000 7.992350e+03 
2806500000 7.973475e+03 
2808650000 7.970275e+03 
2810800000 7.979450e+03 
2812950000 7976 
2815100000 7.980350e+03 
2817250000 7.968100e+03 
2819400000 7.985325e+03 
2821550000 7.975475e+03 
2823700000 7.991300e+03 
2825850000 7983 
2828000000 7.977800e+03 
2.830150e+09 7.983950e+03 
2832300000 7.987650e+03 
2834450000 7.984225e+03 
2836600000 7.998650e+03 
2838750000 7.984525e+03 
2840900000 8.009525e+03 
2843050000 7.976450e+03 
2845200000 8.020400e+03 
2847350000 7.990125e+03 
2849500000 8.011600e+03 
2851650000 7.962475e+03 
2853800000 7.997700e+03 
2855950000 8.005275e+03 
2858100000 8.015550e+03 
2.860250e+09 7.966950e+03 
2862400000 7.996950e+03 
2864550000 7.992425e+03 
2866700000 7.972875e+03 
2868850000 7.996825e+03 
2871000000 8.005550e+03 
2873150000 8.011325e+03 
2875300000 7.973175e+03 
2877450000 7.955900e+03 
2879600000 8.011175e+03 
2881750000 7.972150e+03 
2883900000 7.960900e+03 
2886050000 7.978150e+03 
2888200000 7.983450e+03 
2.890350e+09 7.969950e+03 
2892500000 7995 
2894650000 7.970375e+03 
2896800000 7.974775e+03 
2898950000 8.003725e+03 
2901100000 7.983850e+03 
2903250000 7.989950e+03 
2905400000 7.962050e+03 
2907550000 7.984975e+03 
2909700000 7.989100e+03 
2911850000 7.971775e+03 
2914000000 7.977950e+03 
2916150000 8.002975e+03 
2918300000 7.990525e+03 
2920450000 7.987375e+03 
2922600000 7.984100e+03 
2924750000 7.995325e+03 
2926900000 7.996675e+03 
2929050000 7.965900e+03 
2931200000 7.987850e+03 
2933350000 7.999600e+03 
2935500000 8.005450e+03 
2937650000 8.012050e+03 
2939800000 7.975775e+03 
2941950000 7.989325e+03 
2.944100e+09 7.986075e+03 
2946250000 7.973100e+03 
2948400000 8.013675e+03 
2950550000 7.999125e+03 
2952700000 7.993975e+03 
2954850000 7.977750e+03 
2957000000 7.967625e+03 
2959150000 7.994200e+03 
2961300000 7.983175e+03 
2963450000 7.988525e+03 
2965600000 7.968325e+03 
2967750000 7.997450e+03 
2969900000 7.986600e+03 
2972050000 7.977525e+03 
2974200000 7.967925e+03 
2976350000 8.010100e+03 
2978500000 8.019175e+03 
2980650000 7.995625e+03 
2982800000 8.009025e+03 
2984950000 8.022950e+03 
2987100000 8.002925e+03 
2989250000 7.988350e+03 
2991400000 7.998375e+03 
2993550000 7.997550e+03 
2995700000 8.022300e+03 
2997850000 8.010475e+03 
3000000000 7.987725e+03 

END
