IGOR
WAVES/D/O sweep,sig(1) 
BEGIN
2570000000 8.259100e+03 
2.572150e+09 8.228025e+03 
2574300000 8.223975e+03 
2576450000 8.261325e+03 
2578600000 8.240350e+03 
2.580750e+09 8.235825e+03 
2582900000 8.228400e+03 
2585050000 8.254750e+03 
2.587200e+09 8.241550e+03 
2589350000 8.242225e+03 
2591500000 8.241925e+03 
2593650000 8.249175e+03 
2.595800e+09 8.263625e+03 
2597950000 8.250625e+03 
2600100000 8.242075e+03 
2.602250e+09 8.249375e+03 
2604400000 8.257025e+03 
2606550000 8.263400e+03 
2608700000 8.277125e+03 
2.610850e+09 8.256650e+03 
2613000000 8.237550e+03 
2615150000 8.258825e+03 
2.617300e+09 8.241650e+03 
2619450000 8.256100e+03 
2621600000 8.256300e+03 
2623750000 8.266275e+03 
2.625900e+09 8.239725e+03 
2628050000 8.226050e+03 
2630200000 8.248325e+03 
2.632350e+09 8.217500e+03 
2634500000 8.239400e+03 
2636650000 8.193875e+03 
2638800000 8.254150e+03 
2.640950e+09 8.222025e+03 
2643100000 8.218575e+03 
2645250000 8.214275e+03 
2.647400e+09 8.231775e+03 
2649550000 8.228500e+03 
2651700000 8.220975e+03 
2653850000 8.237475e+03 
2.656000e+09 8.244300e+03 
2658150000 8.245125e+03 
2660300000 8.243125e+03 
2.662450e+09 8.206100e+03 
2664600000 8.171750e+03 
2666750000 8.183300e+03 
2668900000 8.194275e+03 
2.671050e+09 8.186375e+03 
2673200000 8.188125e+03 
2675350000 8.205475e+03 
2677500000 8.210950e+03 
2679650000 8.205425e+03 
2681800000 8.221450e+03 
2683950000 8.255075e+03 
2.686100e+09 8.232975e+03 
2688250000 8.257925e+03 
2690400000 8.266050e+03 
2692550000 8281 
2694700000 8.248925e+03 
2696850000 8.233500e+03 
2699000000 8.245375e+03 
2.701150e+09 8.228850e+03 
2703300000 8.188450e+03 
2705450000 8.195250e+03 
2707600000 8.194025e+03 
2.709750e+09 8.180700e+03 
2711900000 8.213400e+03 
2714050000 8.195025e+03 
2.716200e+09 8.220325e+03 
2718350000 8.232725e+03 
2720500000 8.228350e+03 
2722650000 8232 
2724800000 8.212525e+03 
2726950000 8.225275e+03 
2729100000 8.247750e+03 
2.731250e+09 8.180775e+03 
2733400000 8.204100e+03 
2735550000 8.223750e+03 
2737700000 8.218575e+03 
2.739850e+09 8.197675e+03 
2742000000 8.227250e+03 
2744150000 8.210550e+03 
2.746300e+09 8.229850e+03 
2748450000 8.233325e+03 
2750600000 8.195125e+03 
2752750000 8.226625e+03 
2754900000 8.256300e+03 
2757050000 8.265975e+03 
2759200000 8.260825e+03 
2.761350e+09 8.257600e+03 
2763500000 8.252375e+03 
2765650000 8.263250e+03 
2767800000 8.242375e+03 
2.769950e+09 8.255875e+03 
2772100000 8.252950e+03 
2774250000 8.244600e+03 
2.776400e+09 8.238200e+03 
2778550000 8.258925e+03 
2780700000 8246 
2782850000 8.240600e+03 
2785000000 8.241850e+03 
2787150000 8.223675e+03 
2789300000 8.249675e+03 
2791450000 8.244325e+03 
2793600000 8.233675e+03 
2795750000 8.247450e+03 
2797900000 8.256250e+03 
2.800050e+09 8.229850e+03 
2802200000 8.249425e+03 
2804350000 8.254100e+03 
2806500000 8.249125e+03 
2808650000 8.255550e+03 
2810800000 8.234575e+03 
2812950000 8.254725e+03 
2815100000 8.243575e+03 
2817250000 8.248100e+03 
2819400000 8.254800e+03 
2821550000 8.256825e+03 
2823700000 8.250350e+03 
2825850000 8.231600e+03 
2828000000 8.266075e+03 
2.830150e+09 8.237650e+03 
2832300000 8.267250e+03 
2834450000 8.260025e+03 
2836600000 8.223100e+03 
2838750000 8.244275e+03 
2840900000 8.238875e+03 
2843050000 8.273575e+03 
2845200000 8.257300e+03 
2847350000 8.251800e+03 
2849500000 8.242450e+03 
2851650000 8.262125e+03 
2853800000 8.240175e+03 
2855950000 8.233100e+03 
2858100000 8.254575e+03 
2.860250e+09 8.238125e+03 
2862400000 8.251975e+03 
2864550000 8.248500e+03 
2866700000 8.247875e+03 
2868850000 8.246125e+03 
2871000000 8287 
2873150000 8.232075e+03 
2875300000 8.250600e+03 
2877450000 8.231550e+03 
2879600000 8.230850e+03 
2881750000 8.240750e+03 
2883900000 8.205025e+03 
2886050000 8.211100e+03 
2888200000 8.232325e+03 
2.890350e+09 8.232800e+03 
2892500000 8.222875e+03 
2894650000 8.227075e+03 
2896800000 8.229450e+03 
2898950000 8.251725e+03 
2901100000 8.202500e+03 
2903250000 8.248250e+03 
2905400000 8.246850e+03 
2907550000 8.219625e+03 
2909700000 8.235100e+03 
2911850000 8.215300e+03 
2914000000 8.221050e+03 
2916150000 8.246925e+03 
2918300000 8.217675e+03 
2920450000 8.238425e+03 
2922600000 8.219325e+03 
2924750000 8.236950e+03 
2926900000 8.218175e+03 
2929050000 8.254050e+03 
2931200000 8.246100e+03 
2933350000 8.227600e+03 
2935500000 8.223500e+03 
2937650000 8236 
2939800000 8.232275e+03 
2941950000 8.239775e+03 
2.944100e+09 8.220625e+03 
2946250000 8.261050e+03 
2948400000 8.255575e+03 
2950550000 8.233850e+03 
2952700000 8.208225e+03 
2954850000 8.235175e+03 
2957000000 8.218650e+03 
2959150000 8.251725e+03 
2961300000 8.241100e+03 
2963450000 8.233575e+03 
2965600000 8.227075e+03 
2967750000 8.223700e+03 
2969900000 8.194025e+03 
2972050000 8.209675e+03 
2974200000 8.217250e+03 
2976350000 8.220700e+03 
2978500000 8.222850e+03 
2980650000 8.231550e+03 
2982800000 8.259400e+03 
2984950000 8.235675e+03 
2987100000 8.246450e+03 
2989250000 8.243175e+03 
2991400000 8.234825e+03 
2993550000 8.238250e+03 
2995700000 8.225025e+03 
2997850000 8.257675e+03 
3000000000 8.271525e+03 

END
