IGOR
WAVES/D/O sweep,sig(1) 
BEGIN
2570000000 8.047425e+03 
2.572150e+09 7.992425e+03 
2574300000 8.033800e+03 
2576450000 8.041200e+03 
2578600000 8.015150e+03 
2.580750e+09 8.055375e+03 
2582900000 8.018325e+03 
2585050000 8.069900e+03 
2.587200e+09 8.054625e+03 
2589350000 8.071425e+03 
2591500000 8.031400e+03 
2593650000 8.026650e+03 
2.595800e+09 8.028425e+03 
2597950000 8.044750e+03 
2600100000 8.004600e+03 
2.602250e+09 8.053650e+03 
2604400000 8.065975e+03 
2606550000 8.040150e+03 
2608700000 8.051375e+03 
2.610850e+09 8.022575e+03 
2613000000 8.053375e+03 
2615150000 8.066400e+03 
2.617300e+09 8.025800e+03 
2619450000 8.048300e+03 
2621600000 8.045675e+03 
2623750000 8.006850e+03 
2.625900e+09 8.039950e+03 
2628050000 7.981325e+03 
2630200000 8.009650e+03 
2.632350e+09 8.021400e+03 
2634500000 8.020700e+03 
2636650000 8.006825e+03 
2638800000 8.008600e+03 
2.640950e+09 7.987550e+03 
2643100000 7.990350e+03 
2645250000 8.016800e+03 
2.647400e+09 8.014250e+03 
2649550000 8.046725e+03 
2651700000 8.032075e+03 
2653850000 8.014325e+03 
2.656000e+09 8.035075e+03 
2658150000 8.026525e+03 
2660300000 8.027800e+03 
2.662450e+09 7.981450e+03 
2664600000 7.985875e+03 
2666750000 7.960825e+03 
2668900000 7.968375e+03 
2.671050e+09 7.954400e+03 
2673200000 8.016800e+03 
2675350000 8.022200e+03 
2677500000 7.997725e+03 
2679650000 7.996025e+03 
2681800000 8.028950e+03 
2683950000 8.019375e+03 
2.686100e+09 8.059300e+03 
2688250000 8.058925e+03 
2690400000 8.033625e+03 
2692550000 8.029850e+03 
2694700000 8.029875e+03 
2696850000 8.010700e+03 
2699000000 8.011875e+03 
2.701150e+09 8.003450e+03 
2703300000 7.971700e+03 
2705450000 7.938825e+03 
2707600000 7.951500e+03 
2.709750e+09 7.978650e+03 
2711900000 7.995175e+03 
2714050000 7.983750e+03 
2.716200e+09 8.000525e+03 
2718350000 8.020825e+03 
2720500000 8047 
2722650000 8.032550e+03 
2724800000 8.028950e+03 
2726950000 8.063125e+03 
2729100000 8.013675e+03 
2.731250e+09 8.012450e+03 
2733400000 8.019900e+03 
2735550000 7.999425e+03 
2737700000 8.027225e+03 
2.739850e+09 8001 
2742000000 8.020725e+03 
2744150000 8.004675e+03 
2.746300e+09 8.027500e+03 
2748450000 8.030500e+03 
2750600000 8.043725e+03 
2752750000 8053 
2754900000 8.051150e+03 
2757050000 8.033175e+03 
2759200000 8.057075e+03 
2.761350e+09 8.047425e+03 
2763500000 8.060075e+03 
2765650000 8.056425e+03 
2767800000 8.065900e+03 
2.769950e+09 8.077175e+03 
2772100000 8.077350e+03 
2774250000 8.043675e+03 
2.776400e+09 8.063225e+03 
2778550000 8.070375e+03 
2780700000 8.055600e+03 
2782850000 8.033750e+03 
2785000000 8.061450e+03 
2787150000 8.053225e+03 
2789300000 8.089750e+03 
2791450000 8.043550e+03 
2793600000 8.065400e+03 
2795750000 8.026025e+03 
2797900000 8.039950e+03 
2.800050e+09 8.054550e+03 
2802200000 8.029025e+03 
2804350000 8.045400e+03 
2806500000 8.059550e+03 
2808650000 8.079400e+03 
2810800000 8.045025e+03 
2812950000 8.042925e+03 
2815100000 8.078800e+03 
2817250000 8.081300e+03 
2819400000 8.072575e+03 
2821550000 8.034075e+03 
2823700000 8.033825e+03 
2825850000 8.039500e+03 
2828000000 8.059625e+03 
2.830150e+09 8.042475e+03 
2832300000 8.081475e+03 
2834450000 8.040450e+03 
2836600000 8.068300e+03 
2838750000 8.039300e+03 
2840900000 8.071600e+03 
2843050000 8.071025e+03 
2845200000 8.075075e+03 
2847350000 8.083425e+03 
2849500000 8.100075e+03 
2851650000 8.066275e+03 
2853800000 8.059325e+03 
2855950000 8.067400e+03 
2858100000 8.080475e+03 
2.860250e+09 8.073500e+03 
2862400000 8.082800e+03 
2864550000 8.080875e+03 
2866700000 8.101150e+03 
2868850000 8.080675e+03 
2871000000 8.081050e+03 
2873150000 8.080975e+03 
2875300000 8.062825e+03 
2877450000 8.087575e+03 
2879600000 8.109050e+03 
2881750000 8.092125e+03 
2883900000 8.077775e+03 
2886050000 8.100500e+03 
2888200000 8.074775e+03 
2.890350e+09 8066 
2892500000 8.070500e+03 
2894650000 8.069575e+03 
2896800000 8.109775e+03 
2898950000 8.110425e+03 
2901100000 8.060025e+03 
2903250000 8.075400e+03 
2905400000 8.081350e+03 
2907550000 8.096575e+03 
2909700000 8.038275e+03 
2911850000 8.063525e+03 
2914000000 8.058025e+03 
2916150000 8.079175e+03 
2918300000 8.062950e+03 
2920450000 8.046700e+03 
2922600000 8.060625e+03 
2924750000 8.062825e+03 
2926900000 8.041175e+03 
2929050000 8.078875e+03 
2931200000 8.075050e+03 
2933350000 8.078825e+03 
2935500000 8.072725e+03 
2937650000 8.069925e+03 
2939800000 8.060275e+03 
2941950000 8.046850e+03 
2.944100e+09 8.051225e+03 
2946250000 8.079100e+03 
2948400000 8.075325e+03 
2950550000 8.095025e+03 
2952700000 8.048975e+03 
2954850000 8.071025e+03 
2957000000 8.059575e+03 
2959150000 8.096050e+03 
2961300000 8.069475e+03 
2963450000 8.065350e+03 
2965600000 8.084400e+03 
2967750000 8.071825e+03 
2969900000 8.054075e+03 
2972050000 8.087925e+03 
2974200000 8.094025e+03 
2976350000 8.099475e+03 
2978500000 8.074150e+03 
2980650000 8.063025e+03 
2982800000 8.062600e+03 
2984950000 8.062275e+03 
2987100000 8.046375e+03 
2989250000 8.059175e+03 
2991400000 8.079375e+03 
2993550000 8.073875e+03 
2995700000 8.091275e+03 
2997850000 8.027250e+03 
3000000000 8.030700e+03 

END
