IGOR
WAVES/D/O sweep,sig(1) 
BEGIN
2570000000 8230 
2.572150e+09 8.248725e+03 
2574300000 8.251425e+03 
2576450000 8.253875e+03 
2578600000 8.248775e+03 
2.580750e+09 8.236375e+03 
2582900000 8.265225e+03 
2585050000 8.216775e+03 
2.587200e+09 8.250300e+03 
2589350000 8.240075e+03 
2591500000 8.237975e+03 
2593650000 8.238525e+03 
2.595800e+09 8.225050e+03 
2597950000 8.270800e+03 
2600100000 8.251950e+03 
2.602250e+09 8.247625e+03 
2604400000 8.253050e+03 
2606550000 8.232850e+03 
2608700000 8.232450e+03 
2.610850e+09 8.278325e+03 
2613000000 8.240825e+03 
2615150000 8.227600e+03 
2.617300e+09 8.248975e+03 
2619450000 8.250725e+03 
2621600000 8.267475e+03 
2623750000 8.221225e+03 
2.625900e+09 8.213850e+03 
2628050000 8.253750e+03 
2630200000 8.196300e+03 
2.632350e+09 8.234600e+03 
2634500000 8.195275e+03 
2636650000 8.204275e+03 
2638800000 8.194300e+03 
2.640950e+09 8.216775e+03 
2643100000 8.203450e+03 
2645250000 8.241100e+03 
2.647400e+09 8.194625e+03 
2649550000 8.229750e+03 
2651700000 8.202175e+03 
2653850000 8.243900e+03 
2.656000e+09 8.247125e+03 
2658150000 8.210175e+03 
2660300000 8.220900e+03 
2.662450e+09 8.192200e+03 
2664600000 8.201525e+03 
2666750000 8.177700e+03 
2668900000 8.155450e+03 
2.671050e+09 8.182250e+03 
2673200000 8.164950e+03 
2675350000 8.174125e+03 
2677500000 8.187250e+03 
2679650000 8.209800e+03 
2681800000 8.236425e+03 
2683950000 8.237325e+03 
2.686100e+09 8.261025e+03 
2688250000 8.232750e+03 
2690400000 8.244500e+03 
2692550000 8.230250e+03 
2694700000 8.237575e+03 
2696850000 8.233700e+03 
2699000000 8.205775e+03 
2.701150e+09 8.182775e+03 
2703300000 8.176825e+03 
2705450000 8.165050e+03 
2707600000 8.170150e+03 
2.709750e+09 8.195375e+03 
2711900000 8.166400e+03 
2714050000 8.186500e+03 
2.716200e+09 8.190375e+03 
2718350000 8.207400e+03 
2720500000 8.212050e+03 
2722650000 8.228600e+03 
2724800000 8.225200e+03 
2726950000 8.235225e+03 
2729100000 8.222850e+03 
2.731250e+09 8.226725e+03 
2733400000 8.218600e+03 
2735550000 8.215375e+03 
2737700000 8.219800e+03 
2.739850e+09 8.208575e+03 
2742000000 8.216750e+03 
2744150000 8.229025e+03 
2.746300e+09 8.254400e+03 
2748450000 8.243800e+03 
2750600000 8.235675e+03 
2752750000 8.239675e+03 
2754900000 8.240625e+03 
2757050000 8.221850e+03 
2759200000 8.248925e+03 
2.761350e+09 8.231725e+03 
2763500000 8247 
2765650000 8.216875e+03 
2767800000 8.250675e+03 
2.769950e+09 8.229350e+03 
2772100000 8.233850e+03 
2774250000 8.244650e+03 
2.776400e+09 8.241125e+03 
2778550000 8.236775e+03 
2780700000 8.235275e+03 
2782850000 8.236300e+03 
2785000000 8.221650e+03 
2787150000 8.207500e+03 
2789300000 8.231025e+03 
2791450000 8.213150e+03 
2793600000 8.223825e+03 
2795750000 8.231425e+03 
2797900000 8.230025e+03 
2.800050e+09 8.231950e+03 
2802200000 8.231450e+03 
2804350000 8.229125e+03 
2806500000 8.231575e+03 
2808650000 8.223475e+03 
2810800000 8.226650e+03 
2812950000 8.225775e+03 
2815100000 8.248425e+03 
2817250000 8.263550e+03 
2819400000 8.235700e+03 
2821550000 8.234075e+03 
2823700000 8.246975e+03 
2825850000 8.213725e+03 
2828000000 8.255775e+03 
2.830150e+09 8.248125e+03 
2832300000 8.246800e+03 
2834450000 8.233350e+03 
2836600000 8.247800e+03 
2838750000 8.265500e+03 
2840900000 8.237050e+03 
2843050000 8.255725e+03 
2845200000 8.245400e+03 
2847350000 8.251350e+03 
2849500000 8.260950e+03 
2851650000 8.244875e+03 
2853800000 8.243700e+03 
2855950000 8.244425e+03 
2858100000 8.226575e+03 
2.860250e+09 8.235325e+03 
2862400000 8.252025e+03 
2864550000 8.264600e+03 
2866700000 8.263200e+03 
2868850000 8.256875e+03 
2871000000 8.237200e+03 
2873150000 8.225400e+03 
2875300000 8.247075e+03 
2877450000 8.253375e+03 
2879600000 8.246800e+03 
2881750000 8.254775e+03 
2883900000 8.245025e+03 
2886050000 8.248350e+03 
2888200000 8.244450e+03 
2.890350e+09 8.257175e+03 
2892500000 8240 
2894650000 8.251575e+03 
2896800000 8.246825e+03 
2898950000 8.245250e+03 
2901100000 8.255175e+03 
2903250000 8.250275e+03 
2905400000 8.218575e+03 
2907550000 8.248975e+03 
2909700000 8.225600e+03 
2911850000 8.245500e+03 
2914000000 8.252450e+03 
2916150000 8.258875e+03 
2918300000 8.250550e+03 
2920450000 8.255050e+03 
2922600000 8.236500e+03 
2924750000 8.235850e+03 
2926900000 8.248800e+03 
2929050000 8.263800e+03 
2931200000 8.250350e+03 
2933350000 8.241075e+03 
2935500000 8.257575e+03 
2937650000 8.244950e+03 
2939800000 8.244075e+03 
2941950000 8.275425e+03 
2.944100e+09 8.237475e+03 
2946250000 8.241600e+03 
2948400000 8.260050e+03 
2950550000 8.265575e+03 
2952700000 8.234350e+03 
2954850000 8216 
2957000000 8.238975e+03 
2959150000 8.237150e+03 
2961300000 8.236725e+03 
2963450000 8.223525e+03 
2965600000 8.253250e+03 
2967750000 8.226925e+03 
2969900000 8.244350e+03 
2972050000 8.243325e+03 
2974200000 8.230275e+03 
2976350000 8.251450e+03 
2978500000 8.255250e+03 
2980650000 8.235250e+03 
2982800000 8.267250e+03 
2984950000 8.287300e+03 
2987100000 8.268275e+03 
2989250000 8.235100e+03 
2991400000 8.251175e+03 
2993550000 8.246625e+03 
2995700000 8.227775e+03 
2997850000 8.246700e+03 
3000000000 8.260025e+03 

END
