IGOR
WAVES/D/O sweep,sig(1) 
BEGIN
2570000000 8.125925e+03 
2.572150e+09 8.153900e+03 
2574300000 8.160600e+03 
2576450000 8.149925e+03 
2578600000 8.130850e+03 
2.580750e+09 8.142375e+03 
2582900000 8.162050e+03 
2585050000 8.155100e+03 
2.587200e+09 8.152875e+03 
2589350000 8.125100e+03 
2591500000 8.154250e+03 
2593650000 8.136450e+03 
2.595800e+09 8.140975e+03 
2597950000 8.160600e+03 
2600100000 8.147775e+03 
2.602250e+09 8.133350e+03 
2604400000 8.158725e+03 
2606550000 8.132075e+03 
2608700000 8.135300e+03 
2.610850e+09 8.157950e+03 
2613000000 8.146175e+03 
2615150000 8.124825e+03 
2.617300e+09 8.147025e+03 
2619450000 8.145975e+03 
2621600000 8.122750e+03 
2623750000 8.137425e+03 
2.625900e+09 8.128200e+03 
2628050000 8.093950e+03 
2630200000 8.144275e+03 
2.632350e+09 8.141575e+03 
2634500000 8.115875e+03 
2636650000 8.122025e+03 
2638800000 8115 
2.640950e+09 8.110675e+03 
2643100000 8.099775e+03 
2645250000 8.121150e+03 
2.647400e+09 8.130175e+03 
2649550000 8.135825e+03 
2651700000 8.137850e+03 
2653850000 8.175875e+03 
2.656000e+09 8.158950e+03 
2658150000 8.144925e+03 
2660300000 8122 
2.662450e+09 8.115575e+03 
2664600000 8.096150e+03 
2666750000 8.078375e+03 
2668900000 8.083225e+03 
2.671050e+09 8.075150e+03 
2673200000 8063 
2675350000 8.088750e+03 
2677500000 8.130725e+03 
2679650000 8.125825e+03 
2681800000 8.131125e+03 
2683950000 8.128575e+03 
2.686100e+09 8.141925e+03 
2688250000 8.161850e+03 
2690400000 8.145550e+03 
2692550000 8.138225e+03 
2694700000 8.131425e+03 
2696850000 8.141075e+03 
2699000000 8.120575e+03 
2.701150e+09 8.106825e+03 
2703300000 8.093425e+03 
2705450000 8.063425e+03 
2707600000 8.065700e+03 
2.709750e+09 8.042175e+03 
2711900000 8.062500e+03 
2714050000 8.120750e+03 
2.716200e+09 8.101975e+03 
2718350000 8.085875e+03 
2720500000 8.101475e+03 
2722650000 8.136275e+03 
2724800000 8.170200e+03 
2726950000 8.127700e+03 
2729100000 8.154275e+03 
2.731250e+09 8.105975e+03 
2733400000 8.115475e+03 
2735550000 8.115425e+03 
2737700000 8.084325e+03 
2.739850e+09 8.087975e+03 
2742000000 8.098025e+03 
2744150000 8.108075e+03 
2.746300e+09 8.102825e+03 
2748450000 8.140350e+03 
2750600000 8.099300e+03 
2752750000 8.097300e+03 
2754900000 8.122275e+03 
2757050000 8.107350e+03 
2759200000 8.116075e+03 
2.761350e+09 8.119875e+03 
2763500000 8.121575e+03 
2765650000 8.113500e+03 
2767800000 8.130075e+03 
2.769950e+09 8.136475e+03 
2772100000 8.148050e+03 
2774250000 8.121075e+03 
2.776400e+09 8139 
2778550000 8.109100e+03 
2780700000 8.127325e+03 
2782850000 8.133525e+03 
2785000000 8.104475e+03 
2787150000 8.108950e+03 
2789300000 8.126150e+03 
2791450000 8.119300e+03 
2793600000 8.117125e+03 
2795750000 8.123900e+03 
2797900000 8.138500e+03 
2.800050e+09 8.098800e+03 
2802200000 8.120700e+03 
2804350000 8110 
2806500000 8115 
2808650000 8.106800e+03 
2810800000 8.102425e+03 
2812950000 8.134275e+03 
2815100000 8.109125e+03 
2817250000 8.134525e+03 
2819400000 8.120525e+03 
2821550000 8.124750e+03 
2823700000 8.102425e+03 
2825850000 8.113675e+03 
2828000000 8.124750e+03 
2.830150e+09 8.126700e+03 
2832300000 8.110650e+03 
2834450000 8.121950e+03 
2836600000 8.133400e+03 
2838750000 8.127725e+03 
2840900000 8.113750e+03 
2843050000 8.146675e+03 
2845200000 8.108750e+03 
2847350000 8.107925e+03 
2849500000 8.117400e+03 
2851650000 8.105475e+03 
2853800000 8113 
2855950000 8.134850e+03 
2858100000 8.124025e+03 
2.860250e+09 8.127975e+03 
2862400000 8.111800e+03 
2864550000 8.126975e+03 
2866700000 8.105400e+03 
2868850000 8.141425e+03 
2871000000 8.100600e+03 
2873150000 8.122650e+03 
2875300000 8.121975e+03 
2877450000 8.108725e+03 
2879600000 8.128900e+03 
2881750000 8.105100e+03 
2883900000 8.130425e+03 
2886050000 8.111450e+03 
2888200000 8.115475e+03 
2.890350e+09 8.132025e+03 
2892500000 8.126275e+03 
2894650000 8.091600e+03 
2896800000 8.111875e+03 
2898950000 8.094350e+03 
2901100000 8.102425e+03 
2903250000 8.088175e+03 
2905400000 8.098725e+03 
2907550000 8.097650e+03 
2909700000 8.132050e+03 
2911850000 8.132250e+03 
2914000000 8.111925e+03 
2916150000 8.125275e+03 
2918300000 8.140100e+03 
2920450000 8.125425e+03 
2922600000 8.113775e+03 
2924750000 8.119425e+03 
2926900000 8.138250e+03 
2929050000 8.142550e+03 
2931200000 8.133600e+03 
2933350000 8.132200e+03 
2935500000 8.126650e+03 
2937650000 8.114375e+03 
2939800000 8.099550e+03 
2941950000 8.124400e+03 
2.944100e+09 8.124375e+03 
2946250000 8.119700e+03 
2948400000 8.124050e+03 
2950550000 8.118450e+03 
2952700000 8.129525e+03 
2954850000 8.115150e+03 
2957000000 8.135625e+03 
2959150000 8.118475e+03 
2961300000 8.115575e+03 
2963450000 8123 
2965600000 8.146325e+03 
2967750000 8124 
2969900000 8.115600e+03 
2972050000 8.134450e+03 
2974200000 8.124475e+03 
2976350000 8.113075e+03 
2978500000 8.124875e+03 
2980650000 8.144750e+03 
2982800000 8.132175e+03 
2984950000 8.106850e+03 
2987100000 8.124475e+03 
2989250000 8.131150e+03 
2991400000 8.113925e+03 
2993550000 8.095075e+03 
2995700000 8.105650e+03 
2997850000 8.111800e+03 
3000000000 8.113725e+03 

END
