IGOR
WAVES/D/O sweep,sig(1) 
BEGIN
2570000000 1.600720e+04 
2574300000 1.601490e+04 
2578600000 1.602030e+04 
2582900000 1.602260e+04 
2.587200e+09 1.601270e+04 
2591500000 1.598690e+04 
2.595800e+09 1.602705e+04 
2600100000 1.604010e+04 
2604400000 1.601470e+04 
2608700000 1.599160e+04 
2613000000 1.598875e+04 
2.617300e+09 1.603010e+04 
2621600000 1.602930e+04 
2.625900e+09 1.604570e+04 
2630200000 1.600755e+04 
2634500000 1.601985e+04 
2638800000 1.602305e+04 
2643100000 16044 
2.647400e+09 1.604120e+04 
2651700000 1.600935e+04 
2.656000e+09 1.604190e+04 
2660300000 1.606855e+04 
2664600000 1.603825e+04 
2668900000 1.604095e+04 
2673200000 1.607495e+04 
2677500000 1.601820e+04 
2681800000 16045 
2.686100e+09 1.602815e+04 
2690400000 1.602920e+04 
2694700000 1.605045e+04 
2699000000 1.599365e+04 
2703300000 1.604110e+04 
2707600000 16006 
2711900000 1.599405e+04 
2.716200e+09 1.600095e+04 
2720500000 1.594235e+04 
2724800000 1.591665e+04 
2729100000 1.586095e+04 
2733400000 1.587060e+04 
2737700000 1.579045e+04 
2742000000 1.576765e+04 
2.746300e+09 15844 
2750600000 1.584615e+04 
2754900000 1.589935e+04 
2759200000 1.595350e+04 
2763500000 15965 
2767800000 15956 
2772100000 1.599425e+04 
2.776400e+09 1.603105e+04 
2780700000 1.599990e+04 
2785000000 1.600340e+04 
2789300000 1.594485e+04 
2793600000 1.583310e+04 
2797900000 1.579585e+04 
2802200000 1.582370e+04 
2806500000 1.580005e+04 
2810800000 1.580140e+04 
2815100000 1.591740e+04 
2819400000 1.591620e+04 
2823700000 1.600390e+04 
2828000000 1.603535e+04 
2832300000 1.603405e+04 
2836600000 1.603060e+04 
2840900000 1.601245e+04 
2845200000 1.601785e+04 
2849500000 1.604595e+04 
2853800000 1.605960e+04 
2858100000 1.604770e+04 
2862400000 1.604645e+04 
2866700000 1.604175e+04 
2871000000 1.608580e+04 
2875300000 1.604955e+04 
2879600000 1.605380e+04 
2883900000 1.599405e+04 
2888200000 1.603455e+04 
2892500000 1.605970e+04 
2896800000 1.606105e+04 
2901100000 1.606175e+04 
2905400000 1.606210e+04 
2909700000 1.604080e+04 
2914000000 1.607045e+04 
2918300000 1.606660e+04 
2922600000 1.610090e+04 
2926900000 1.609615e+04 
2931200000 1.604125e+04 
2935500000 1.603955e+04 
2939800000 1.605995e+04 
2.944100e+09 1.605875e+04 
2948400000 1.598810e+04 
2952700000 1.598855e+04 
2957000000 1.595295e+04 
2961300000 1.591390e+04 
2965600000 1.584170e+04 
2969900000 1.580970e+04 
2974200000 1.577610e+04 
2978500000 1.579085e+04 
2982800000 1.588095e+04 
2987100000 1.592610e+04 
2991400000 1.598180e+04 
2995700000 1.599715e+04 
3000000000 1.599610e+04 

END
