IGOR
WAVES/D/O sweep,sig(1) 
BEGIN
2570000000 7.980350e+03 
2.572150e+09 7.989575e+03 
2574300000 7.967475e+03 
2576450000 7.982450e+03 
2578600000 7.998475e+03 
2.580750e+09 7.992525e+03 
2582900000 7.988850e+03 
2585050000 7.958975e+03 
2.587200e+09 7.967750e+03 
2589350000 7.982250e+03 
2591500000 7.976575e+03 
2593650000 7.951525e+03 
2.595800e+09 7.995350e+03 
2597950000 7.979250e+03 
2600100000 7.968875e+03 
2.602250e+09 7.985100e+03 
2604400000 7.987225e+03 
2606550000 7.961850e+03 
2608700000 7.985825e+03 
2.610850e+09 7.998225e+03 
2613000000 7.991775e+03 
2615150000 7.977025e+03 
2.617300e+09 7.953325e+03 
2619450000 7.953475e+03 
2621600000 7.975650e+03 
2623750000 7.963425e+03 
2.625900e+09 7.973650e+03 
2628050000 7.967175e+03 
2630200000 7.975350e+03 
2.632350e+09 7.960300e+03 
2634500000 7.942575e+03 
2636650000 7.936400e+03 
2638800000 7.930775e+03 
2.640950e+09 7.947125e+03 
2643100000 7.929700e+03 
2645250000 7.967825e+03 
2.647400e+09 7.987225e+03 
2649550000 7.964800e+03 
2651700000 7.938375e+03 
2653850000 7.988925e+03 
2.656000e+09 7.979900e+03 
2658150000 7.985150e+03 
2660300000 7.960050e+03 
2.662450e+09 7.958875e+03 
2664600000 7.940125e+03 
2666750000 7.918925e+03 
2668900000 7.922150e+03 
2.671050e+09 7.924650e+03 
2673200000 7.921450e+03 
2675350000 7.957650e+03 
2677500000 7.940925e+03 
2679650000 7.955675e+03 
2681800000 7.943025e+03 
2683950000 7.971550e+03 
2.686100e+09 7.978875e+03 
2688250000 7.969350e+03 
2690400000 7.981425e+03 
2692550000 7.974475e+03 
2694700000 7.984900e+03 
2696850000 7.956075e+03 
2699000000 7.956500e+03 
2.701150e+09 7.926100e+03 
2703300000 7.934775e+03 
2705450000 7.904925e+03 
2707600000 7.933550e+03 
2.709750e+09 7.933225e+03 
2711900000 7.916225e+03 
2714050000 7.954925e+03 
2.716200e+09 7.947325e+03 
2718350000 7.939775e+03 
2720500000 7.975075e+03 
2722650000 8.012050e+03 
2724800000 7.984075e+03 
2726950000 7.989875e+03 
2729100000 7.981625e+03 
2.731250e+09 7.955775e+03 
2733400000 7.933425e+03 
2735550000 7970 
2737700000 7.924775e+03 
2.739850e+09 7.971325e+03 
2742000000 7.914650e+03 
2744150000 7.962125e+03 
2.746300e+09 7.952100e+03 
2748450000 7.968975e+03 
2750600000 7.986375e+03 
2752750000 7.997925e+03 
2754900000 7.990625e+03 
2757050000 7.981125e+03 
2759200000 8.004075e+03 
2.761350e+09 7.988650e+03 
2763500000 7.996200e+03 
2765650000 7.993875e+03 
2767800000 7.997025e+03 
2.769950e+09 7.993400e+03 
2772100000 8.000900e+03 
2774250000 8.025350e+03 
2.776400e+09 7.976425e+03 
2778550000 7.976275e+03 
2780700000 8.010375e+03 
2782850000 7.981250e+03 
2785000000 7.984875e+03 
2787150000 7.979525e+03 
2789300000 7.997150e+03 
2791450000 7.996375e+03 
2793600000 7.998225e+03 
2795750000 8.005350e+03 
2797900000 8.010650e+03 
2.800050e+09 8.000500e+03 
2802200000 8.010475e+03 
2804350000 7.963175e+03 
2806500000 7.993425e+03 
2808650000 7.993125e+03 
2810800000 7.976925e+03 
2812950000 7.998975e+03 
2815100000 7.992625e+03 
2817250000 7.999450e+03 
2819400000 7.996200e+03 
2821550000 7.980775e+03 
2823700000 7976 
2825850000 7.992350e+03 
2828000000 7.971600e+03 
2.830150e+09 7.974350e+03 
2832300000 7.997575e+03 
2834450000 7.983050e+03 
2836600000 7.981600e+03 
2838750000 7.982825e+03 
2840900000 7.985450e+03 
2843050000 7.995375e+03 
2845200000 7.988625e+03 
2847350000 7.980650e+03 
2849500000 7.979850e+03 
2851650000 8.002025e+03 
2853800000 7.990975e+03 
2855950000 7.988550e+03 
2858100000 8.001025e+03 
2.860250e+09 7.977400e+03 
2862400000 8.007725e+03 
2864550000 8.018975e+03 
2866700000 7.992425e+03 
2868850000 7.995450e+03 
2871000000 7.978900e+03 
2873150000 7.960700e+03 
2875300000 7.969425e+03 
2877450000 7.991625e+03 
2879600000 8.000175e+03 
2881750000 7983 
2883900000 7.990400e+03 
2886050000 7.987850e+03 
2888200000 7.965400e+03 
2.890350e+09 7.984400e+03 
2892500000 7.981950e+03 
2894650000 7.975975e+03 
2896800000 7.995700e+03 
2898950000 7.983325e+03 
2901100000 7.993100e+03 
2903250000 7.987225e+03 
2905400000 7.994825e+03 
2907550000 8.009200e+03 
2909700000 7.978825e+03 
2911850000 7.982050e+03 
2914000000 7.981550e+03 
2916150000 8.001025e+03 
2918300000 8.008175e+03 
2920450000 8.005050e+03 
2922600000 8.003950e+03 
2924750000 7.961750e+03 
2926900000 7.963725e+03 
2929050000 7.995675e+03 
2931200000 7.986375e+03 
2933350000 7.976475e+03 
2935500000 7.968725e+03 
2937650000 7.985950e+03 
2939800000 7.989725e+03 
2941950000 7.986450e+03 
2.944100e+09 7.982575e+03 
2946250000 7.974775e+03 
2948400000 7.986475e+03 
2950550000 7.982800e+03 
2952700000 7.975800e+03 
2954850000 7.981675e+03 
2957000000 7.986300e+03 
2959150000 7.988100e+03 
2961300000 7.990950e+03 
2963450000 8021 
2965600000 7.995650e+03 
2967750000 7.976325e+03 
2969900000 7.977525e+03 
2972050000 7.999675e+03 
2974200000 7.976050e+03 
2976350000 8.010450e+03 
2978500000 7.976075e+03 
2980650000 7.972475e+03 
2982800000 7.994650e+03 
2984950000 7.973375e+03 
2987100000 7.991575e+03 
2989250000 7.985800e+03 
2991400000 7.977600e+03 
2993550000 7.980500e+03 
2995700000 7.976725e+03 
2997850000 7.989050e+03 
3000000000 7.997400e+03 

END
