IGOR
WAVES/D/O sweep,sig(1) 
BEGIN
2570000000 8.118725e+03 
2.572150e+09 8.110325e+03 
2574300000 8.118675e+03 
2576450000 8.103700e+03 
2578600000 8.149950e+03 
2.580750e+09 8.140150e+03 
2582900000 8.122350e+03 
2585050000 8.116225e+03 
2.587200e+09 8.145225e+03 
2589350000 8.121100e+03 
2591500000 8.142800e+03 
2593650000 8.106450e+03 
2.595800e+09 8.125525e+03 
2597950000 8.148250e+03 
2600100000 8.112600e+03 
2.602250e+09 8.126150e+03 
2604400000 8.114125e+03 
2606550000 8.148700e+03 
2608700000 8.149725e+03 
2.610850e+09 8.140225e+03 
2613000000 8.152175e+03 
2615150000 8.128725e+03 
2.617300e+09 8.123925e+03 
2619450000 8.122025e+03 
2621600000 8.115950e+03 
2623750000 8.107125e+03 
2.625900e+09 8.144175e+03 
2628050000 8.097375e+03 
2630200000 8.111175e+03 
2.632350e+09 8.121875e+03 
2634500000 8.111025e+03 
2636650000 8.118075e+03 
2638800000 8.110425e+03 
2.640950e+09 8087 
2643100000 8.100100e+03 
2645250000 8.088025e+03 
2.647400e+09 8.125050e+03 
2649550000 8.132050e+03 
2651700000 8.100500e+03 
2653850000 8.131825e+03 
2.656000e+09 8.117925e+03 
2658150000 8.110400e+03 
2660300000 8.108700e+03 
2.662450e+09 8.102225e+03 
2664600000 8.074950e+03 
2666750000 8.039175e+03 
2668900000 8.050775e+03 
2.671050e+09 8.053850e+03 
2673200000 8.059175e+03 
2675350000 8.096300e+03 
2677500000 8.080825e+03 
2679650000 8.122025e+03 
2681800000 8.136100e+03 
2683950000 8.110950e+03 
2.686100e+09 8.155450e+03 
2688250000 8.087600e+03 
2690400000 8.127125e+03 
2692550000 8.180175e+03 
2694700000 8.108400e+03 
2696850000 8.104850e+03 
2699000000 8.101075e+03 
2.701150e+09 8072 
2703300000 8.060300e+03 
2705450000 8.057975e+03 
2707600000 8.056150e+03 
2.709750e+09 8.065550e+03 
2711900000 8.068750e+03 
2714050000 8.078150e+03 
2.716200e+09 8.062525e+03 
2718350000 8.122425e+03 
2720500000 8.119150e+03 
2722650000 8.095075e+03 
2724800000 8.106275e+03 
2726950000 8.119400e+03 
2729100000 8.145325e+03 
2.731250e+09 8.131450e+03 
2733400000 8.082500e+03 
2735550000 8.099975e+03 
2737700000 8.079875e+03 
2.739850e+09 8.054575e+03 
2742000000 8.086375e+03 
2744150000 8.073275e+03 
2.746300e+09 8.121225e+03 
2748450000 8.096750e+03 
2750600000 8.128750e+03 
2752750000 8.120175e+03 
2754900000 8.109200e+03 
2757050000 8.104625e+03 
2759200000 8.115650e+03 
2.761350e+09 8.097925e+03 
2763500000 8.107675e+03 
2765650000 8.126475e+03 
2767800000 8.141425e+03 
2.769950e+09 8.129850e+03 
2772100000 8.123100e+03 
2774250000 8.136450e+03 
2.776400e+09 8.106550e+03 
2778550000 8.133675e+03 
2780700000 8.117300e+03 
2782850000 8.145075e+03 
2785000000 8.129500e+03 
2787150000 8.132425e+03 
2789300000 8.146050e+03 
2791450000 8.114625e+03 
2793600000 8.137650e+03 
2795750000 8.136125e+03 
2797900000 8.136550e+03 
2.800050e+09 8.127750e+03 
2802200000 8.124175e+03 
2804350000 8.117075e+03 
2806500000 8.162725e+03 
2808650000 8.125725e+03 
2810800000 8.139100e+03 
2812950000 8.101725e+03 
2815100000 8.119100e+03 
2817250000 8.127675e+03 
2819400000 8.138650e+03 
2821550000 8.107075e+03 
2823700000 8.127200e+03 
2825850000 8.110075e+03 
2828000000 8.150900e+03 
2.830150e+09 8.121950e+03 
2832300000 8.107250e+03 
2834450000 8.115025e+03 
2836600000 8.140450e+03 
2838750000 8.142800e+03 
2840900000 8.142425e+03 
2843050000 8.124425e+03 
2845200000 8.129800e+03 
2847350000 8.124125e+03 
2849500000 8.120625e+03 
2851650000 8.145625e+03 
2853800000 8.115225e+03 
2855950000 8.129800e+03 
2858100000 8.136825e+03 
2.860250e+09 8.125150e+03 
2862400000 8.115050e+03 
2864550000 8.119925e+03 
2866700000 8.124100e+03 
2868850000 8.123750e+03 
2871000000 8.109250e+03 
2873150000 8134 
2875300000 8.133750e+03 
2877450000 8.150050e+03 
2879600000 8.133200e+03 
2881750000 8.116500e+03 
2883900000 8.106800e+03 
2886050000 8.150550e+03 
2888200000 8.119425e+03 
2.890350e+09 8.147875e+03 
2892500000 8.115025e+03 
2894650000 8.102225e+03 
2896800000 8135 
2898950000 8.140825e+03 
2901100000 8.133525e+03 
2903250000 8.132450e+03 
2905400000 8.096475e+03 
2907550000 8.126200e+03 
2909700000 8.128500e+03 
2911850000 8.118200e+03 
2914000000 8.166425e+03 
2916150000 8.156950e+03 
2918300000 8.148925e+03 
2920450000 8.119150e+03 
2922600000 8.137950e+03 
2924750000 8.127825e+03 
2926900000 8.129400e+03 
2929050000 8.154575e+03 
2931200000 8.128425e+03 
2933350000 8.124300e+03 
2935500000 8.141875e+03 
2937650000 8.129175e+03 
2939800000 8.152150e+03 
2941950000 8.132050e+03 
2.944100e+09 8.135225e+03 
2946250000 8.127900e+03 
2948400000 8.128075e+03 
2950550000 8.131025e+03 
2952700000 8.094525e+03 
2954850000 8.124575e+03 
2957000000 8.114325e+03 
2959150000 8.122600e+03 
2961300000 8.134875e+03 
2963450000 8.120850e+03 
2965600000 8.117525e+03 
2967750000 8.126850e+03 
2969900000 8.138450e+03 
2972050000 8.128425e+03 
2974200000 8137 
2976350000 8.133375e+03 
2978500000 8.145250e+03 
2980650000 8.105825e+03 
2982800000 8.117275e+03 
2984950000 8.118850e+03 
2987100000 8.132550e+03 
2989250000 8.119300e+03 
2991400000 8.141150e+03 
2993550000 8.119050e+03 
2995700000 8.125375e+03 
2997850000 8.129750e+03 
3000000000 8.123125e+03 

END
