IGOR
WAVES/D/O sweep,sig(1) 
BEGIN
2570000000 8.039175e+03 
2.572150e+09 8.023625e+03 
2574300000 8.032825e+03 
2576450000 8.042050e+03 
2578600000 8.041175e+03 
2.580750e+09 8.055700e+03 
2582900000 8.045575e+03 
2585050000 8039 
2.587200e+09 8.041300e+03 
2589350000 8.018550e+03 
2591500000 8.026575e+03 
2593650000 8.008175e+03 
2.595800e+09 8.027325e+03 
2597950000 8.028425e+03 
2600100000 8.052200e+03 
2.602250e+09 8.024050e+03 
2604400000 8.038275e+03 
2606550000 8.060600e+03 
2608700000 8.032375e+03 
2.610850e+09 8.034550e+03 
2613000000 8.037250e+03 
2615150000 8.033175e+03 
2.617300e+09 8.057175e+03 
2619450000 8.051400e+03 
2621600000 8.033950e+03 
2623750000 8.035500e+03 
2.625900e+09 8.028075e+03 
2628050000 8.048850e+03 
2630200000 8.023525e+03 
2.632350e+09 8.005850e+03 
2634500000 8.034275e+03 
2636650000 8.013850e+03 
2638800000 8.002775e+03 
2.640950e+09 8.007450e+03 
2643100000 8.013975e+03 
2645250000 7.996275e+03 
2.647400e+09 8.008575e+03 
2649550000 8.010525e+03 
2651700000 8.040175e+03 
2653850000 8.054550e+03 
2.656000e+09 8.041925e+03 
2658150000 8.036225e+03 
2660300000 8.019575e+03 
2.662450e+09 8.023275e+03 
2664600000 7.999400e+03 
2666750000 7.970375e+03 
2668900000 7.962450e+03 
2.671050e+09 7.988625e+03 
2673200000 7.999350e+03 
2675350000 7.985725e+03 
2677500000 7.997975e+03 
2679650000 8.028925e+03 
2681800000 8.033575e+03 
2683950000 8.023400e+03 
2.686100e+09 8.038150e+03 
2688250000 8.055050e+03 
2690400000 8.022050e+03 
2692550000 8.040350e+03 
2694700000 8.031050e+03 
2696850000 8.041475e+03 
2699000000 8.024500e+03 
2.701150e+09 8.015375e+03 
2703300000 8.013675e+03 
2705450000 7.989825e+03 
2707600000 7.981350e+03 
2.709750e+09 7.980075e+03 
2711900000 7.978375e+03 
2714050000 8.006625e+03 
2.716200e+09 8.008450e+03 
2718350000 8.013350e+03 
2720500000 8.026925e+03 
2722650000 8.054050e+03 
2724800000 8.049675e+03 
2726950000 8.040625e+03 
2729100000 8.032125e+03 
2.731250e+09 8.026125e+03 
2733400000 8.013825e+03 
2735550000 8.033950e+03 
2737700000 8.020125e+03 
2.739850e+09 8.012450e+03 
2742000000 8.015950e+03 
2744150000 8.007625e+03 
2.746300e+09 8.024100e+03 
2748450000 8.061775e+03 
2750600000 8.064400e+03 
2752750000 8.031550e+03 
2754900000 8.054500e+03 
2757050000 8.034475e+03 
2759200000 8.048175e+03 
2.761350e+09 8.038200e+03 
2763500000 8.029375e+03 
2765650000 8.043875e+03 
2767800000 8.061550e+03 
2.769950e+09 8.081875e+03 
2772100000 8.066450e+03 
2774250000 8.048225e+03 
2.776400e+09 8.044925e+03 
2778550000 8.055150e+03 
2780700000 8.040825e+03 
2782850000 8.036225e+03 
2785000000 8.064900e+03 
2787150000 8.042200e+03 
2789300000 8048 
2791450000 8.044300e+03 
2793600000 8.045250e+03 
2795750000 8.043625e+03 
2797900000 8.027650e+03 
2.800050e+09 8.070525e+03 
2802200000 8.035400e+03 
2804350000 8.059900e+03 
2806500000 8.037550e+03 
2808650000 8.032475e+03 
2810800000 8.032475e+03 
2812950000 8.048075e+03 
2815100000 8.056300e+03 
2817250000 8.058225e+03 
2819400000 8.060475e+03 
2821550000 8.048550e+03 
2823700000 8.064100e+03 
2825850000 8.062600e+03 
2828000000 8.037650e+03 
2.830150e+09 8.051625e+03 
2832300000 8.037900e+03 
2834450000 8.055850e+03 
2836600000 8.061475e+03 
2838750000 8.047975e+03 
2840900000 8.052425e+03 
2843050000 8.047975e+03 
2845200000 8.047625e+03 
2847350000 8.066700e+03 
2849500000 8.075275e+03 
2851650000 8.047100e+03 
2853800000 8.050875e+03 
2855950000 8.064075e+03 
2858100000 8.085475e+03 
2.860250e+09 8047 
2862400000 8.055375e+03 
2864550000 8.075475e+03 
2866700000 8.052375e+03 
2868850000 8.047050e+03 
2871000000 8.038200e+03 
2873150000 8.064800e+03 
2875300000 8.082750e+03 
2877450000 8.063450e+03 
2879600000 8.061475e+03 
2881750000 8.046975e+03 
2883900000 8.050025e+03 
2886050000 8.043775e+03 
2888200000 8.044050e+03 
2.890350e+09 8.053575e+03 
2892500000 8.046400e+03 
2894650000 8.054725e+03 
2896800000 8.058550e+03 
2898950000 8.060900e+03 
2901100000 8.053700e+03 
2903250000 8.052975e+03 
2905400000 8.052525e+03 
2907550000 8.054350e+03 
2909700000 8.047450e+03 
2911850000 8.039475e+03 
2914000000 8.042150e+03 
2916150000 8.052550e+03 
2918300000 8.072400e+03 
2920450000 8.067600e+03 
2922600000 8.056725e+03 
2924750000 8.057275e+03 
2926900000 8.071175e+03 
2929050000 8.055450e+03 
2931200000 8.053600e+03 
2933350000 8.088200e+03 
2935500000 8.073425e+03 
2937650000 8.053075e+03 
2939800000 8.053975e+03 
2941950000 8.066700e+03 
2.944100e+09 8.068675e+03 
2946250000 8.082100e+03 
2948400000 8.071150e+03 
2950550000 8.068550e+03 
2952700000 8.080975e+03 
2954850000 8.079900e+03 
2957000000 8.071825e+03 
2959150000 8062 
2961300000 8.060125e+03 
2963450000 8.066900e+03 
2965600000 8.081950e+03 
2967750000 8.077375e+03 
2969900000 8.068725e+03 
2972050000 8.089550e+03 
2974200000 8.080025e+03 
2976350000 8.078750e+03 
2978500000 8.070675e+03 
2980650000 8.048900e+03 
2982800000 8.064400e+03 
2984950000 8.098150e+03 
2987100000 8.072700e+03 
2989250000 8.073800e+03 
2991400000 8.076375e+03 
2993550000 8.072325e+03 
2995700000 8.060225e+03 
2997850000 8.073500e+03 
3000000000 8.060450e+03 

END
