IGOR
WAVES/D/O sweep,sig(1) 
BEGIN
2570000000 8.013325e+03 
2.572150e+09 7.975175e+03 
2574300000 7.974875e+03 
2576450000 7.966075e+03 
2578600000 7.967200e+03 
2.580750e+09 7.991125e+03 
2582900000 7.996125e+03 
2585050000 8.008275e+03 
2.587200e+09 7.993700e+03 
2589350000 7.976025e+03 
2591500000 7.967200e+03 
2593650000 7.972350e+03 
2.595800e+09 7.982600e+03 
2597950000 7.976875e+03 
2600100000 7.983925e+03 
2.602250e+09 7.990750e+03 
2604400000 7.979525e+03 
2606550000 8.002575e+03 
2608700000 7.998250e+03 
2.610850e+09 7.964925e+03 
2613000000 8.009175e+03 
2615150000 7.979600e+03 
2.617300e+09 7.977250e+03 
2619450000 7.985825e+03 
2621600000 7.983425e+03 
2623750000 7.975850e+03 
2.625900e+09 7.963325e+03 
2628050000 7.942650e+03 
2630200000 7.960450e+03 
2.632350e+09 7968 
2634500000 7.974400e+03 
2636650000 7.955700e+03 
2638800000 7.946175e+03 
2.640950e+09 7.990750e+03 
2643100000 7.954800e+03 
2645250000 7.946200e+03 
2.647400e+09 7.982350e+03 
2649550000 7.975850e+03 
2651700000 7.989400e+03 
2653850000 7.958125e+03 
2.656000e+09 7.998800e+03 
2658150000 7.949750e+03 
2660300000 7.948750e+03 
2.662450e+09 7.942800e+03 
2664600000 7.931475e+03 
2666750000 7.911775e+03 
2668900000 7.926625e+03 
2.671050e+09 7924 
2673200000 7.915850e+03 
2675350000 7.912775e+03 
2677500000 7.934450e+03 
2679650000 7961 
2681800000 7.972250e+03 
2683950000 7.985500e+03 
2.686100e+09 7.982175e+03 
2688250000 8.000350e+03 
2690400000 7.975325e+03 
2692550000 7.981650e+03 
2694700000 7.965300e+03 
2696850000 7.975025e+03 
2699000000 7.959500e+03 
2.701150e+09 7.924450e+03 
2703300000 7.902300e+03 
2705450000 7.939550e+03 
2707600000 7926 
2.709750e+09 7.940125e+03 
2711900000 7.920050e+03 
2714050000 7.953350e+03 
2.716200e+09 7.946600e+03 
2718350000 7.995325e+03 
2720500000 7.973175e+03 
2722650000 8.003700e+03 
2724800000 8.008525e+03 
2726950000 8.003600e+03 
2729100000 7.970275e+03 
2.731250e+09 7.978375e+03 
2733400000 7.951300e+03 
2735550000 7.967300e+03 
2737700000 7.955900e+03 
2.739850e+09 7.933150e+03 
2742000000 7.971800e+03 
2744150000 7.995375e+03 
2.746300e+09 7.950975e+03 
2748450000 7.955125e+03 
2750600000 7.960650e+03 
2752750000 7.996825e+03 
2754900000 7.975675e+03 
2757050000 7.982750e+03 
2759200000 7.989175e+03 
2.761350e+09 7.968050e+03 
2763500000 8.005250e+03 
2765650000 7.974375e+03 
2767800000 7.972650e+03 
2.769950e+09 7.994150e+03 
2772100000 7.989850e+03 
2774250000 7.977200e+03 
2.776400e+09 7.998750e+03 
2778550000 7.991125e+03 
2780700000 7.994925e+03 
2782850000 7.973525e+03 
2785000000 7.995500e+03 
2787150000 7.981375e+03 
2789300000 7.978225e+03 
2791450000 7.981275e+03 
2793600000 7.965450e+03 
2795750000 7.967500e+03 
2797900000 7.985475e+03 
2.800050e+09 7.977200e+03 
2802200000 7.967725e+03 
2804350000 7.987975e+03 
2806500000 7.961300e+03 
2808650000 7.954475e+03 
2810800000 7.989675e+03 
2812950000 7.980175e+03 
2815100000 7.974250e+03 
2817250000 7.969875e+03 
2819400000 7.987975e+03 
2821550000 7.987675e+03 
2823700000 7.974800e+03 
2825850000 7.990725e+03 
2828000000 8.000250e+03 
2.830150e+09 8.001875e+03 
2832300000 7.994050e+03 
2834450000 7.973775e+03 
2836600000 7.996500e+03 
2838750000 7.974800e+03 
2840900000 8.009075e+03 
2843050000 7.987250e+03 
2845200000 7961 
2847350000 8.006950e+03 
2849500000 7.978100e+03 
2851650000 7.979600e+03 
2853800000 7.982500e+03 
2855950000 7.989850e+03 
2858100000 7.980175e+03 
2.860250e+09 7.994625e+03 
2862400000 8.006925e+03 
2864550000 8.005125e+03 
2866700000 7.981800e+03 
2868850000 8.002375e+03 
2871000000 7.987475e+03 
2873150000 8.015250e+03 
2875300000 8.001550e+03 
2877450000 8.011775e+03 
2879600000 7.995325e+03 
2881750000 8.009900e+03 
2883900000 8.007825e+03 
2886050000 7.987400e+03 
2888200000 7.978125e+03 
2.890350e+09 7.974175e+03 
2892500000 7.983675e+03 
2894650000 7.978575e+03 
2896800000 7.994850e+03 
2898950000 8.012825e+03 
2901100000 7.990675e+03 
2903250000 7.998350e+03 
2905400000 8.006725e+03 
2907550000 7.990400e+03 
2909700000 7.997700e+03 
2911850000 7.984450e+03 
2914000000 7.994150e+03 
2916150000 7.995450e+03 
2918300000 7.997325e+03 
2920450000 8.025800e+03 
2922600000 7.980750e+03 
2924750000 7.972325e+03 
2926900000 7998 
2929050000 7.975600e+03 
2931200000 8.008400e+03 
2933350000 8.012200e+03 
2935500000 7.982475e+03 
2937650000 7.979850e+03 
2939800000 8.000225e+03 
2941950000 7.973300e+03 
2.944100e+09 7.976950e+03 
2946250000 7.995925e+03 
2948400000 7.980675e+03 
2950550000 7.983725e+03 
2952700000 7.999575e+03 
2954850000 7.997350e+03 
2957000000 7.973825e+03 
2959150000 7.997375e+03 
2961300000 7.968150e+03 
2963450000 7.989875e+03 
2965600000 8.001075e+03 
2967750000 7.979850e+03 
2969900000 7.961450e+03 
2972050000 7.991550e+03 
2974200000 7.989650e+03 
2976350000 7.996725e+03 
2978500000 7.959300e+03 
2980650000 7.970425e+03 
2982800000 7.954675e+03 
2984950000 7.993500e+03 
2987100000 7.980625e+03 
2989250000 7.992475e+03 
2991400000 7.998850e+03 
2993550000 7.965700e+03 
2995700000 7.991225e+03 
2997850000 7.980550e+03 
3000000000 8.003275e+03 

END
