IGOR
WAVES/D/O sweep,sig(1) 
BEGIN
2570000000 8.357900e+03 
2.572150e+09 8.358525e+03 
2574300000 8.357950e+03 
2576450000 8.335525e+03 
2578600000 8.346550e+03 
2.580750e+09 8.369175e+03 
2582900000 8.366475e+03 
2585050000 8.374325e+03 
2.587200e+09 8.356375e+03 
2589350000 8.352875e+03 
2591500000 8.400525e+03 
2593650000 8363 
2.595800e+09 8.344275e+03 
2597950000 8.349325e+03 
2600100000 8.333400e+03 
2.602250e+09 8.348825e+03 
2604400000 8.316900e+03 
2606550000 8.321500e+03 
2608700000 8.337200e+03 
2.610850e+09 8.333075e+03 
2613000000 8.320225e+03 
2615150000 8.325550e+03 
2.617300e+09 8.355550e+03 
2619450000 8.342975e+03 
2621600000 8.338900e+03 
2623750000 8.345525e+03 
2.625900e+09 8.366325e+03 
2628050000 8.326650e+03 
2630200000 8.305850e+03 
2.632350e+09 8.313850e+03 
2634500000 8.327025e+03 
2636650000 8.296700e+03 
2638800000 8.298500e+03 
2.640950e+09 8.330250e+03 
2643100000 8.303275e+03 
2645250000 8.329850e+03 
2.647400e+09 8.330600e+03 
2649550000 8.365100e+03 
2651700000 8.342300e+03 
2653850000 8.363175e+03 
2.656000e+09 8356 
2658150000 8.317050e+03 
2660300000 8.330875e+03 
2.662450e+09 8.303825e+03 
2664600000 8.332200e+03 
2666750000 8.288575e+03 
2668900000 8.282150e+03 
2.671050e+09 8.260500e+03 
2673200000 8.261100e+03 
2675350000 8.273550e+03 
2677500000 8.282300e+03 
2679650000 8.312950e+03 
2681800000 8.354775e+03 
2683950000 8.370900e+03 
2.686100e+09 8.349425e+03 
2688250000 8.351700e+03 
2690400000 8.333100e+03 
2692550000 8.346100e+03 
2694700000 8.324700e+03 
2696850000 8.350800e+03 
2699000000 8.299550e+03 
2.701150e+09 8.307550e+03 
2703300000 8.311900e+03 
2705450000 8.266375e+03 
2707600000 8.287350e+03 
2.709750e+09 8.280900e+03 
2711900000 8.268575e+03 
2714050000 8.296175e+03 
2.716200e+09 8.329825e+03 
2718350000 8.334375e+03 
2720500000 8.350150e+03 
2722650000 8.328450e+03 
2724800000 8.317600e+03 
2726950000 8.312400e+03 
2729100000 8.334025e+03 
2.731250e+09 8.316125e+03 
2733400000 8.346775e+03 
2735550000 8.309025e+03 
2737700000 8.324575e+03 
2.739850e+09 8.319175e+03 
2742000000 8.325675e+03 
2744150000 8.329225e+03 
2.746300e+09 8.302625e+03 
2748450000 8.352450e+03 
2750600000 8.318650e+03 
2752750000 8.371125e+03 
2754900000 8.325200e+03 
2757050000 8.336425e+03 
2759200000 8.343350e+03 
2.761350e+09 8.345075e+03 
2763500000 8.338400e+03 
2765650000 8.369475e+03 
2767800000 8.340700e+03 
2.769950e+09 8.368100e+03 
2772100000 8.347975e+03 
2774250000 8.379075e+03 
2.776400e+09 8.332475e+03 
2778550000 8.343025e+03 
2780700000 8.337700e+03 
2782850000 8.358500e+03 
2785000000 8.343800e+03 
2787150000 8.328150e+03 
2789300000 8329 
2791450000 8.338750e+03 
2793600000 8.357600e+03 
2795750000 8.356625e+03 
2797900000 8.356950e+03 
2.800050e+09 8.355450e+03 
2802200000 8.388275e+03 
2804350000 8.379200e+03 
2806500000 8.347700e+03 
2808650000 8.356300e+03 
2810800000 8.359300e+03 
2812950000 8.356025e+03 
2815100000 8.347325e+03 
2817250000 8.365125e+03 
2819400000 8.343300e+03 
2821550000 8.378525e+03 
2823700000 8.355025e+03 
2825850000 8.346800e+03 
2828000000 8.361175e+03 
2.830150e+09 8.348225e+03 
2832300000 8.360800e+03 
2834450000 8.365550e+03 
2836600000 8.375950e+03 
2838750000 8.368775e+03 
2840900000 8.348875e+03 
2843050000 8.366400e+03 
2845200000 8.346525e+03 
2847350000 8.354400e+03 
2849500000 8.369900e+03 
2851650000 8.343950e+03 
2853800000 8.331200e+03 
2855950000 8.359925e+03 
2858100000 8.372550e+03 
2.860250e+09 8.355275e+03 
2862400000 8.377075e+03 
2864550000 8.357475e+03 
2866700000 8.355325e+03 
2868850000 8.352075e+03 
2871000000 8.353525e+03 
2873150000 8.344775e+03 
2875300000 8.355400e+03 
2877450000 8.354900e+03 
2879600000 8.358500e+03 
2881750000 8.368600e+03 
2883900000 8.354150e+03 
2886050000 8.355625e+03 
2888200000 8.350350e+03 
2.890350e+09 8.376550e+03 
2892500000 8.361575e+03 
2894650000 8.337300e+03 
2896800000 8.341150e+03 
2898950000 8.363375e+03 
2901100000 8.375125e+03 
2903250000 8.363750e+03 
2905400000 8.322025e+03 
2907550000 8.371500e+03 
2909700000 8.365600e+03 
2911850000 8.362375e+03 
2914000000 8.340925e+03 
2916150000 8.368650e+03 
2918300000 8.363275e+03 
2920450000 8.353900e+03 
2922600000 8.370225e+03 
2924750000 8.379100e+03 
2926900000 8.359575e+03 
2929050000 8.369950e+03 
2931200000 8.397450e+03 
2933350000 8.373725e+03 
2935500000 8.389375e+03 
2937650000 8.389875e+03 
2939800000 8.365400e+03 
2941950000 8.364050e+03 
2.944100e+09 8.383100e+03 
2946250000 8.353500e+03 
2948400000 8.363550e+03 
2950550000 8.374150e+03 
2952700000 8.392025e+03 
2954850000 8.391850e+03 
2957000000 8.365800e+03 
2959150000 8.359225e+03 
2961300000 8.382225e+03 
2963450000 8.374650e+03 
2965600000 8.352850e+03 
2967750000 8.370375e+03 
2969900000 8.364625e+03 
2972050000 8.361900e+03 
2974200000 8.337150e+03 
2976350000 8.342725e+03 
2978500000 8.377950e+03 
2980650000 8.344300e+03 
2982800000 8.344075e+03 
2984950000 8.341025e+03 
2987100000 8.369525e+03 
2989250000 8.358300e+03 
2991400000 8.358675e+03 
2993550000 8351 
2995700000 8.363450e+03 
2997850000 8.354050e+03 
3000000000 8.372050e+03 

END
