IGOR
WAVES/D/O sweep,sig(1) 
BEGIN
2570000000 7.961400e+03 
2.572150e+09 8.003200e+03 
2574300000 7.999425e+03 
2576450000 7.965875e+03 
2578600000 7.994750e+03 
2.580750e+09 8.012050e+03 
2582900000 7.979725e+03 
2585050000 8.000750e+03 
2.587200e+09 7.983150e+03 
2589350000 7.991550e+03 
2591500000 8.008600e+03 
2593650000 7.983925e+03 
2.595800e+09 8.000950e+03 
2597950000 7.984275e+03 
2600100000 7.992925e+03 
2.602250e+09 7.989775e+03 
2604400000 7.984675e+03 
2606550000 7.986975e+03 
2608700000 8.004825e+03 
2.610850e+09 7994 
2613000000 7.995575e+03 
2615150000 7.978050e+03 
2.617300e+09 8.013850e+03 
2619450000 7.997625e+03 
2621600000 7.974275e+03 
2623750000 7.974600e+03 
2.625900e+09 7.998675e+03 
2628050000 7.988650e+03 
2630200000 7.954650e+03 
2.632350e+09 7.980075e+03 
2634500000 8.002075e+03 
2636650000 7.959650e+03 
2638800000 7.946625e+03 
2.640950e+09 7.965250e+03 
2643100000 7.967675e+03 
2645250000 7.971725e+03 
2.647400e+09 7.961325e+03 
2649550000 7.965475e+03 
2651700000 8.018525e+03 
2653850000 8.007875e+03 
2.656000e+09 7.991025e+03 
2658150000 7.959800e+03 
2660300000 7.996450e+03 
2.662450e+09 7.978500e+03 
2664600000 7.952300e+03 
2666750000 7.911125e+03 
2668900000 7.923725e+03 
2.671050e+09 7.943775e+03 
2673200000 7.954725e+03 
2675350000 7.925450e+03 
2677500000 7.968825e+03 
2679650000 7.957125e+03 
2681800000 7.958825e+03 
2683950000 7.972425e+03 
2.686100e+09 8.018275e+03 
2688250000 7.998900e+03 
2690400000 7.986700e+03 
2692550000 8.003350e+03 
2694700000 7.976525e+03 
2696850000 7.999500e+03 
2699000000 7.978125e+03 
2.701150e+09 7.943900e+03 
2703300000 7957 
2705450000 7.943250e+03 
2707600000 7.944250e+03 
2.709750e+09 7.950775e+03 
2711900000 7.929850e+03 
2714050000 7.967900e+03 
2.716200e+09 7.964825e+03 
2718350000 7.971650e+03 
2720500000 8.006675e+03 
2722650000 8.018850e+03 
2724800000 8.011650e+03 
2726950000 7.987650e+03 
2729100000 7.969425e+03 
2.731250e+09 7.997200e+03 
2733400000 7.986075e+03 
2735550000 7.976325e+03 
2737700000 7.943850e+03 
2.739850e+09 7.977850e+03 
2742000000 7.967975e+03 
2744150000 7.987075e+03 
2.746300e+09 7967 
2748450000 7.987200e+03 
2750600000 8.004975e+03 
2752750000 7.987600e+03 
2754900000 8.013325e+03 
2757050000 8.024950e+03 
2759200000 7.981800e+03 
2.761350e+09 8.012725e+03 
2763500000 8.008150e+03 
2765650000 8020 
2767800000 8.017900e+03 
2.769950e+09 8.014800e+03 
2772100000 8.009875e+03 
2774250000 7.981775e+03 
2.776400e+09 8.002850e+03 
2778550000 8.004175e+03 
2780700000 8.008975e+03 
2782850000 8.035775e+03 
2785000000 8.017325e+03 
2787150000 7.993150e+03 
2789300000 8.002375e+03 
2791450000 8.024575e+03 
2793600000 8.031625e+03 
2795750000 8.003325e+03 
2797900000 8.002700e+03 
2.800050e+09 8.007375e+03 
2802200000 8.043950e+03 
2804350000 8.024200e+03 
2806500000 7.987225e+03 
2808650000 7.994225e+03 
2810800000 8.012550e+03 
2812950000 8.003800e+03 
2815100000 7.989050e+03 
2817250000 7.995075e+03 
2819400000 7.995125e+03 
2821550000 7.993075e+03 
2823700000 7.996825e+03 
2825850000 7.996250e+03 
2828000000 7.994325e+03 
2.830150e+09 8.001250e+03 
2832300000 7.992675e+03 
2834450000 7.997625e+03 
2836600000 7.994925e+03 
2838750000 8.005575e+03 
2840900000 7.986775e+03 
2843050000 8.003925e+03 
2845200000 8012 
2847350000 8.004450e+03 
2849500000 7.997375e+03 
2851650000 7.991525e+03 
2853800000 7.984125e+03 
2855950000 8.020925e+03 
2858100000 8.011125e+03 
2.860250e+09 8.008525e+03 
2862400000 8.009275e+03 
2864550000 8.002775e+03 
2866700000 7.998875e+03 
2868850000 8.000225e+03 
2871000000 7.962850e+03 
2873150000 7.995975e+03 
2875300000 7.992725e+03 
2877450000 8.002625e+03 
2879600000 7.973200e+03 
2881750000 8.022925e+03 
2883900000 7.988450e+03 
2886050000 7.995800e+03 
2888200000 7.989525e+03 
2.890350e+09 8.000275e+03 
2892500000 8.009775e+03 
2894650000 7.971075e+03 
2896800000 7.991400e+03 
2898950000 7.992300e+03 
2901100000 8.001175e+03 
2903250000 7.996425e+03 
2905400000 7.988625e+03 
2907550000 7.985475e+03 
2909700000 8.009350e+03 
2911850000 7.982450e+03 
2914000000 7.985525e+03 
2916150000 8.006750e+03 
2918300000 8.007500e+03 
2920450000 8.004100e+03 
2922600000 8.004375e+03 
2924750000 8.017825e+03 
2926900000 8.027975e+03 
2929050000 8.011400e+03 
2931200000 7.978650e+03 
2933350000 7.980150e+03 
2935500000 7.998150e+03 
2937650000 7.997075e+03 
2939800000 8021 
2941950000 8.003775e+03 
2.944100e+09 8.000125e+03 
2946250000 7.985900e+03 
2948400000 7.983150e+03 
2950550000 7.981725e+03 
2952700000 8.010350e+03 
2954850000 7.993975e+03 
2957000000 7.961675e+03 
2959150000 7.990650e+03 
2961300000 7.970450e+03 
2963450000 7.976625e+03 
2965600000 7.978975e+03 
2967750000 7.992775e+03 
2969900000 8.023400e+03 
2972050000 7.987100e+03 
2974200000 7.966875e+03 
2976350000 7.997400e+03 
2978500000 8.011975e+03 
2980650000 7.984625e+03 
2982800000 7.983525e+03 
2984950000 7.982725e+03 
2987100000 8.010250e+03 
2989250000 7.998275e+03 
2991400000 7.989650e+03 
2993550000 7.986575e+03 
2995700000 7.999475e+03 
2997850000 8.003575e+03 
3000000000 7.998450e+03 

END
