IGOR
WAVES/D/O sweep,sig(1) 
BEGIN
2570000000 8.212400e+03 
2.572150e+09 8.213025e+03 
2574300000 8.220200e+03 
2576450000 8.199300e+03 
2578600000 8.212450e+03 
2.580750e+09 8.210650e+03 
2582900000 8.218400e+03 
2585050000 8.198450e+03 
2.587200e+09 8.203700e+03 
2589350000 8.200925e+03 
2591500000 8.210600e+03 
2593650000 8.219850e+03 
2.595800e+09 8.227475e+03 
2597950000 8.208425e+03 
2600100000 8.215750e+03 
2.602250e+09 8.221400e+03 
2604400000 8.227500e+03 
2606550000 8.216150e+03 
2608700000 8.233850e+03 
2.610850e+09 8.234325e+03 
2613000000 8.223525e+03 
2615150000 8.204725e+03 
2.617300e+09 8.227025e+03 
2619450000 8.190850e+03 
2621600000 8.211700e+03 
2623750000 8.185925e+03 
2.625900e+09 8.228475e+03 
2628050000 8.181875e+03 
2630200000 8.205700e+03 
2.632350e+09 8.164500e+03 
2634500000 8.202925e+03 
2636650000 8.196300e+03 
2638800000 8.171800e+03 
2.640950e+09 8.194400e+03 
2643100000 8.200750e+03 
2645250000 8.188600e+03 
2.647400e+09 8.189550e+03 
2649550000 8170 
2651700000 8.210300e+03 
2653850000 8.216925e+03 
2.656000e+09 8.201900e+03 
2658150000 8.189700e+03 
2660300000 8.222275e+03 
2.662450e+09 8.181425e+03 
2664600000 8.169825e+03 
2666750000 8.167925e+03 
2668900000 8.144925e+03 
2.671050e+09 8.132025e+03 
2673200000 8.140400e+03 
2675350000 8.182075e+03 
2677500000 8.176050e+03 
2679650000 8.202850e+03 
2681800000 8.206225e+03 
2683950000 8.224725e+03 
2.686100e+09 8.218250e+03 
2688250000 8.236750e+03 
2690400000 8.198075e+03 
2692550000 8.209425e+03 
2694700000 8.214250e+03 
2696850000 8.204700e+03 
2699000000 8.198925e+03 
2.701150e+09 8.176625e+03 
2703300000 8.152750e+03 
2705450000 8.164375e+03 
2707600000 8.141275e+03 
2.709750e+09 8160 
2711900000 8.151575e+03 
2714050000 8.180350e+03 
2.716200e+09 8.188275e+03 
2718350000 8.191250e+03 
2720500000 8.209625e+03 
2722650000 8.229600e+03 
2724800000 8.215275e+03 
2726950000 8.212875e+03 
2729100000 8.194025e+03 
2.731250e+09 8.188975e+03 
2733400000 8.199425e+03 
2735550000 8.173825e+03 
2737700000 8.177775e+03 
2.739850e+09 8.203550e+03 
2742000000 8.206225e+03 
2744150000 8.202475e+03 
2.746300e+09 8.211850e+03 
2748450000 8.219475e+03 
2750600000 8.191250e+03 
2752750000 8.211625e+03 
2754900000 8.218850e+03 
2757050000 8.215675e+03 
2759200000 8.236750e+03 
2.761350e+09 8.206225e+03 
2763500000 8.234450e+03 
2765650000 8.233550e+03 
2767800000 8.228075e+03 
2.769950e+09 8.205975e+03 
2772100000 8.212750e+03 
2774250000 8.209150e+03 
2.776400e+09 8.223875e+03 
2778550000 8.217675e+03 
2780700000 8.233050e+03 
2782850000 8225 
2785000000 8.224275e+03 
2787150000 8.220950e+03 
2789300000 8.238400e+03 
2791450000 8.202375e+03 
2793600000 8.213925e+03 
2795750000 8.190425e+03 
2797900000 8.228200e+03 
2.800050e+09 8.224275e+03 
2802200000 8.237200e+03 
2804350000 8.204975e+03 
2806500000 8.207775e+03 
2808650000 8235 
2810800000 8.239750e+03 
2812950000 8.228825e+03 
2815100000 8.229700e+03 
2817250000 8.243050e+03 
2819400000 8.216150e+03 
2821550000 8.237675e+03 
2823700000 8.238650e+03 
2825850000 8.224600e+03 
2828000000 8.229400e+03 
2.830150e+09 8.216125e+03 
2832300000 8.217525e+03 
2834450000 8.229600e+03 
2836600000 8.213725e+03 
2838750000 8.229150e+03 
2840900000 8.226125e+03 
2843050000 8.227700e+03 
2845200000 8.225025e+03 
2847350000 8.218375e+03 
2849500000 8.226225e+03 
2851650000 8.209525e+03 
2853800000 8.213700e+03 
2855950000 8.249050e+03 
2858100000 8.220875e+03 
2.860250e+09 8.235800e+03 
2862400000 8.218550e+03 
2864550000 8.201675e+03 
2866700000 8.253075e+03 
2868850000 8.207100e+03 
2871000000 8.230850e+03 
2873150000 8.223700e+03 
2875300000 8.233500e+03 
2877450000 8.219175e+03 
2879600000 8.234625e+03 
2881750000 8.203375e+03 
2883900000 8.222500e+03 
2886050000 8.226725e+03 
2888200000 8.237925e+03 
2.890350e+09 8.240800e+03 
2892500000 8.230225e+03 
2894650000 8.218375e+03 
2896800000 8.220050e+03 
2898950000 8.216575e+03 
2901100000 8.237825e+03 
2903250000 8.217500e+03 
2905400000 8.207075e+03 
2907550000 8.223325e+03 
2909700000 8.228775e+03 
2911850000 8.190950e+03 
2914000000 8.210400e+03 
2916150000 8.215300e+03 
2918300000 8.213850e+03 
2920450000 8.216875e+03 
2922600000 8.241750e+03 
2924750000 8.221100e+03 
2926900000 8.239100e+03 
2929050000 8.214950e+03 
2931200000 8.222625e+03 
2933350000 8.206475e+03 
2935500000 8.206050e+03 
2937650000 8.202375e+03 
2939800000 8.230575e+03 
2941950000 8.215600e+03 
2.944100e+09 8.219300e+03 
2946250000 8.188175e+03 
2948400000 8.203525e+03 
2950550000 8.193800e+03 
2952700000 8.228900e+03 
2954850000 8.212675e+03 
2957000000 8.202650e+03 
2959150000 8.231575e+03 
2961300000 8.217950e+03 
2963450000 8.241275e+03 
2965600000 8.227650e+03 
2967750000 8.222675e+03 
2969900000 8.225800e+03 
2972050000 8.209200e+03 
2974200000 8.196175e+03 
2976350000 8.209425e+03 
2978500000 8.230650e+03 
2980650000 8.211475e+03 
2982800000 8.228975e+03 
2984950000 8.238750e+03 
2987100000 8.227900e+03 
2989250000 8.221150e+03 
2991400000 8.225600e+03 
2993550000 8.213550e+03 
2995700000 8.221625e+03 
2997850000 8.223275e+03 
3000000000 8.214400e+03 

END
