IGOR
WAVES/D/O sweep,sig(1) 
BEGIN
2570000000 7.980825e+03 
2.572150e+09 8.015375e+03 
2574300000 7.980650e+03 
2576450000 7.998350e+03 
2578600000 8.002550e+03 
2.580750e+09 8.008100e+03 
2582900000 8.006325e+03 
2585050000 7.990650e+03 
2.587200e+09 8.015100e+03 
2589350000 8.015575e+03 
2591500000 7.991475e+03 
2593650000 8.006300e+03 
2.595800e+09 7.991925e+03 
2597950000 7.990375e+03 
2600100000 8.000575e+03 
2.602250e+09 8.009800e+03 
2604400000 8.002850e+03 
2606550000 7.982300e+03 
2608700000 7.978250e+03 
2.610850e+09 8.009050e+03 
2613000000 8.013200e+03 
2615150000 8.006550e+03 
2.617300e+09 8.002650e+03 
2619450000 8.001850e+03 
2621600000 7.984325e+03 
2623750000 8.021825e+03 
2.625900e+09 8.006850e+03 
2628050000 7.984100e+03 
2630200000 7.983125e+03 
2.632350e+09 7.983575e+03 
2634500000 7960 
2636650000 7.979300e+03 
2638800000 7.974500e+03 
2.640950e+09 7.983875e+03 
2643100000 7967 
2645250000 7.982175e+03 
2.647400e+09 7.979875e+03 
2649550000 7.992825e+03 
2651700000 8.007125e+03 
2653850000 8.012325e+03 
2.656000e+09 8.004625e+03 
2658150000 7.998150e+03 
2660300000 8.003650e+03 
2.662450e+09 7.968550e+03 
2664600000 7.967725e+03 
2666750000 7.949925e+03 
2668900000 7.959575e+03 
2.671050e+09 7.962050e+03 
2673200000 7.948625e+03 
2675350000 7.962875e+03 
2677500000 7.962600e+03 
2679650000 8.007600e+03 
2681800000 7.965950e+03 
2683950000 8.012600e+03 
2.686100e+09 8.019675e+03 
2688250000 8.005775e+03 
2690400000 8.000950e+03 
2692550000 7.986225e+03 
2694700000 8.011225e+03 
2696850000 7.994750e+03 
2699000000 7.961475e+03 
2.701150e+09 7.984200e+03 
2703300000 7.962825e+03 
2705450000 7.960850e+03 
2707600000 7.972550e+03 
2.709750e+09 7.938425e+03 
2711900000 7.960125e+03 
2714050000 7.951950e+03 
2.716200e+09 7.950375e+03 
2718350000 7.995350e+03 
2720500000 8.009925e+03 
2722650000 8.007950e+03 
2724800000 8.008450e+03 
2726950000 7.998150e+03 
2729100000 7.985225e+03 
2.731250e+09 7.988875e+03 
2733400000 7.978500e+03 
2735550000 7.973825e+03 
2737700000 7.959675e+03 
2.739850e+09 7967 
2742000000 7.998475e+03 
2744150000 8002 
2.746300e+09 7.993700e+03 
2748450000 8.012125e+03 
2750600000 7.987400e+03 
2752750000 7.993125e+03 
2754900000 8.014225e+03 
2757050000 8.019875e+03 
2759200000 8.008050e+03 
2.761350e+09 7.993150e+03 
2763500000 7.993200e+03 
2765650000 8.031050e+03 
2767800000 8.025700e+03 
2.769950e+09 7.995300e+03 
2772100000 8.010250e+03 
2774250000 8.010025e+03 
2.776400e+09 8.031225e+03 
2778550000 8.031700e+03 
2780700000 8.006175e+03 
2782850000 8.005625e+03 
2785000000 8.006775e+03 
2787150000 7.994900e+03 
2789300000 8.037950e+03 
2791450000 8.002600e+03 
2793600000 8.006125e+03 
2795750000 8.022350e+03 
2797900000 8.012500e+03 
2.800050e+09 8.022725e+03 
2802200000 8.006625e+03 
2804350000 8.014825e+03 
2806500000 8.014800e+03 
2808650000 8.000925e+03 
2810800000 8.005850e+03 
2812950000 8.001350e+03 
2815100000 7.999275e+03 
2817250000 8.005250e+03 
2819400000 8.004500e+03 
2821550000 8.001150e+03 
2823700000 8.005900e+03 
2825850000 8.006725e+03 
2828000000 8.007350e+03 
2.830150e+09 8.021925e+03 
2832300000 8.003050e+03 
2834450000 8.032150e+03 
2836600000 7.976375e+03 
2838750000 8.029650e+03 
2840900000 8.021850e+03 
2843050000 7.989875e+03 
2845200000 8.001275e+03 
2847350000 8.018825e+03 
2849500000 8.005200e+03 
2851650000 8.009675e+03 
2853800000 8.004700e+03 
2855950000 8.025075e+03 
2858100000 7.988600e+03 
2.860250e+09 7.997725e+03 
2862400000 8.017850e+03 
2864550000 8.019425e+03 
2866700000 8.014200e+03 
2868850000 7.990700e+03 
2871000000 8.030650e+03 
2873150000 8.006200e+03 
2875300000 7.997375e+03 
2877450000 8.008325e+03 
2879600000 8.018950e+03 
2881750000 7.985150e+03 
2883900000 7.986250e+03 
2886050000 8.003025e+03 
2888200000 8.014800e+03 
2.890350e+09 8.018950e+03 
2892500000 8.017525e+03 
2894650000 8.022850e+03 
2896800000 8.004225e+03 
2898950000 8.018775e+03 
2901100000 8.016475e+03 
2903250000 8.014825e+03 
2905400000 8.011825e+03 
2907550000 7.991600e+03 
2909700000 8.014600e+03 
2911850000 8.008175e+03 
2914000000 7.986350e+03 
2916150000 8.024850e+03 
2918300000 8.001800e+03 
2920450000 8.012050e+03 
2922600000 8.009325e+03 
2924750000 8.002175e+03 
2926900000 8.003825e+03 
2929050000 7.994350e+03 
2931200000 8.004825e+03 
2933350000 8.009375e+03 
2935500000 7.999450e+03 
2937650000 8.021125e+03 
2939800000 7.991400e+03 
2941950000 8.018350e+03 
2.944100e+09 8.034400e+03 
2946250000 8.026575e+03 
2948400000 8.025825e+03 
2950550000 8025 
2952700000 8.010225e+03 
2954850000 8.004175e+03 
2957000000 8.026725e+03 
2959150000 8.031225e+03 
2961300000 8.038325e+03 
2963450000 8.004800e+03 
2965600000 8.000425e+03 
2967750000 8.008750e+03 
2969900000 8.010400e+03 
2972050000 8.021825e+03 
2974200000 8.007150e+03 
2976350000 7.994525e+03 
2978500000 8.039250e+03 
2980650000 7.990125e+03 
2982800000 8.009075e+03 
2984950000 8.022825e+03 
2987100000 8.026525e+03 
2989250000 8.009200e+03 
2991400000 8.016300e+03 
2993550000 8.030950e+03 
2995700000 8.022300e+03 
2997850000 8.007850e+03 
3000000000 7.995725e+03 

END
