IGOR
WAVES/D/O sweep,sig(1) 
BEGIN
2570000000 8.203525e+03 
2.572150e+09 8.207175e+03 
2574300000 8.213850e+03 
2576450000 8.179400e+03 
2578600000 8.195625e+03 
2.580750e+09 8.209500e+03 
2582900000 8.184950e+03 
2585050000 8.197550e+03 
2.587200e+09 8.217125e+03 
2589350000 8.207225e+03 
2591500000 8.200225e+03 
2593650000 8.206550e+03 
2.595800e+09 8.207975e+03 
2597950000 8.192375e+03 
2600100000 8.208225e+03 
2.602250e+09 8.207825e+03 
2604400000 8.210250e+03 
2606550000 8.180425e+03 
2608700000 8.209075e+03 
2.610850e+09 8.211650e+03 
2613000000 8.201725e+03 
2615150000 8.217200e+03 
2.617300e+09 8.198825e+03 
2619450000 8.221350e+03 
2621600000 8.207250e+03 
2623750000 8.194975e+03 
2.625900e+09 8.170500e+03 
2628050000 8.198200e+03 
2630200000 8.173175e+03 
2.632350e+09 8.175750e+03 
2634500000 8.162250e+03 
2636650000 8.162025e+03 
2638800000 8.156825e+03 
2.640950e+09 8.140850e+03 
2643100000 8.178525e+03 
2645250000 8.169425e+03 
2.647400e+09 8.178750e+03 
2649550000 8.179250e+03 
2651700000 8.172775e+03 
2653850000 8.189900e+03 
2.656000e+09 8.199025e+03 
2658150000 8.200525e+03 
2660300000 8.153250e+03 
2.662450e+09 8140 
2664600000 8.146725e+03 
2666750000 8.141750e+03 
2668900000 8.138950e+03 
2.671050e+09 8.136750e+03 
2673200000 8.124475e+03 
2675350000 8.152875e+03 
2677500000 8.138250e+03 
2679650000 8.173750e+03 
2681800000 8.203525e+03 
2683950000 8.203850e+03 
2.686100e+09 8.188600e+03 
2688250000 8.210650e+03 
2690400000 8.203850e+03 
2692550000 8.195950e+03 
2694700000 8.202675e+03 
2696850000 8.220075e+03 
2699000000 8.182100e+03 
2.701150e+09 8.153025e+03 
2703300000 8.139550e+03 
2705450000 8.136125e+03 
2707600000 8.110375e+03 
2.709750e+09 8.111325e+03 
2711900000 8.147400e+03 
2714050000 8.145525e+03 
2.716200e+09 8.182750e+03 
2718350000 8.160200e+03 
2720500000 8.157075e+03 
2722650000 8.183225e+03 
2724800000 8.184050e+03 
2726950000 8.180825e+03 
2729100000 8.177850e+03 
2.731250e+09 8.154325e+03 
2733400000 8.171525e+03 
2735550000 8.157650e+03 
2737700000 8.143400e+03 
2.739850e+09 8.162550e+03 
2742000000 8.172475e+03 
2744150000 8.173375e+03 
2.746300e+09 8.177300e+03 
2748450000 8.180475e+03 
2750600000 8.179900e+03 
2752750000 8.180750e+03 
2754900000 8.181075e+03 
2757050000 8.181725e+03 
2759200000 8.181925e+03 
2.761350e+09 8.208825e+03 
2763500000 8.193925e+03 
2765650000 8.192500e+03 
2767800000 8.161525e+03 
2.769950e+09 8.180725e+03 
2772100000 8.181775e+03 
2774250000 8.155350e+03 
2.776400e+09 8.169625e+03 
2778550000 8.185400e+03 
2780700000 8.176750e+03 
2782850000 8.197275e+03 
2785000000 8.156150e+03 
2787150000 8.148250e+03 
2789300000 8.203625e+03 
2791450000 8.202325e+03 
2793600000 8.179525e+03 
2795750000 8.154700e+03 
2797900000 8.183450e+03 
2.800050e+09 8.167950e+03 
2802200000 8.151550e+03 
2804350000 8.177975e+03 
2806500000 8.158525e+03 
2808650000 8.167150e+03 
2810800000 8.172150e+03 
2812950000 8.166600e+03 
2815100000 8.162225e+03 
2817250000 8.164400e+03 
2819400000 8.189075e+03 
2821550000 8.175525e+03 
2823700000 8.150775e+03 
2825850000 8.153800e+03 
2828000000 8.177550e+03 
2.830150e+09 8.159975e+03 
2832300000 8.153850e+03 
2834450000 8.191075e+03 
2836600000 8.181875e+03 
2838750000 8.154150e+03 
2840900000 8.203700e+03 
2843050000 8.188375e+03 
2845200000 8.177500e+03 
2847350000 8.169950e+03 
2849500000 8.144150e+03 
2851650000 8.138275e+03 
2853800000 8.164300e+03 
2855950000 8.157675e+03 
2858100000 8.160925e+03 
2.860250e+09 8.168500e+03 
2862400000 8.198275e+03 
2864550000 8.172050e+03 
2866700000 8.162075e+03 
2868850000 8.165675e+03 
2871000000 8.159725e+03 
2873150000 8.141675e+03 
2875300000 8.158500e+03 
2877450000 8.190875e+03 
2879600000 8.168575e+03 
2881750000 8.176150e+03 
2883900000 8.178050e+03 
2886050000 8.155500e+03 
2888200000 8.165325e+03 
2.890350e+09 8.162500e+03 
2892500000 8.173475e+03 
2894650000 8.167375e+03 
2896800000 8.168075e+03 
2898950000 8.147475e+03 
2901100000 8.185675e+03 
2903250000 8.175950e+03 
2905400000 8.178850e+03 
2907550000 8.149900e+03 
2909700000 8.183750e+03 
2911850000 8.154500e+03 
2914000000 8.170775e+03 
2916150000 8.168650e+03 
2918300000 8.180750e+03 
2920450000 8.176750e+03 
2922600000 8.136350e+03 
2924750000 8.163050e+03 
2926900000 8.139025e+03 
2929050000 8.178400e+03 
2931200000 8.168650e+03 
2933350000 8.167525e+03 
2935500000 8.137875e+03 
2937650000 8.177650e+03 
2939800000 8.152450e+03 
2941950000 8.175975e+03 
2.944100e+09 8.167475e+03 
2946250000 8.165775e+03 
2948400000 8.185675e+03 
2950550000 8.175050e+03 
2952700000 8176 
2954850000 8.189475e+03 
2957000000 8.192850e+03 
2959150000 8.152350e+03 
2961300000 8.145975e+03 
2963450000 8.180700e+03 
2965600000 8.161525e+03 
2967750000 8.181650e+03 
2969900000 8.174925e+03 
2972050000 8.156450e+03 
2974200000 8.181750e+03 
2976350000 8.157150e+03 
2978500000 8.162425e+03 
2980650000 8.164075e+03 
2982800000 8.130850e+03 
2984950000 8.175500e+03 
2987100000 8.166125e+03 
2989250000 8178 
2991400000 8.150700e+03 
2993550000 8.171675e+03 
2995700000 8.152500e+03 
2997850000 8.155625e+03 
3000000000 8.157525e+03 

END
