IGOR
WAVES/D/O sweep,sig(1) 
BEGIN
2570000000 7.952450e+03 
2.572150e+09 7.961400e+03 
2574300000 7.954925e+03 
2576450000 7.950500e+03 
2578600000 7.949850e+03 
2.580750e+09 7.962750e+03 
2582900000 7.958350e+03 
2585050000 7.954925e+03 
2.587200e+09 7.951175e+03 
2589350000 7.947825e+03 
2591500000 7.952100e+03 
2593650000 7.939300e+03 
2.595800e+09 7.960325e+03 
2597950000 7.968400e+03 
2600100000 7.967425e+03 
2.602250e+09 7.979825e+03 
2604400000 7.966175e+03 
2606550000 7.968200e+03 
2608700000 7.968725e+03 
2.610850e+09 7.955250e+03 
2613000000 7.985550e+03 
2615150000 7.967500e+03 
2.617300e+09 7.991075e+03 
2619450000 7.952475e+03 
2621600000 7.953475e+03 
2623750000 7.958275e+03 
2.625900e+09 7.959275e+03 
2628050000 7.955750e+03 
2630200000 7.951525e+03 
2.632350e+09 7.922925e+03 
2634500000 7.945200e+03 
2636650000 7.924650e+03 
2638800000 7.930300e+03 
2.640950e+09 7.931575e+03 
2643100000 7.913350e+03 
2645250000 7.938575e+03 
2.647400e+09 7.933100e+03 
2649550000 7.918600e+03 
2651700000 7.946025e+03 
2653850000 7.953325e+03 
2.656000e+09 7.952725e+03 
2658150000 7.955475e+03 
2660300000 7.932100e+03 
2.662450e+09 7.944025e+03 
2664600000 7.928050e+03 
2666750000 7.902425e+03 
2668900000 7.901850e+03 
2.671050e+09 7.888275e+03 
2673200000 7.892025e+03 
2675350000 7.908325e+03 
2677500000 7.939550e+03 
2679650000 7.944050e+03 
2681800000 7.967250e+03 
2683950000 7.972025e+03 
2.686100e+09 7.964650e+03 
2688250000 7.953900e+03 
2690400000 7.963150e+03 
2692550000 7.956975e+03 
2694700000 7.948600e+03 
2696850000 7.953925e+03 
2699000000 7.920775e+03 
2.701150e+09 7.925225e+03 
2703300000 7.913800e+03 
2705450000 7.892550e+03 
2707600000 7.906750e+03 
2.709750e+09 7.918500e+03 
2711900000 7.892850e+03 
2714050000 7.916075e+03 
2.716200e+09 7.950650e+03 
2718350000 7.964350e+03 
2720500000 7.938100e+03 
2722650000 7.959600e+03 
2724800000 7.956625e+03 
2726950000 7.916925e+03 
2729100000 7.947325e+03 
2.731250e+09 7.940125e+03 
2733400000 7.921825e+03 
2735550000 7.927150e+03 
2737700000 7.915575e+03 
2.739850e+09 7.934350e+03 
2742000000 7.927475e+03 
2744150000 7.938025e+03 
2.746300e+09 7.967425e+03 
2748450000 7.938825e+03 
2750600000 7.947275e+03 
2752750000 7.936525e+03 
2754900000 7.947825e+03 
2757050000 7.953425e+03 
2759200000 7.976800e+03 
2.761350e+09 7.970875e+03 
2763500000 7.977750e+03 
2765650000 7.960775e+03 
2767800000 7.943375e+03 
2.769950e+09 7.978675e+03 
2772100000 7.982925e+03 
2774250000 7.964225e+03 
2.776400e+09 7.960175e+03 
2778550000 7.962650e+03 
2780700000 7.953375e+03 
2782850000 7.976250e+03 
2785000000 7.951400e+03 
2787150000 7.985300e+03 
2789300000 7.978025e+03 
2791450000 7.967550e+03 
2793600000 7.970925e+03 
2795750000 7.967125e+03 
2797900000 7.966575e+03 
2.800050e+09 7.950475e+03 
2802200000 7.961425e+03 
2804350000 7.995125e+03 
2806500000 7.989925e+03 
2808650000 7.974225e+03 
2810800000 7.976975e+03 
2812950000 7.968675e+03 
2815100000 7.956250e+03 
2817250000 7.957325e+03 
2819400000 7.991450e+03 
2821550000 7.973975e+03 
2823700000 7.974700e+03 
2825850000 7.975575e+03 
2828000000 7.984425e+03 
2.830150e+09 7.969625e+03 
2832300000 7.978825e+03 
2834450000 7.962325e+03 
2836600000 7.977325e+03 
2838750000 7.977500e+03 
2840900000 7.967700e+03 
2843050000 7.964300e+03 
2845200000 7.982375e+03 
2847350000 7.982125e+03 
2849500000 7.963450e+03 
2851650000 7.954525e+03 
2853800000 7.975800e+03 
2855950000 7.961075e+03 
2858100000 7.966350e+03 
2.860250e+09 7.977375e+03 
2862400000 7.978875e+03 
2864550000 7.979150e+03 
2866700000 7.992900e+03 
2868850000 7.958825e+03 
2871000000 7.956450e+03 
2873150000 7.971250e+03 
2875300000 7967 
2877450000 7.981875e+03 
2879600000 7.981950e+03 
2881750000 7.969875e+03 
2883900000 7.973025e+03 
2886050000 7.970850e+03 
2888200000 7.986050e+03 
2.890350e+09 7.986825e+03 
2892500000 7.947525e+03 
2894650000 7.960875e+03 
2896800000 7.956525e+03 
2898950000 7.941900e+03 
2901100000 7.964525e+03 
2903250000 7.957275e+03 
2905400000 7.969600e+03 
2907550000 7.975100e+03 
2909700000 7.962375e+03 
2911850000 7.962650e+03 
2914000000 7.958150e+03 
2916150000 7.958050e+03 
2918300000 7.946050e+03 
2920450000 7.960575e+03 
2922600000 7.964950e+03 
2924750000 7.967900e+03 
2926900000 7.968725e+03 
2929050000 7.962075e+03 
2931200000 7.943100e+03 
2933350000 7.959550e+03 
2935500000 7.956950e+03 
2937650000 7.964900e+03 
2939800000 7.964750e+03 
2941950000 7.953675e+03 
2.944100e+09 7.953550e+03 
2946250000 7.967175e+03 
2948400000 7964 
2950550000 7.976950e+03 
2952700000 7.957475e+03 
2954850000 7.949775e+03 
2957000000 7.948750e+03 
2959150000 7.974375e+03 
2961300000 7.948275e+03 
2963450000 7.974625e+03 
2965600000 7.983200e+03 
2967750000 7.937950e+03 
2969900000 7.960925e+03 
2972050000 7.978450e+03 
2974200000 7.959425e+03 
2976350000 7.964975e+03 
2978500000 7973 
2980650000 7.985900e+03 
2982800000 7.960675e+03 
2984950000 7.963175e+03 
2987100000 7.963350e+03 
2989250000 7.962450e+03 
2991400000 7.973050e+03 
2993550000 7.976375e+03 
2995700000 7.974025e+03 
2997850000 7.953025e+03 
3000000000 7.976550e+03 

END
