IGOR
WAVES/D/O sweep,sig(1) 
BEGIN
2570000000 7.975625e+03 
2.572150e+09 7.992350e+03 
2574300000 7.965350e+03 
2576450000 8.001575e+03 
2578600000 7.963225e+03 
2.580750e+09 7.963925e+03 
2582900000 7.988900e+03 
2585050000 7.971350e+03 
2.587200e+09 7.972825e+03 
2589350000 7.974825e+03 
2591500000 7.973850e+03 
2593650000 7.951275e+03 
2.595800e+09 7.973575e+03 
2597950000 7.966625e+03 
2600100000 7.998375e+03 
2.602250e+09 7.982575e+03 
2604400000 7.952425e+03 
2606550000 7.963400e+03 
2608700000 7.974850e+03 
2.610850e+09 7996 
2613000000 7.985075e+03 
2615150000 8.006500e+03 
2.617300e+09 7.974575e+03 
2619450000 7.990675e+03 
2621600000 7.972875e+03 
2623750000 7.975350e+03 
2.625900e+09 7.976575e+03 
2628050000 7.956175e+03 
2630200000 7.932225e+03 
2.632350e+09 7.938350e+03 
2634500000 7.915925e+03 
2636650000 7.952650e+03 
2638800000 7.954775e+03 
2.640950e+09 7953 
2643100000 7.953575e+03 
2645250000 7.939300e+03 
2.647400e+09 7.983050e+03 
2649550000 7.974725e+03 
2651700000 7.983050e+03 
2653850000 7.973700e+03 
2.656000e+09 7.971900e+03 
2658150000 7.975050e+03 
2660300000 7.970175e+03 
2.662450e+09 7.933300e+03 
2664600000 7.944450e+03 
2666750000 7.927950e+03 
2668900000 7.929725e+03 
2.671050e+09 7.917375e+03 
2673200000 7910 
2675350000 7.917350e+03 
2677500000 7.916400e+03 
2679650000 7.953400e+03 
2681800000 7.950050e+03 
2683950000 7.990250e+03 
2.686100e+09 7.977225e+03 
2688250000 7.973950e+03 
2690400000 7.972350e+03 
2692550000 7.986975e+03 
2694700000 7.970050e+03 
2696850000 7.964875e+03 
2699000000 7.966750e+03 
2.701150e+09 7.942975e+03 
2703300000 7.912675e+03 
2705450000 7.914350e+03 
2707600000 7905 
2.709750e+09 7.908300e+03 
2711900000 7922 
2714050000 7.942950e+03 
2.716200e+09 7.938350e+03 
2718350000 7.967800e+03 
2720500000 7.963225e+03 
2722650000 7.956175e+03 
2724800000 7.962875e+03 
2726950000 7.988450e+03 
2729100000 7.960450e+03 
2.731250e+09 7.949925e+03 
2733400000 7.952175e+03 
2735550000 7.952175e+03 
2737700000 7.936225e+03 
2.739850e+09 7.958775e+03 
2742000000 7.950275e+03 
2744150000 7.946950e+03 
2.746300e+09 7.967200e+03 
2748450000 7.951325e+03 
2750600000 7.978875e+03 
2752750000 7.959300e+03 
2754900000 7.974675e+03 
2757050000 7.967425e+03 
2759200000 8.005375e+03 
2.761350e+09 7.977100e+03 
2763500000 7.986175e+03 
2765650000 7.953800e+03 
2767800000 7.994250e+03 
2.769950e+09 7.978725e+03 
2772100000 7.992475e+03 
2774250000 7.976425e+03 
2.776400e+09 7.991400e+03 
2778550000 7.989350e+03 
2780700000 8.005475e+03 
2782850000 7.985625e+03 
2785000000 7.990850e+03 
2787150000 7.995900e+03 
2789300000 7.990425e+03 
2791450000 7.997850e+03 
2793600000 7.993150e+03 
2795750000 7.974175e+03 
2797900000 8.008100e+03 
2.800050e+09 7.984075e+03 
2802200000 7.984450e+03 
2804350000 7.973200e+03 
2806500000 7954 
2808650000 7.985300e+03 
2810800000 7.991650e+03 
2812950000 7.998875e+03 
2815100000 7999 
2817250000 7.977600e+03 
2819400000 7.983725e+03 
2821550000 7979 
2823700000 7983 
2825850000 7.980600e+03 
2828000000 7.988150e+03 
2.830150e+09 7.980200e+03 
2832300000 7.986950e+03 
2834450000 8.016825e+03 
2836600000 7.984500e+03 
2838750000 7.991275e+03 
2840900000 8.000825e+03 
2843050000 7.979900e+03 
2845200000 7.989375e+03 
2847350000 7.996700e+03 
2849500000 7.991400e+03 
2851650000 8.004725e+03 
2853800000 7.995725e+03 
2855950000 7.995025e+03 
2858100000 7.974225e+03 
2.860250e+09 7.995650e+03 
2862400000 7.982375e+03 
2864550000 7.971150e+03 
2866700000 7.967850e+03 
2868850000 7.985100e+03 
2871000000 7.972975e+03 
2873150000 7.984400e+03 
2875300000 7.982300e+03 
2877450000 7.987625e+03 
2879600000 7.982025e+03 
2881750000 8.010875e+03 
2883900000 7.986200e+03 
2886050000 7.996250e+03 
2888200000 8.002675e+03 
2.890350e+09 7.999575e+03 
2892500000 7.985050e+03 
2894650000 7.999750e+03 
2896800000 7.978900e+03 
2898950000 7.998250e+03 
2901100000 7965 
2903250000 7.987350e+03 
2905400000 7.979850e+03 
2907550000 7.988175e+03 
2909700000 7.984775e+03 
2911850000 7.992800e+03 
2914000000 7971 
2916150000 7.985075e+03 
2918300000 7.965600e+03 
2920450000 7.967075e+03 
2922600000 7.968050e+03 
2924750000 7.982325e+03 
2926900000 7.974200e+03 
2929050000 7.971675e+03 
2931200000 7.965400e+03 
2933350000 7.966250e+03 
2935500000 7.979425e+03 
2937650000 7.984550e+03 
2939800000 7.964575e+03 
2941950000 7.970275e+03 
2.944100e+09 7.984600e+03 
2946250000 7.990175e+03 
2948400000 7.979825e+03 
2950550000 7.963925e+03 
2952700000 7.978300e+03 
2954850000 7.989425e+03 
2957000000 7.961275e+03 
2959150000 7.955475e+03 
2961300000 7.973550e+03 
2963450000 7.982450e+03 
2965600000 7.993500e+03 
2967750000 7.954225e+03 
2969900000 7.962800e+03 
2972050000 7.964250e+03 
2974200000 7.969400e+03 
2976350000 7.989675e+03 
2978500000 7.991700e+03 
2980650000 7.978800e+03 
2982800000 7.999825e+03 
2984950000 7.981300e+03 
2987100000 7.960175e+03 
2989250000 7.956200e+03 
2991400000 7.970975e+03 
2993550000 7.978175e+03 
2995700000 7.995450e+03 
2997850000 7.956975e+03 
3000000000 7.964700e+03 

END
