IGOR
WAVES/D/O sweep,sig(1) 
BEGIN
2570000000 8.072575e+03 
2.572150e+09 8.071525e+03 
2574300000 8.052350e+03 
2576450000 8.055650e+03 
2578600000 8.033175e+03 
2.580750e+09 8.034125e+03 
2582900000 8.048200e+03 
2585050000 8.060650e+03 
2.587200e+09 8.050525e+03 
2589350000 8.043975e+03 
2591500000 8.072400e+03 
2593650000 8.037800e+03 
2.595800e+09 8.069150e+03 
2597950000 8.074775e+03 
2600100000 8.045275e+03 
2.602250e+09 8.059650e+03 
2604400000 8.068450e+03 
2606550000 8.076425e+03 
2608700000 8.058600e+03 
2.610850e+09 8.070750e+03 
2613000000 8.071400e+03 
2615150000 8.033875e+03 
2.617300e+09 8.049950e+03 
2619450000 8.042875e+03 
2621600000 8.041300e+03 
2623750000 8.062400e+03 
2.625900e+09 8.052050e+03 
2628050000 8.032900e+03 
2630200000 8.046350e+03 
2.632350e+09 8.046600e+03 
2634500000 8.051125e+03 
2636650000 8.044400e+03 
2638800000 8.057550e+03 
2.640950e+09 8.056450e+03 
2643100000 8.038050e+03 
2645250000 8.050050e+03 
2.647400e+09 8.052175e+03 
2649550000 8.043425e+03 
2651700000 8.056950e+03 
2653850000 8.035075e+03 
2.656000e+09 8.036425e+03 
2658150000 8.074125e+03 
2660300000 8.042650e+03 
2.662450e+09 8.021275e+03 
2664600000 8.042950e+03 
2666750000 8.045175e+03 
2668900000 8.048750e+03 
2.671050e+09 8.078500e+03 
2673200000 8.058225e+03 
2675350000 8.042325e+03 
2677500000 8.052625e+03 
2679650000 8.022900e+03 
2681800000 8.064300e+03 
2683950000 8042 
2.686100e+09 8.036250e+03 
2688250000 8.037375e+03 
2690400000 8.051575e+03 
2692550000 8.061025e+03 
2694700000 8.057050e+03 
2696850000 8.023725e+03 
2699000000 8.018425e+03 
2.701150e+09 8.049925e+03 
2703300000 8.025675e+03 
2705450000 8.050725e+03 
2707600000 8.030900e+03 
2.709750e+09 8.042450e+03 
2711900000 8.064100e+03 
2714050000 8.040150e+03 
2.716200e+09 8.049450e+03 
2718350000 8.054500e+03 
2720500000 8.036825e+03 
2722650000 8.028900e+03 
2724800000 8.036750e+03 
2726950000 8.032600e+03 
2729100000 8.032825e+03 
2.731250e+09 8.053975e+03 
2733400000 8.041250e+03 
2735550000 8.033450e+03 
2737700000 8.041100e+03 
2.739850e+09 8.031425e+03 
2742000000 8.033750e+03 
2744150000 8.047575e+03 
2.746300e+09 8.050550e+03 
2748450000 8.029225e+03 
2750600000 8.019750e+03 
2752750000 8.036600e+03 
2754900000 8051 
2757050000 8.024425e+03 
2759200000 8.032450e+03 
2.761350e+09 8.034575e+03 
2763500000 8.032750e+03 
2765650000 8.052175e+03 
2767800000 8.019375e+03 
2.769950e+09 8.028050e+03 
2772100000 8.020625e+03 
2774250000 8.015475e+03 
2.776400e+09 8.017675e+03 
2778550000 8.011150e+03 
2780700000 7.983275e+03 
2782850000 7.927100e+03 
2785000000 7.896800e+03 
2787150000 7.867950e+03 
2789300000 7.866125e+03 
2791450000 7.881400e+03 
2793600000 7.874525e+03 
2795750000 7.862450e+03 
2797900000 7.881575e+03 
2.800050e+09 7.878750e+03 
2802200000 7.899375e+03 
2804350000 7.914725e+03 
2806500000 7.969250e+03 
2808650000 7.975800e+03 
2810800000 8.011425e+03 
2812950000 7.999825e+03 
2815100000 8.037675e+03 
2817250000 8.029250e+03 
2819400000 8.022250e+03 
2821550000 8.047050e+03 
2823700000 8.044925e+03 
2825850000 8.048825e+03 
2828000000 8.045250e+03 
2.830150e+09 8.028125e+03 
2832300000 8.056550e+03 
2834450000 8.066275e+03 
2836600000 8.040925e+03 
2838750000 8.027775e+03 
2840900000 8.021975e+03 
2843050000 8.055475e+03 
2845200000 8.033350e+03 
2847350000 8.029875e+03 
2849500000 8.036825e+03 
2851650000 8.037650e+03 
2853800000 8.032075e+03 
2855950000 8.029600e+03 
2858100000 8.027100e+03 
2.860250e+09 8.040900e+03 
2862400000 8.063950e+03 
2864550000 8.030425e+03 
2866700000 8.030250e+03 
2868850000 8.046100e+03 
2871000000 8.046075e+03 
2873150000 8.057250e+03 
2875300000 8.060375e+03 
2877450000 8.060350e+03 
2879600000 8.072025e+03 
2881750000 8.045125e+03 
2883900000 8.025675e+03 
2886050000 8.036775e+03 
2888200000 8.035475e+03 
2.890350e+09 8.022725e+03 
2892500000 8.052475e+03 
2894650000 8.050100e+03 
2896800000 8.031125e+03 
2898950000 8.031125e+03 
2901100000 8.042450e+03 
2903250000 8.046650e+03 
2905400000 8.040400e+03 
2907550000 8.032100e+03 
2909700000 7.995375e+03 
2911850000 8.021075e+03 
2914000000 8.039750e+03 
2916150000 8.030100e+03 
2918300000 8.020775e+03 
2920450000 8.008550e+03 
2922600000 8.024600e+03 
2924750000 8053 
2926900000 8.003850e+03 
2929050000 8.016500e+03 
2931200000 8.038175e+03 
2933350000 8.038750e+03 
2935500000 8.013050e+03 
2937650000 8.046625e+03 
2939800000 8.034800e+03 
2941950000 8.036700e+03 
2.944100e+09 8.026750e+03 
2946250000 7.977950e+03 
2948400000 7.966950e+03 
2950550000 7.928750e+03 
2952700000 7.891825e+03 
2954850000 7.879675e+03 
2957000000 7.855550e+03 
2959150000 7.839675e+03 
2961300000 7.816775e+03 
2963450000 7.827900e+03 
2965600000 7.843975e+03 
2967750000 7.874100e+03 
2969900000 7.902150e+03 
2972050000 7.943825e+03 
2974200000 7.969775e+03 
2976350000 8.009100e+03 
2978500000 8.013575e+03 
2980650000 8.023850e+03 
2982800000 8.029525e+03 
2984950000 8012 
2987100000 8.038850e+03 
2989250000 8.026675e+03 
2991400000 8.043225e+03 
2993550000 8.024750e+03 
2995700000 8.011725e+03 
2997850000 8.021925e+03 
3000000000 8.038350e+03 

END
