IGOR
WAVES/D/O sweep,sig(1) 
BEGIN
2570000000 7.926275e+03 
2.572150e+09 7.926350e+03 
2574300000 7.935825e+03 
2576450000 7.942300e+03 
2578600000 7.942950e+03 
2.580750e+09 7.945275e+03 
2582900000 7.943400e+03 
2585050000 7.929175e+03 
2.587200e+09 7.936925e+03 
2589350000 7.931825e+03 
2591500000 7.939225e+03 
2593650000 7.940900e+03 
2.595800e+09 7.941325e+03 
2597950000 7.953050e+03 
2600100000 7.944325e+03 
2.602250e+09 7.946325e+03 
2604400000 7.937100e+03 
2606550000 7.949275e+03 
2608700000 7.910500e+03 
2.610850e+09 7.921200e+03 
2613000000 7.940100e+03 
2615150000 7.944075e+03 
2.617300e+09 7.942075e+03 
2619450000 7.934700e+03 
2621600000 7.943450e+03 
2623750000 7.905575e+03 
2.625900e+09 7.941950e+03 
2628050000 7.936225e+03 
2630200000 7.908425e+03 
2.632350e+09 7.904500e+03 
2634500000 7.901900e+03 
2636650000 7.883650e+03 
2638800000 7.897925e+03 
2.640950e+09 7.872350e+03 
2643100000 7.872675e+03 
2645250000 7.905475e+03 
2.647400e+09 7.919500e+03 
2649550000 7.935250e+03 
2651700000 7.904500e+03 
2653850000 7.937025e+03 
2.656000e+09 7.908575e+03 
2658150000 7.921600e+03 
2660300000 7.921950e+03 
2.662450e+09 7.914025e+03 
2664600000 7.864475e+03 
2666750000 7.884675e+03 
2668900000 7.883925e+03 
2.671050e+09 7.854700e+03 
2673200000 7.874825e+03 
2675350000 7.886100e+03 
2677500000 7.892825e+03 
2679650000 7.887475e+03 
2681800000 7.919275e+03 
2683950000 7.925375e+03 
2.686100e+09 7.947925e+03 
2688250000 7.938850e+03 
2690400000 7.938750e+03 
2692550000 7.934950e+03 
2694700000 7.941750e+03 
2696850000 7.942750e+03 
2699000000 7.908925e+03 
2.701150e+09 7.898350e+03 
2703300000 7.873925e+03 
2705450000 7.901875e+03 
2707600000 7.884300e+03 
2.709750e+09 7.885925e+03 
2711900000 7.876775e+03 
2714050000 7.900375e+03 
2.716200e+09 7.895700e+03 
2718350000 7.905725e+03 
2720500000 7.922475e+03 
2722650000 7.928225e+03 
2724800000 7.931475e+03 
2726950000 7.959925e+03 
2729100000 7.903975e+03 
2.731250e+09 7.910025e+03 
2733400000 7.932650e+03 
2735550000 7.890550e+03 
2737700000 7.903575e+03 
2.739850e+09 7.906375e+03 
2742000000 7.916225e+03 
2744150000 7.918325e+03 
2.746300e+09 7.923975e+03 
2748450000 7.918200e+03 
2750600000 7.922250e+03 
2752750000 7925 
2754900000 7.939900e+03 
2757050000 7.922700e+03 
2759200000 7.926325e+03 
2.761350e+09 7.913300e+03 
2763500000 7.934325e+03 
2765650000 7.913775e+03 
2767800000 7.931700e+03 
2.769950e+09 7.918775e+03 
2772100000 7.919725e+03 
2774250000 7.956925e+03 
2.776400e+09 7.933100e+03 
2778550000 7.930300e+03 
2780700000 7929 
2782850000 7.919425e+03 
2785000000 7.911725e+03 
2787150000 7.932300e+03 
2789300000 7.925125e+03 
2791450000 7.923900e+03 
2793600000 7.928625e+03 
2795750000 7.942775e+03 
2797900000 7.932550e+03 
2.800050e+09 7.903200e+03 
2802200000 7.927850e+03 
2804350000 7.932625e+03 
2806500000 7.916550e+03 
2808650000 7.911200e+03 
2810800000 7.911325e+03 
2812950000 7.920100e+03 
2815100000 7.899550e+03 
2817250000 7.911675e+03 
2819400000 7.928700e+03 
2821550000 7.913550e+03 
2823700000 7.926800e+03 
2825850000 7.918650e+03 
2828000000 7.918675e+03 
2.830150e+09 7.901350e+03 
2832300000 7.942550e+03 
2834450000 7.917450e+03 
2836600000 7.906775e+03 
2838750000 7.930600e+03 
2840900000 7.937925e+03 
2843050000 7.939575e+03 
2845200000 7.914100e+03 
2847350000 7.916650e+03 
2849500000 7.933425e+03 
2851650000 7.916025e+03 
2853800000 7.933275e+03 
2855950000 7.892550e+03 
2858100000 7.901450e+03 
2.860250e+09 7.914750e+03 
2862400000 7.887400e+03 
2864550000 7.920825e+03 
2866700000 7.932650e+03 
2868850000 7.915575e+03 
2871000000 7.936875e+03 
2873150000 7.915575e+03 
2875300000 7.901250e+03 
2877450000 7.929450e+03 
2879600000 7.901675e+03 
2881750000 7.944625e+03 
2883900000 7.931775e+03 
2886050000 7.906225e+03 
2888200000 7.905350e+03 
2.890350e+09 7.902250e+03 
2892500000 7.905100e+03 
2894650000 7.900500e+03 
2896800000 7.925925e+03 
2898950000 7.897100e+03 
2901100000 7.888175e+03 
2903250000 7.899250e+03 
2905400000 7.877275e+03 
2907550000 7.920825e+03 
2909700000 7.901225e+03 
2911850000 7.918400e+03 
2914000000 7.906075e+03 
2916150000 7.919250e+03 
2918300000 7.906875e+03 
2920450000 7.885600e+03 
2922600000 7882 
2924750000 7.880025e+03 
2926900000 7.885750e+03 
2929050000 7.902600e+03 
2931200000 7.904675e+03 
2933350000 7.900950e+03 
2935500000 7.888800e+03 
2937650000 7.902425e+03 
2939800000 7.908825e+03 
2941950000 7.896650e+03 
2.944100e+09 7.899575e+03 
2946250000 7.903475e+03 
2948400000 7.928825e+03 
2950550000 7.890625e+03 
2952700000 7.861200e+03 
2954850000 7.902600e+03 
2957000000 7.881400e+03 
2959150000 7.870300e+03 
2961300000 7.874325e+03 
2963450000 7.875625e+03 
2965600000 7.864850e+03 
2967750000 7.894975e+03 
2969900000 7.892350e+03 
2972050000 7.857775e+03 
2974200000 7.904800e+03 
2976350000 7.880125e+03 
2978500000 7.887650e+03 
2980650000 7.899200e+03 
2982800000 7.872625e+03 
2984950000 7.879750e+03 
2987100000 7.882900e+03 
2989250000 7.881525e+03 
2991400000 7.883025e+03 
2993550000 7.881250e+03 
2995700000 7.882575e+03 
2997850000 7.895150e+03 
3000000000 7.877925e+03 

END
