IGOR
WAVES/D/O sweep,sig(1) 
BEGIN
2570000000 7.998150e+03 
2.572150e+09 7.971350e+03 
2574300000 7.978375e+03 
2576450000 7.959150e+03 
2578600000 8.000175e+03 
2.580750e+09 7.959825e+03 
2582900000 7.981325e+03 
2585050000 7.958375e+03 
2.587200e+09 7.960150e+03 
2589350000 7.980900e+03 
2591500000 7.960675e+03 
2593650000 7.974825e+03 
2.595800e+09 7.959775e+03 
2597950000 7.974275e+03 
2600100000 7.940850e+03 
2.602250e+09 7.989950e+03 
2604400000 7.977600e+03 
2606550000 7.977475e+03 
2608700000 7.964700e+03 
2.610850e+09 7.967925e+03 
2613000000 7.970900e+03 
2615150000 7.993500e+03 
2.617300e+09 7.989375e+03 
2619450000 7.994900e+03 
2621600000 7995 
2623750000 7.973175e+03 
2.625900e+09 7.987950e+03 
2628050000 7.960025e+03 
2630200000 7.965225e+03 
2.632350e+09 7.959800e+03 
2634500000 7.923150e+03 
2636650000 7.908600e+03 
2638800000 7.930425e+03 
2.640950e+09 7.942700e+03 
2643100000 7.943725e+03 
2645250000 7.929025e+03 
2.647400e+09 7.974575e+03 
2649550000 7.960025e+03 
2651700000 7.969325e+03 
2653850000 7.984300e+03 
2.656000e+09 7.990850e+03 
2658150000 7.975900e+03 
2660300000 7.967425e+03 
2.662450e+09 7.950975e+03 
2664600000 7.951700e+03 
2666750000 7.921950e+03 
2668900000 7.906625e+03 
2.671050e+09 7.891400e+03 
2673200000 7899 
2675350000 7.947825e+03 
2677500000 7.955350e+03 
2679650000 7.962800e+03 
2681800000 7.972400e+03 
2683950000 7.984950e+03 
2.686100e+09 7.966950e+03 
2688250000 7.968625e+03 
2690400000 7.975650e+03 
2692550000 7.971625e+03 
2694700000 7.982650e+03 
2696850000 7.979800e+03 
2699000000 7.983425e+03 
2.701150e+09 7.940025e+03 
2703300000 7.922625e+03 
2705450000 7.950675e+03 
2707600000 7.908400e+03 
2.709750e+09 7.934375e+03 
2711900000 7.920900e+03 
2714050000 7.917175e+03 
2.716200e+09 7.931900e+03 
2718350000 7.956925e+03 
2720500000 7.985500e+03 
2722650000 7.952150e+03 
2724800000 7.954175e+03 
2726950000 7.966250e+03 
2729100000 7.955675e+03 
2.731250e+09 7.935250e+03 
2733400000 7.933150e+03 
2735550000 7.934225e+03 
2737700000 7.941575e+03 
2.739850e+09 7.919900e+03 
2742000000 7.958850e+03 
2744150000 7.948550e+03 
2.746300e+09 7.962250e+03 
2748450000 7.954700e+03 
2750600000 7.992125e+03 
2752750000 7.985100e+03 
2754900000 7.983550e+03 
2757050000 7.974650e+03 
2759200000 7.964575e+03 
2.761350e+09 7.979550e+03 
2763500000 7.999125e+03 
2765650000 7.990450e+03 
2767800000 7.970475e+03 
2.769950e+09 7.980400e+03 
2772100000 7.984375e+03 
2774250000 7.966375e+03 
2.776400e+09 7.979450e+03 
2778550000 7.973700e+03 
2780700000 8.004525e+03 
2782850000 8.008600e+03 
2785000000 7.979925e+03 
2787150000 7.981825e+03 
2789300000 7.986625e+03 
2791450000 7.973075e+03 
2793600000 7.963425e+03 
2795750000 7.989225e+03 
2797900000 8.000075e+03 
2.800050e+09 8.000775e+03 
2802200000 7.962500e+03 
2804350000 7.977175e+03 
2806500000 7.975875e+03 
2808650000 7.967200e+03 
2810800000 7.974500e+03 
2812950000 7.973975e+03 
2815100000 7977 
2817250000 7.990875e+03 
2819400000 7.995050e+03 
2821550000 7.996500e+03 
2823700000 7.982600e+03 
2825850000 7.979600e+03 
2828000000 7.970625e+03 
2.830150e+09 7.997875e+03 
2832300000 7.984525e+03 
2834450000 7966 
2836600000 7.997425e+03 
2838750000 7.960300e+03 
2840900000 7.974100e+03 
2843050000 8.001575e+03 
2845200000 7.984900e+03 
2847350000 7.982125e+03 
2849500000 7.973700e+03 
2851650000 7.981550e+03 
2853800000 7.965350e+03 
2855950000 7.971425e+03 
2858100000 7.967150e+03 
2.860250e+09 7.972925e+03 
2862400000 7.986375e+03 
2864550000 7.995575e+03 
2866700000 7.982450e+03 
2868850000 7.972350e+03 
2871000000 8.006700e+03 
2873150000 7.977225e+03 
2875300000 8.002050e+03 
2877450000 7.985900e+03 
2879600000 7.963800e+03 
2881750000 7.983300e+03 
2883900000 7.968550e+03 
2886050000 7.970575e+03 
2888200000 7.969525e+03 
2.890350e+09 7.962225e+03 
2892500000 7.960825e+03 
2894650000 7.965875e+03 
2896800000 7.967600e+03 
2898950000 7.973675e+03 
2901100000 7.974675e+03 
2903250000 7.963325e+03 
2905400000 8.001825e+03 
2907550000 7.987975e+03 
2909700000 7.967500e+03 
2911850000 7.968475e+03 
2914000000 7981 
2916150000 8.001075e+03 
2918300000 7.973825e+03 
2920450000 7.988125e+03 
2922600000 7.991875e+03 
2924750000 7.975350e+03 
2926900000 7.967700e+03 
2929050000 7.984450e+03 
2931200000 7.966750e+03 
2933350000 7.992575e+03 
2935500000 7.985225e+03 
2937650000 7.976825e+03 
2939800000 7.963225e+03 
2941950000 7.959825e+03 
2.944100e+09 7.957800e+03 
2946250000 7.986500e+03 
2948400000 7.953275e+03 
2950550000 7.975250e+03 
2952700000 8.000875e+03 
2954850000 7.994325e+03 
2957000000 8.007475e+03 
2959150000 7.983050e+03 
2961300000 7.976925e+03 
2963450000 7.988225e+03 
2965600000 7.988075e+03 
2967750000 7.989775e+03 
2969900000 7.978975e+03 
2972050000 7.974950e+03 
2974200000 7.980500e+03 
2976350000 7.976125e+03 
2978500000 7.980125e+03 
2980650000 7.953650e+03 
2982800000 7.970500e+03 
2984950000 7.977600e+03 
2987100000 7.969825e+03 
2989250000 7.960425e+03 
2991400000 7.981375e+03 
2993550000 7.964350e+03 
2995700000 7.994325e+03 
2997850000 7.966200e+03 
3000000000 7.959475e+03 

END
