IGOR
WAVES/D/O sweep,sig(1) 
BEGIN
2570000000 7.950175e+03 
2.572150e+09 7.949250e+03 
2574300000 7.957750e+03 
2576450000 7.944150e+03 
2578600000 7.974875e+03 
2.580750e+09 7.978200e+03 
2582900000 7.970525e+03 
2585050000 7.959575e+03 
2.587200e+09 7.951250e+03 
2589350000 7.942275e+03 
2591500000 7.976275e+03 
2593650000 7.942975e+03 
2.595800e+09 7.961375e+03 
2597950000 7.949825e+03 
2600100000 7.957625e+03 
2.602250e+09 7.965225e+03 
2604400000 7.960175e+03 
2606550000 7.957200e+03 
2608700000 7.964025e+03 
2.610850e+09 7.942900e+03 
2613000000 7.939200e+03 
2615150000 7.942025e+03 
2.617300e+09 7.962125e+03 
2619450000 7.951150e+03 
2621600000 7.958525e+03 
2623750000 7.961400e+03 
2.625900e+09 7.951950e+03 
2628050000 7.949725e+03 
2630200000 7.945750e+03 
2.632350e+09 7.914175e+03 
2634500000 7.931625e+03 
2636650000 7.924175e+03 
2638800000 7.899950e+03 
2.640950e+09 7.896950e+03 
2643100000 7.926250e+03 
2645250000 7.950900e+03 
2.647400e+09 7.940925e+03 
2649550000 7.948825e+03 
2651700000 7.956375e+03 
2653850000 7.991150e+03 
2.656000e+09 7.953200e+03 
2658150000 7.958700e+03 
2660300000 7.946275e+03 
2.662450e+09 7941 
2664600000 7.919475e+03 
2666750000 7.895675e+03 
2668900000 7.896675e+03 
2.671050e+09 7.888575e+03 
2673200000 7.878100e+03 
2675350000 7.891400e+03 
2677500000 7941 
2679650000 7.922600e+03 
2681800000 7.941675e+03 
2683950000 7.952325e+03 
2.686100e+09 7.957175e+03 
2688250000 7.962600e+03 
2690400000 7.975900e+03 
2692550000 7.959075e+03 
2694700000 7.946675e+03 
2696850000 7.979875e+03 
2699000000 7.955450e+03 
2.701150e+09 7.926650e+03 
2703300000 7.899025e+03 
2705450000 7.922150e+03 
2707600000 7.880350e+03 
2.709750e+09 7.901925e+03 
2711900000 7.916700e+03 
2714050000 7.933925e+03 
2.716200e+09 7.931800e+03 
2718350000 7.947250e+03 
2720500000 7.959825e+03 
2722650000 7.977675e+03 
2724800000 7.959700e+03 
2726950000 7.946500e+03 
2729100000 7.967550e+03 
2.731250e+09 7954 
2733400000 7.936725e+03 
2735550000 7.933550e+03 
2737700000 7.923925e+03 
2.739850e+09 7.924250e+03 
2742000000 7.941950e+03 
2744150000 7.938950e+03 
2.746300e+09 7.920975e+03 
2748450000 7.939750e+03 
2750600000 7.961425e+03 
2752750000 7.966725e+03 
2754900000 7.974375e+03 
2757050000 7.965400e+03 
2759200000 7979 
2.761350e+09 7.959850e+03 
2763500000 7.950925e+03 
2765650000 7.952925e+03 
2767800000 7.969325e+03 
2.769950e+09 7983 
2772100000 7.984400e+03 
2774250000 7.974125e+03 
2.776400e+09 7.960275e+03 
2778550000 7.965750e+03 
2780700000 7.962075e+03 
2782850000 7.982575e+03 
2785000000 7.975125e+03 
2787150000 7.974750e+03 
2789300000 7.958575e+03 
2791450000 7.976975e+03 
2793600000 7.981450e+03 
2795750000 7.971125e+03 
2797900000 7.984875e+03 
2.800050e+09 7.967625e+03 
2802200000 7.969575e+03 
2804350000 7.978750e+03 
2806500000 7.958400e+03 
2808650000 7.967250e+03 
2810800000 7.977325e+03 
2812950000 7.963775e+03 
2815100000 7.989650e+03 
2817250000 7.960650e+03 
2819400000 7.988475e+03 
2821550000 7966 
2823700000 7.970825e+03 
2825850000 7.972250e+03 
2828000000 7.987200e+03 
2.830150e+09 7.976275e+03 
2832300000 7.977500e+03 
2834450000 7.957625e+03 
2836600000 7.989250e+03 
2838750000 7.977750e+03 
2840900000 7.956825e+03 
2843050000 7.945800e+03 
2845200000 7.963975e+03 
2847350000 7.958650e+03 
2849500000 7.970725e+03 
2851650000 7.967775e+03 
2853800000 7.972375e+03 
2855950000 7.967400e+03 
2858100000 7.968775e+03 
2.860250e+09 7.978875e+03 
2862400000 7.954700e+03 
2864550000 8.011775e+03 
2866700000 7.992425e+03 
2868850000 7.972575e+03 
2871000000 7.949800e+03 
2873150000 7.971475e+03 
2875300000 7.958775e+03 
2877450000 7.976725e+03 
2879600000 7.965050e+03 
2881750000 7.963650e+03 
2883900000 7.973875e+03 
2886050000 7.965125e+03 
2888200000 7.970675e+03 
2.890350e+09 7.968550e+03 
2892500000 7.981700e+03 
2894650000 7.959225e+03 
2896800000 7.974050e+03 
2898950000 7.987825e+03 
2901100000 7.972275e+03 
2903250000 7.975750e+03 
2905400000 7.984675e+03 
2907550000 7.965775e+03 
2909700000 7.967450e+03 
2911850000 7966 
2914000000 7.957425e+03 
2916150000 7.966925e+03 
2918300000 7980 
2920450000 7.955950e+03 
2922600000 7.949125e+03 
2924750000 7.944400e+03 
2926900000 7.965750e+03 
2929050000 7.974150e+03 
2931200000 7.976300e+03 
2933350000 7.968750e+03 
2935500000 7.988525e+03 
2937650000 7.989450e+03 
2939800000 7.980425e+03 
2941950000 7.973150e+03 
2.944100e+09 7.986100e+03 
2946250000 7.966975e+03 
2948400000 7.975275e+03 
2950550000 7.974900e+03 
2952700000 7.978575e+03 
2954850000 7.956150e+03 
2957000000 7.940100e+03 
2959150000 7.952350e+03 
2961300000 7.984800e+03 
2963450000 7.954575e+03 
2965600000 7.965425e+03 
2967750000 7.956325e+03 
2969900000 7.996750e+03 
2972050000 7.960750e+03 
2974200000 7.969975e+03 
2976350000 7.962575e+03 
2978500000 7.991525e+03 
2980650000 7.976375e+03 
2982800000 7.981875e+03 
2984950000 7.948050e+03 
2987100000 7.972900e+03 
2989250000 7.975550e+03 
2991400000 7.978625e+03 
2993550000 7.981400e+03 
2995700000 7.984875e+03 
2997850000 7.976925e+03 
3000000000 7.957050e+03 

END
