IGOR
WAVES/D/O sweep,sig(1) 
BEGIN
2570000000 8.245875e+03 
2.572150e+09 8.204675e+03 
2574300000 8.202875e+03 
2576450000 8.207875e+03 
2578600000 8.209500e+03 
2.580750e+09 8.216275e+03 
2582900000 8.208725e+03 
2585050000 8.206725e+03 
2.587200e+09 8.224125e+03 
2589350000 8.236150e+03 
2591500000 8.232700e+03 
2593650000 8.207050e+03 
2.595800e+09 8.206725e+03 
2597950000 8.229550e+03 
2600100000 8.219900e+03 
2.602250e+09 8.230700e+03 
2604400000 8.225725e+03 
2606550000 8.221350e+03 
2608700000 8.241250e+03 
2.610850e+09 8.234475e+03 
2613000000 8.192950e+03 
2615150000 8.198050e+03 
2.617300e+09 8.209500e+03 
2619450000 8.231150e+03 
2621600000 8.205025e+03 
2623750000 8.234175e+03 
2.625900e+09 8.195675e+03 
2628050000 8.197250e+03 
2630200000 8.190925e+03 
2.632350e+09 8.193625e+03 
2634500000 8.199875e+03 
2636650000 8.168450e+03 
2638800000 8197 
2.640950e+09 8.186500e+03 
2643100000 8.174025e+03 
2645250000 8.177950e+03 
2.647400e+09 8.187500e+03 
2649550000 8.227900e+03 
2651700000 8.202825e+03 
2653850000 8.188500e+03 
2.656000e+09 8.214425e+03 
2658150000 8.220550e+03 
2660300000 8.208575e+03 
2.662450e+09 8.183775e+03 
2664600000 8.186800e+03 
2666750000 8.171700e+03 
2668900000 8.140925e+03 
2.671050e+09 8.168950e+03 
2673200000 8.198700e+03 
2675350000 8.173725e+03 
2677500000 8.199875e+03 
2679650000 8.173875e+03 
2681800000 8.203800e+03 
2683950000 8.235975e+03 
2.686100e+09 8.213925e+03 
2688250000 8.221325e+03 
2690400000 8.207725e+03 
2692550000 8.211050e+03 
2694700000 8.208100e+03 
2696850000 8.220875e+03 
2699000000 8.196575e+03 
2.701150e+09 8.201650e+03 
2703300000 8.174525e+03 
2705450000 8.151100e+03 
2707600000 8.132050e+03 
2.709750e+09 8.152800e+03 
2711900000 8.180425e+03 
2714050000 8.197525e+03 
2.716200e+09 8214 
2718350000 8.222800e+03 
2720500000 8.230025e+03 
2722650000 8.247200e+03 
2724800000 8.229450e+03 
2726950000 8.226825e+03 
2729100000 8.244950e+03 
2.731250e+09 8.213600e+03 
2733400000 8.207400e+03 
2735550000 8.237950e+03 
2737700000 8.215550e+03 
2.739850e+09 8.183950e+03 
2742000000 8.220425e+03 
2744150000 8.228225e+03 
2.746300e+09 8.242450e+03 
2748450000 8.219775e+03 
2750600000 8.242700e+03 
2752750000 8.250675e+03 
2754900000 8257 
2757050000 8.230900e+03 
2759200000 8.241350e+03 
2.761350e+09 8.241750e+03 
2763500000 8.245800e+03 
2765650000 8.242325e+03 
2767800000 8.256675e+03 
2.769950e+09 8.218150e+03 
2772100000 8.228200e+03 
2774250000 8.247850e+03 
2.776400e+09 8.239725e+03 
2778550000 8.248650e+03 
2780700000 8.250250e+03 
2782850000 8.249200e+03 
2785000000 8.250650e+03 
2787150000 8.235725e+03 
2789300000 8.236700e+03 
2791450000 8.225550e+03 
2793600000 8.238750e+03 
2795750000 8.233425e+03 
2797900000 8.250500e+03 
2.800050e+09 8.238075e+03 
2802200000 8.238425e+03 
2804350000 8.233875e+03 
2806500000 8.231900e+03 
2808650000 8.243750e+03 
2810800000 8.217750e+03 
2812950000 8.237825e+03 
2815100000 8248 
2817250000 8.236600e+03 
2819400000 8.227700e+03 
2821550000 8.237575e+03 
2823700000 8.233925e+03 
2825850000 8233 
2828000000 8.248200e+03 
2.830150e+09 8.218100e+03 
2832300000 8.255900e+03 
2834450000 8.216800e+03 
2836600000 8.222750e+03 
2838750000 8.227100e+03 
2840900000 8.242325e+03 
2843050000 8.222825e+03 
2845200000 8.250975e+03 
2847350000 8.224600e+03 
2849500000 8.230850e+03 
2851650000 8.251300e+03 
2853800000 8.242250e+03 
2855950000 8.221375e+03 
2858100000 8.235225e+03 
2.860250e+09 8245 
2862400000 8.244725e+03 
2864550000 8.240250e+03 
2866700000 8.233875e+03 
2868850000 8.241900e+03 
2871000000 8.235625e+03 
2873150000 8.233450e+03 
2875300000 8.255300e+03 
2877450000 8.264725e+03 
2879600000 8.240125e+03 
2881750000 8.223175e+03 
2883900000 8.225900e+03 
2886050000 8.224900e+03 
2888200000 8.222725e+03 
2.890350e+09 8.248450e+03 
2892500000 8.230150e+03 
2894650000 8.238650e+03 
2896800000 8227 
2898950000 8203 
2901100000 8.218950e+03 
2903250000 8204 
2905400000 8.227450e+03 
2907550000 8.226500e+03 
2909700000 8.227875e+03 
2911850000 8.225750e+03 
2914000000 8.249175e+03 
2916150000 8.199875e+03 
2918300000 8.230875e+03 
2920450000 8.232375e+03 
2922600000 8.228275e+03 
2924750000 8.236450e+03 
2926900000 8.227125e+03 
2929050000 8.208475e+03 
2931200000 8.199550e+03 
2933350000 8.221100e+03 
2935500000 8.227325e+03 
2937650000 8.213950e+03 
2939800000 8.212025e+03 
2941950000 8.236500e+03 
2.944100e+09 8.193600e+03 
2946250000 8.215900e+03 
2948400000 8.213975e+03 
2950550000 8.228025e+03 
2952700000 8.225400e+03 
2954850000 8.218250e+03 
2957000000 8.218900e+03 
2959150000 8.229850e+03 
2961300000 8.219025e+03 
2963450000 8.210600e+03 
2965600000 8.219150e+03 
2967750000 8.207975e+03 
2969900000 8213 
2972050000 8.217250e+03 
2974200000 8225 
2976350000 8.221100e+03 
2978500000 8197 
2980650000 8.205325e+03 
2982800000 8.201625e+03 
2984950000 8.236875e+03 
2987100000 8.207025e+03 
2989250000 8.193800e+03 
2991400000 8.225550e+03 
2993550000 8.225725e+03 
2995700000 8.221850e+03 
2997850000 8.203500e+03 
3000000000 8.220725e+03 

END
