IGOR
WAVES/D/O sweep,sig(1) 
BEGIN
2570000000 8.036500e+03 
2.572150e+09 8.035300e+03 
2574300000 8.032750e+03 
2576450000 8.046450e+03 
2578600000 8.044650e+03 
2.580750e+09 8.026650e+03 
2582900000 8.024125e+03 
2585050000 8.020275e+03 
2.587200e+09 8.056225e+03 
2589350000 8.026925e+03 
2591500000 8.036700e+03 
2593650000 8.030625e+03 
2.595800e+09 8.016900e+03 
2597950000 8.026725e+03 
2600100000 8.043200e+03 
2.602250e+09 8.059900e+03 
2604400000 8.038125e+03 
2606550000 8.030450e+03 
2608700000 8.040500e+03 
2.610850e+09 8.036200e+03 
2613000000 8.049725e+03 
2615150000 8.044525e+03 
2.617300e+09 8.038175e+03 
2619450000 8.055950e+03 
2621600000 8.037575e+03 
2623750000 8.020700e+03 
2.625900e+09 8.026100e+03 
2628050000 8.026200e+03 
2630200000 8.022425e+03 
2.632350e+09 7.996225e+03 
2634500000 8.013725e+03 
2636650000 8.022350e+03 
2638800000 7.996450e+03 
2.640950e+09 7.985925e+03 
2643100000 8.015700e+03 
2645250000 8.003300e+03 
2.647400e+09 8.021650e+03 
2649550000 8.021775e+03 
2651700000 8.037500e+03 
2653850000 8.030175e+03 
2.656000e+09 8.013900e+03 
2658150000 8.021825e+03 
2660300000 8.013450e+03 
2.662450e+09 7.993525e+03 
2664600000 7.968825e+03 
2666750000 7.972900e+03 
2668900000 7.929450e+03 
2.671050e+09 7.955150e+03 
2673200000 7.977125e+03 
2675350000 8.002700e+03 
2677500000 8.008900e+03 
2679650000 7.996450e+03 
2681800000 8.016525e+03 
2683950000 8.032875e+03 
2.686100e+09 8.041325e+03 
2688250000 8.046800e+03 
2690400000 8.037850e+03 
2692550000 8.035450e+03 
2694700000 8.045800e+03 
2696850000 8.003250e+03 
2699000000 7.991950e+03 
2.701150e+09 8.005550e+03 
2703300000 7.976475e+03 
2705450000 7.950350e+03 
2707600000 7.954475e+03 
2.709750e+09 7.970225e+03 
2711900000 7.978200e+03 
2714050000 7.973850e+03 
2.716200e+09 8.012475e+03 
2718350000 8.025825e+03 
2720500000 8.010150e+03 
2722650000 8.009350e+03 
2724800000 8.004925e+03 
2726950000 8.033200e+03 
2729100000 8.010600e+03 
2.731250e+09 8.006525e+03 
2733400000 7.993625e+03 
2735550000 7.996850e+03 
2737700000 7991 
2.739850e+09 7.966250e+03 
2742000000 8.011525e+03 
2744150000 7.999975e+03 
2.746300e+09 8.024425e+03 
2748450000 8.028925e+03 
2750600000 8.023725e+03 
2752750000 8.028850e+03 
2754900000 8.043650e+03 
2757050000 8.012675e+03 
2759200000 8.037900e+03 
2.761350e+09 8.041925e+03 
2763500000 8.028725e+03 
2765650000 8.025150e+03 
2767800000 8.046100e+03 
2.769950e+09 8.030375e+03 
2772100000 8.047800e+03 
2774250000 8.021950e+03 
2.776400e+09 8.023400e+03 
2778550000 8.046575e+03 
2780700000 8.044900e+03 
2782850000 8.046325e+03 
2785000000 8.019600e+03 
2787150000 8.042350e+03 
2789300000 8.021975e+03 
2791450000 8.014575e+03 
2793600000 8.030025e+03 
2795750000 8.041450e+03 
2797900000 8.031525e+03 
2.800050e+09 8.030975e+03 
2802200000 8.026675e+03 
2804350000 8.046025e+03 
2806500000 8.023575e+03 
2808650000 8.049475e+03 
2810800000 8.023900e+03 
2812950000 8.031250e+03 
2815100000 8.045275e+03 
2817250000 8.041500e+03 
2819400000 8.016275e+03 
2821550000 8.051825e+03 
2823700000 8.039200e+03 
2825850000 8.043450e+03 
2828000000 8.033300e+03 
2.830150e+09 8.026825e+03 
2832300000 8.021525e+03 
2834450000 8.035275e+03 
2836600000 8.039050e+03 
2838750000 8.043200e+03 
2840900000 8.002075e+03 
2843050000 8.022650e+03 
2845200000 8.033950e+03 
2847350000 8.025675e+03 
2849500000 8.016625e+03 
2851650000 8.029850e+03 
2853800000 8.026900e+03 
2855950000 8.038225e+03 
2858100000 8.037850e+03 
2.860250e+09 8.023850e+03 
2862400000 8.027150e+03 
2864550000 8.021850e+03 
2866700000 8.050900e+03 
2868850000 8.031325e+03 
2871000000 8.024475e+03 
2873150000 8.039150e+03 
2875300000 8.011100e+03 
2877450000 8.030325e+03 
2879600000 8.006350e+03 
2881750000 8.050750e+03 
2883900000 8.035825e+03 
2886050000 8.060575e+03 
2888200000 8.015450e+03 
2.890350e+09 8036 
2892500000 8.017025e+03 
2894650000 8.027725e+03 
2896800000 8.044925e+03 
2898950000 8.039725e+03 
2901100000 8.002525e+03 
2903250000 8.017875e+03 
2905400000 8.028825e+03 
2907550000 8.031450e+03 
2909700000 8.037025e+03 
2911850000 8.020400e+03 
2914000000 8.037925e+03 
2916150000 8.053425e+03 
2918300000 8.025425e+03 
2920450000 8.042850e+03 
2922600000 8.022925e+03 
2924750000 8.045750e+03 
2926900000 8.013450e+03 
2929050000 8.028050e+03 
2931200000 8.024475e+03 
2933350000 8.018975e+03 
2935500000 8.018525e+03 
2937650000 8.032300e+03 
2939800000 8.004550e+03 
2941950000 8.010200e+03 
2.944100e+09 8.008225e+03 
2946250000 8.036125e+03 
2948400000 8.039100e+03 
2950550000 8.029275e+03 
2952700000 8.037075e+03 
2954850000 8.019450e+03 
2957000000 8.046725e+03 
2959150000 8033 
2961300000 8.051175e+03 
2963450000 8.009350e+03 
2965600000 8.030250e+03 
2967750000 8.008125e+03 
2969900000 8.020700e+03 
2972050000 8.025025e+03 
2974200000 8.037050e+03 
2976350000 8.016575e+03 
2978500000 8.016575e+03 
2980650000 8.016625e+03 
2982800000 8.048850e+03 
2984950000 8.032275e+03 
2987100000 8.008600e+03 
2989250000 8.014150e+03 
2991400000 8.036200e+03 
2993550000 8.024225e+03 
2995700000 8.026025e+03 
2997850000 8.018875e+03 
3000000000 8.027550e+03 

END
