IGOR
WAVES/D/O sweep,sig(1) 
BEGIN
2570000000 7.967500e+03 
2.572150e+09 7.953725e+03 
2574300000 7.984550e+03 
2576450000 8.001125e+03 
2578600000 7.963975e+03 
2.580750e+09 7.992600e+03 
2582900000 7.982125e+03 
2585050000 7.961150e+03 
2.587200e+09 7.970600e+03 
2589350000 7.999850e+03 
2591500000 8.004650e+03 
2593650000 7.958925e+03 
2.595800e+09 7.990600e+03 
2597950000 7.976175e+03 
2600100000 7.994275e+03 
2.602250e+09 7.969900e+03 
2604400000 7.981300e+03 
2606550000 7.959425e+03 
2608700000 7.966950e+03 
2.610850e+09 7.987275e+03 
2613000000 7.975500e+03 
2615150000 7.990625e+03 
2.617300e+09 7.975100e+03 
2619450000 7.975625e+03 
2621600000 7.975675e+03 
2623750000 7.981350e+03 
2.625900e+09 7.981075e+03 
2628050000 7.946250e+03 
2630200000 7.936575e+03 
2.632350e+09 7.946900e+03 
2634500000 7.971850e+03 
2636650000 7.956450e+03 
2638800000 7945 
2.640950e+09 7.941525e+03 
2643100000 7.966750e+03 
2645250000 7.968725e+03 
2.647400e+09 7.992350e+03 
2649550000 7.977675e+03 
2651700000 8.002800e+03 
2653850000 7.961300e+03 
2.656000e+09 7.964925e+03 
2658150000 7.962575e+03 
2660300000 7.985050e+03 
2.662450e+09 7.954950e+03 
2664600000 7.941550e+03 
2666750000 7.926475e+03 
2668900000 7.933200e+03 
2.671050e+09 7.910775e+03 
2673200000 7.926450e+03 
2675350000 7.941750e+03 
2677500000 7.943525e+03 
2679650000 7.966075e+03 
2681800000 7970 
2683950000 7.967575e+03 
2.686100e+09 7.991150e+03 
2688250000 7.974650e+03 
2690400000 7.978725e+03 
2692550000 7.979800e+03 
2694700000 7.970450e+03 
2696850000 7.944575e+03 
2699000000 7958 
2.701150e+09 7.915750e+03 
2703300000 7.923225e+03 
2705450000 7.903625e+03 
2707600000 7900 
2.709750e+09 7.925225e+03 
2711900000 7.903450e+03 
2714050000 7921 
2.716200e+09 7.949925e+03 
2718350000 7.960425e+03 
2720500000 7.957125e+03 
2722650000 7.962625e+03 
2724800000 7.949750e+03 
2726950000 7.971250e+03 
2729100000 7.953825e+03 
2.731250e+09 7.949175e+03 
2733400000 7.943125e+03 
2735550000 7.944150e+03 
2737700000 7.965450e+03 
2.739850e+09 7.951625e+03 
2742000000 7.925625e+03 
2744150000 7.937450e+03 
2.746300e+09 7.933950e+03 
2748450000 7.955375e+03 
2750600000 7.963500e+03 
2752750000 7.965325e+03 
2754900000 7.978450e+03 
2757050000 7.958725e+03 
2759200000 7.971375e+03 
2.761350e+09 7.976800e+03 
2763500000 7.992300e+03 
2765650000 7.970550e+03 
2767800000 7.989225e+03 
2.769950e+09 7.972825e+03 
2772100000 7.989150e+03 
2774250000 7.962050e+03 
2.776400e+09 7.982350e+03 
2778550000 7.978275e+03 
2780700000 7.981950e+03 
2782850000 7.972700e+03 
2785000000 8.008300e+03 
2787150000 7.972100e+03 
2789300000 7.978350e+03 
2791450000 7.977300e+03 
2793600000 7.989250e+03 
2795750000 7.969025e+03 
2797900000 7.982275e+03 
2.800050e+09 7.971400e+03 
2802200000 7.990150e+03 
2804350000 7.955500e+03 
2806500000 7.951125e+03 
2808650000 7.990425e+03 
2810800000 7.976650e+03 
2812950000 7.957750e+03 
2815100000 7.960100e+03 
2817250000 7.982675e+03 
2819400000 7.972875e+03 
2821550000 8.000250e+03 
2823700000 7.975050e+03 
2825850000 7.971950e+03 
2828000000 7.955925e+03 
2.830150e+09 8.009475e+03 
2832300000 7.998225e+03 
2834450000 7.951050e+03 
2836600000 7.989100e+03 
2838750000 8.000675e+03 
2840900000 7.982500e+03 
2843050000 7.968175e+03 
2845200000 7.974325e+03 
2847350000 7.974700e+03 
2849500000 7.988675e+03 
2851650000 7.972100e+03 
2853800000 7.958850e+03 
2855950000 7.987200e+03 
2858100000 7.963225e+03 
2.860250e+09 7.975850e+03 
2862400000 7.964275e+03 
2864550000 7.973125e+03 
2866700000 7.961425e+03 
2868850000 7.964525e+03 
2871000000 7.985150e+03 
2873150000 8.017475e+03 
2875300000 7.990150e+03 
2877450000 7.970350e+03 
2879600000 7.976125e+03 
2881750000 7.972425e+03 
2883900000 7982 
2886050000 7.988575e+03 
2888200000 7.996975e+03 
2.890350e+09 7.986075e+03 
2892500000 7.972625e+03 
2894650000 7.991125e+03 
2896800000 7.956125e+03 
2898950000 7.981375e+03 
2901100000 7.974650e+03 
2903250000 7970 
2905400000 7.973375e+03 
2907550000 7983 
2909700000 7.981775e+03 
2911850000 7.980625e+03 
2914000000 7.970025e+03 
2916150000 7.986525e+03 
2918300000 7.990125e+03 
2920450000 7.977250e+03 
2922600000 8.010075e+03 
2924750000 7.972900e+03 
2926900000 7.984750e+03 
2929050000 8.000850e+03 
2931200000 7.982775e+03 
2933350000 7.983300e+03 
2935500000 8.000700e+03 
2937650000 7.974375e+03 
2939800000 7.983450e+03 
2941950000 8.007500e+03 
2.944100e+09 7.978950e+03 
2946250000 7.985800e+03 
2948400000 7.981650e+03 
2950550000 7.974525e+03 
2952700000 7.990400e+03 
2954850000 7.978275e+03 
2957000000 7.971125e+03 
2959150000 7.969625e+03 
2961300000 7.989025e+03 
2963450000 7.981425e+03 
2965600000 7.952150e+03 
2967750000 7.968325e+03 
2969900000 7.982700e+03 
2972050000 7.972450e+03 
2974200000 7.994425e+03 
2976350000 7.983625e+03 
2978500000 7.983675e+03 
2980650000 7.985275e+03 
2982800000 7.994725e+03 
2984950000 7.971975e+03 
2987100000 7.959675e+03 
2989250000 7.981950e+03 
2991400000 7.976950e+03 
2993550000 8.003200e+03 
2995700000 7.973075e+03 
2997850000 7.970700e+03 
3000000000 7.991075e+03 

END
