IGOR
WAVES/D/O sweep,sig(1) 
BEGIN
2570000000 8.186750e+03 
2.572150e+09 8.208575e+03 
2574300000 8.167725e+03 
2576450000 8.205250e+03 
2578600000 8.189550e+03 
2.580750e+09 8.182350e+03 
2582900000 8.201700e+03 
2585050000 8.211675e+03 
2.587200e+09 8210 
2589350000 8.186900e+03 
2591500000 8.183050e+03 
2593650000 8.187825e+03 
2.595800e+09 8.209150e+03 
2597950000 8.187650e+03 
2600100000 8.193700e+03 
2.602250e+09 8.199450e+03 
2604400000 8.196275e+03 
2606550000 8.203325e+03 
2608700000 8.164800e+03 
2.610850e+09 8.205650e+03 
2613000000 8.209200e+03 
2615150000 8.235625e+03 
2.617300e+09 8.197650e+03 
2619450000 8.198925e+03 
2621600000 8.196700e+03 
2623750000 8.202125e+03 
2.625900e+09 8.176625e+03 
2628050000 8.136950e+03 
2630200000 8.181300e+03 
2.632350e+09 8.138225e+03 
2634500000 8.155325e+03 
2636650000 8.144575e+03 
2638800000 8.127325e+03 
2.640950e+09 8.158025e+03 
2643100000 8.129150e+03 
2645250000 8.135575e+03 
2.647400e+09 8148 
2649550000 8.153675e+03 
2651700000 8.146575e+03 
2653850000 8.164450e+03 
2.656000e+09 8.166550e+03 
2658150000 8.167800e+03 
2660300000 8.171275e+03 
2.662450e+09 8.139050e+03 
2664600000 8.126375e+03 
2666750000 8.125300e+03 
2668900000 8.110375e+03 
2.671050e+09 8.119775e+03 
2673200000 8.116625e+03 
2675350000 8.097250e+03 
2677500000 8.139150e+03 
2679650000 8.136250e+03 
2681800000 8.167125e+03 
2683950000 8.149875e+03 
2.686100e+09 8.190450e+03 
2688250000 8.199700e+03 
2690400000 8.200750e+03 
2692550000 8.189400e+03 
2694700000 8.164750e+03 
2696850000 8.153450e+03 
2699000000 8.140075e+03 
2.701150e+09 8.137750e+03 
2703300000 8.099600e+03 
2705450000 8.116250e+03 
2707600000 8.118225e+03 
2.709750e+09 8.116900e+03 
2711900000 8.143250e+03 
2714050000 8.127250e+03 
2.716200e+09 8.143900e+03 
2718350000 8.168975e+03 
2720500000 8.190925e+03 
2722650000 8.182375e+03 
2724800000 8.176050e+03 
2726950000 8.162675e+03 
2729100000 8.162700e+03 
2.731250e+09 8.167850e+03 
2733400000 8.158450e+03 
2735550000 8.141150e+03 
2737700000 8.148250e+03 
2.739850e+09 8.131025e+03 
2742000000 8.181050e+03 
2744150000 8.166350e+03 
2.746300e+09 8150 
2748450000 8.159750e+03 
2750600000 8.148750e+03 
2752750000 8.148600e+03 
2754900000 8.173025e+03 
2757050000 8.144200e+03 
2759200000 8.157850e+03 
2.761350e+09 8.170400e+03 
2763500000 8.172050e+03 
2765650000 8169 
2767800000 8.175175e+03 
2.769950e+09 8.165300e+03 
2772100000 8.173925e+03 
2774250000 8.173300e+03 
2.776400e+09 8.150400e+03 
2778550000 8.158200e+03 
2780700000 8.166525e+03 
2782850000 8166 
2785000000 8.136250e+03 
2787150000 8.160300e+03 
2789300000 8.161875e+03 
2791450000 8.159200e+03 
2793600000 8.152525e+03 
2795750000 8.158625e+03 
2797900000 8.165825e+03 
2.800050e+09 8.162475e+03 
2802200000 8.167200e+03 
2804350000 8.148975e+03 
2806500000 8162 
2808650000 8.157625e+03 
2810800000 8.149175e+03 
2812950000 8.167650e+03 
2815100000 8.163250e+03 
2817250000 8.168275e+03 
2819400000 8.175325e+03 
2821550000 8.160325e+03 
2823700000 8.156425e+03 
2825850000 8.149075e+03 
2828000000 8.158200e+03 
2.830150e+09 8.102225e+03 
2832300000 8.181600e+03 
2834450000 8.155125e+03 
2836600000 8.150175e+03 
2838750000 8.119650e+03 
2840900000 8.139775e+03 
2843050000 8.150725e+03 
2845200000 8.150850e+03 
2847350000 8.173325e+03 
2849500000 8.174575e+03 
2851650000 8.164375e+03 
2853800000 8.149175e+03 
2855950000 8.158750e+03 
2858100000 8.161100e+03 
2.860250e+09 8.154750e+03 
2862400000 8.139525e+03 
2864550000 8.124900e+03 
2866700000 8.121950e+03 
2868850000 8.151775e+03 
2871000000 8.123625e+03 
2873150000 8.126600e+03 
2875300000 8.137600e+03 
2877450000 8.167825e+03 
2879600000 8.162500e+03 
2881750000 8.157275e+03 
2883900000 8.162575e+03 
2886050000 8.153225e+03 
2888200000 8.177975e+03 
2.890350e+09 8.177700e+03 
2892500000 8.155400e+03 
2894650000 8.170375e+03 
2896800000 8179 
2898950000 8.168300e+03 
2901100000 8.165025e+03 
2903250000 8.175400e+03 
2905400000 8.154625e+03 
2907550000 8.182050e+03 
2909700000 8.171575e+03 
2911850000 8.141650e+03 
2914000000 8.128250e+03 
2916150000 8.170300e+03 
2918300000 8.139200e+03 
2920450000 8.146950e+03 
2922600000 8.135100e+03 
2924750000 8.151625e+03 
2926900000 8.154425e+03 
2929050000 8.154875e+03 
2931200000 8.157350e+03 
2933350000 8.165300e+03 
2935500000 8.150425e+03 
2937650000 8.157525e+03 
2939800000 8.167275e+03 
2941950000 8.155200e+03 
2.944100e+09 8.175200e+03 
2946250000 8.180100e+03 
2948400000 8.186425e+03 
2950550000 8.168950e+03 
2952700000 8.165375e+03 
2954850000 8.139075e+03 
2957000000 8.164275e+03 
2959150000 8.157975e+03 
2961300000 8.176025e+03 
2963450000 8.162600e+03 
2965600000 8.178525e+03 
2967750000 8.147925e+03 
2969900000 8.180475e+03 
2972050000 8.153575e+03 
2974200000 8.180150e+03 
2976350000 8.159550e+03 
2978500000 8.169675e+03 
2980650000 8.160975e+03 
2982800000 8.175825e+03 
2984950000 8.149300e+03 
2987100000 8.143475e+03 
2989250000 8.154600e+03 
2991400000 8.149250e+03 
2993550000 8164 
2995700000 8.125975e+03 
2997850000 8.144250e+03 
3000000000 8.173700e+03 

END
