IGOR
WAVES/D/O sweep,sig(1) 
BEGIN
2570000000 7.858250e+03 
2.572150e+09 7.858500e+03 
2574300000 7.866900e+03 
2576450000 7.866175e+03 
2578600000 7.838300e+03 
2.580750e+09 7.837325e+03 
2582900000 7.858150e+03 
2585050000 7.863950e+03 
2.587200e+09 7.852700e+03 
2589350000 7.857150e+03 
2591500000 7.830100e+03 
2593650000 7.862900e+03 
2.595800e+09 7.855875e+03 
2597950000 7.849425e+03 
2600100000 7.853125e+03 
2.602250e+09 7.866700e+03 
2604400000 7831 
2606550000 7.862150e+03 
2608700000 7.856325e+03 
2.610850e+09 7.872850e+03 
2613000000 7.856550e+03 
2615150000 7.860625e+03 
2.617300e+09 7.847575e+03 
2619450000 7.848650e+03 
2621600000 7.845525e+03 
2623750000 7.850400e+03 
2.625900e+09 7.848800e+03 
2628050000 7.846425e+03 
2630200000 7.852875e+03 
2.632350e+09 7.819075e+03 
2634500000 7.821525e+03 
2636650000 7.812175e+03 
2638800000 7.828125e+03 
2.640950e+09 7.808325e+03 
2643100000 7.836725e+03 
2645250000 7.840950e+03 
2.647400e+09 7.853600e+03 
2649550000 7.854850e+03 
2651700000 7.858150e+03 
2653850000 7.857950e+03 
2.656000e+09 7.886625e+03 
2658150000 7.859550e+03 
2660300000 7.858275e+03 
2.662450e+09 7.816300e+03 
2664600000 7819 
2666750000 7.809150e+03 
2668900000 7.774200e+03 
2.671050e+09 7.794350e+03 
2673200000 7.799725e+03 
2675350000 7.839100e+03 
2677500000 7.828100e+03 
2679650000 7.825625e+03 
2681800000 7.841475e+03 
2683950000 7.874250e+03 
2.686100e+09 7.877725e+03 
2688250000 7.868375e+03 
2690400000 7.861300e+03 
2692550000 7.866250e+03 
2694700000 7867 
2696850000 7.841725e+03 
2699000000 7.814725e+03 
2.701150e+09 7.825200e+03 
2703300000 7.792425e+03 
2705450000 7.795475e+03 
2707600000 7.789900e+03 
2.709750e+09 7.789725e+03 
2711900000 7.823725e+03 
2714050000 7.823575e+03 
2.716200e+09 7.833525e+03 
2718350000 7.837625e+03 
2720500000 7.853175e+03 
2722650000 7.868800e+03 
2724800000 7.866500e+03 
2726950000 7.846525e+03 
2729100000 7.848325e+03 
2.731250e+09 7.843925e+03 
2733400000 7.833750e+03 
2735550000 7.831275e+03 
2737700000 7.813550e+03 
2.739850e+09 7.840650e+03 
2742000000 7.852775e+03 
2744150000 7.857100e+03 
2.746300e+09 7.847775e+03 
2748450000 7.847825e+03 
2750600000 7.847050e+03 
2752750000 7.855450e+03 
2754900000 7.858825e+03 
2757050000 7.861950e+03 
2759200000 7.845225e+03 
2.761350e+09 7.867300e+03 
2763500000 7.868600e+03 
2765650000 7.853850e+03 
2767800000 7.864600e+03 
2.769950e+09 7.861375e+03 
2772100000 7.864600e+03 
2774250000 7.852450e+03 
2.776400e+09 7.871350e+03 
2778550000 7.886550e+03 
2780700000 7894 
2782850000 7.910325e+03 
2785000000 7.881900e+03 
2787150000 7.873750e+03 
2789300000 7.851450e+03 
2791450000 7.874300e+03 
2793600000 7.850175e+03 
2795750000 7.878025e+03 
2797900000 7.867275e+03 
2.800050e+09 7.906600e+03 
2802200000 7.867350e+03 
2804350000 7.866950e+03 
2806500000 7.881400e+03 
2808650000 7.885750e+03 
2810800000 7.865900e+03 
2812950000 7.883650e+03 
2815100000 7.857975e+03 
2817250000 7.882200e+03 
2819400000 7.867950e+03 
2821550000 7.879100e+03 
2823700000 7.867200e+03 
2825850000 7.853050e+03 
2828000000 7.864925e+03 
2.830150e+09 7.892825e+03 
2832300000 7.884975e+03 
2834450000 7.878400e+03 
2836600000 7.835975e+03 
2838750000 7.880450e+03 
2840900000 7.887975e+03 
2843050000 7.874675e+03 
2845200000 7.886450e+03 
2847350000 7.856900e+03 
2849500000 7.884250e+03 
2851650000 7882 
2853800000 7.857725e+03 
2855950000 7.875375e+03 
2858100000 7.879200e+03 
2.860250e+09 7.867700e+03 
2862400000 7.859950e+03 
2864550000 7.866350e+03 
2866700000 7.871975e+03 
2868850000 7.901625e+03 
2871000000 7.860950e+03 
2873150000 7.877550e+03 
2875300000 7.885550e+03 
2877450000 7.879025e+03 
2879600000 7.880775e+03 
2881750000 7.873850e+03 
2883900000 7.875675e+03 
2886050000 7.882700e+03 
2888200000 7.881775e+03 
2.890350e+09 7.835300e+03 
2892500000 7.865800e+03 
2894650000 7.861050e+03 
2896800000 7.876050e+03 
2898950000 7.863675e+03 
2901100000 7.875675e+03 
2903250000 7.880625e+03 
2905400000 7.860575e+03 
2907550000 7.883650e+03 
2909700000 7.872300e+03 
2911850000 7.889725e+03 
2914000000 7.884225e+03 
2916150000 7.872950e+03 
2918300000 7.892425e+03 
2920450000 7.884950e+03 
2922600000 7.888875e+03 
2924750000 7.881200e+03 
2926900000 7.863450e+03 
2929050000 7.884800e+03 
2931200000 7.886150e+03 
2933350000 7.875225e+03 
2935500000 7.882650e+03 
2937650000 7.891400e+03 
2939800000 7.859475e+03 
2941950000 7.905675e+03 
2.944100e+09 7879 
2946250000 7.873200e+03 
2948400000 7.890200e+03 
2950550000 7.885525e+03 
2952700000 7.881675e+03 
2954850000 7.862275e+03 
2957000000 7.881650e+03 
2959150000 7.890600e+03 
2961300000 7.873750e+03 
2963450000 7.870900e+03 
2965600000 7.881450e+03 
2967750000 7.867525e+03 
2969900000 7.860575e+03 
2972050000 7.865975e+03 
2974200000 7.882025e+03 
2976350000 7.866600e+03 
2978500000 7.867575e+03 
2980650000 7.867500e+03 
2982800000 7.885350e+03 
2984950000 7.874750e+03 
2987100000 7.858800e+03 
2989250000 7.874250e+03 
2991400000 7.874300e+03 
2993550000 7.882075e+03 
2995700000 7.875050e+03 
2997850000 7.868475e+03 
3000000000 7.883050e+03 

END
