IGOR
WAVES/D/O sweep,sig(1) 
BEGIN
2570000000 8.113275e+03 
2.572150e+09 8.111650e+03 
2574300000 8.124150e+03 
2576450000 8.112750e+03 
2578600000 8.115475e+03 
2.580750e+09 8.105725e+03 
2582900000 8.124925e+03 
2585050000 8.114650e+03 
2.587200e+09 8.120075e+03 
2589350000 8.091900e+03 
2591500000 8.109925e+03 
2593650000 8.115975e+03 
2.595800e+09 8.111125e+03 
2597950000 8.124800e+03 
2600100000 8.112800e+03 
2.602250e+09 8.121550e+03 
2604400000 8.123975e+03 
2606550000 8.107375e+03 
2608700000 8.102775e+03 
2.610850e+09 8.112075e+03 
2613000000 8.124575e+03 
2615150000 8.126075e+03 
2.617300e+09 8.138525e+03 
2619450000 8.107225e+03 
2621600000 8.107500e+03 
2623750000 8.113975e+03 
2.625900e+09 8.102550e+03 
2628050000 8.108775e+03 
2630200000 8.080925e+03 
2.632350e+09 8.100250e+03 
2634500000 8.072450e+03 
2636650000 8.057900e+03 
2638800000 8.089725e+03 
2.640950e+09 8.072175e+03 
2643100000 8.077700e+03 
2645250000 8094 
2.647400e+09 8.109025e+03 
2649550000 8.108850e+03 
2651700000 8.108925e+03 
2653850000 8.124300e+03 
2.656000e+09 8.116950e+03 
2658150000 8.084075e+03 
2660300000 8.096675e+03 
2.662450e+09 8.091600e+03 
2664600000 8.047225e+03 
2666750000 8.050825e+03 
2668900000 8.004450e+03 
2.671050e+09 8.057475e+03 
2673200000 8.033125e+03 
2675350000 8.059250e+03 
2677500000 8.062350e+03 
2679650000 8.078775e+03 
2681800000 8.085975e+03 
2683950000 8.083425e+03 
2.686100e+09 8.110300e+03 
2688250000 8.081250e+03 
2690400000 8.121325e+03 
2692550000 8.113500e+03 
2694700000 8.103650e+03 
2696850000 8.081675e+03 
2699000000 8.068150e+03 
2.701150e+09 8.075525e+03 
2703300000 8.058425e+03 
2705450000 8.048625e+03 
2707600000 8.033800e+03 
2.709750e+09 8.051200e+03 
2711900000 8.050875e+03 
2714050000 8.087175e+03 
2.716200e+09 8.094300e+03 
2718350000 8.120675e+03 
2720500000 8.086250e+03 
2722650000 8.093825e+03 
2724800000 8.110375e+03 
2726950000 8.094050e+03 
2729100000 8.103150e+03 
2.731250e+09 8.095100e+03 
2733400000 8.093775e+03 
2735550000 8.074025e+03 
2737700000 8.091150e+03 
2.739850e+09 8.083225e+03 
2742000000 8.086875e+03 
2744150000 8.077450e+03 
2.746300e+09 8.107600e+03 
2748450000 8.078800e+03 
2750600000 8.097675e+03 
2752750000 8.107075e+03 
2754900000 8.122225e+03 
2757050000 8.139025e+03 
2759200000 8.100875e+03 
2.761350e+09 8.108975e+03 
2763500000 8.117775e+03 
2765650000 8.122325e+03 
2767800000 8.103950e+03 
2.769950e+09 8.098975e+03 
2772100000 8.097175e+03 
2774250000 8.121350e+03 
2.776400e+09 8.092250e+03 
2778550000 8.114800e+03 
2780700000 8.103925e+03 
2782850000 8.102175e+03 
2785000000 8.111650e+03 
2787150000 8.113825e+03 
2789300000 8.105425e+03 
2791450000 8.138350e+03 
2793600000 8.125850e+03 
2795750000 8.101225e+03 
2797900000 8.110900e+03 
2.800050e+09 8.104600e+03 
2802200000 8.100525e+03 
2804350000 8.116525e+03 
2806500000 8.118825e+03 
2808650000 8.115475e+03 
2810800000 8.119400e+03 
2812950000 8.109225e+03 
2815100000 8.109050e+03 
2817250000 8.137175e+03 
2819400000 8.110750e+03 
2821550000 8.123050e+03 
2823700000 8.121300e+03 
2825850000 8.117750e+03 
2828000000 8.105300e+03 
2.830150e+09 8.111475e+03 
2832300000 8.129325e+03 
2834450000 8.111250e+03 
2836600000 8.114550e+03 
2838750000 8.098650e+03 
2840900000 8.123625e+03 
2843050000 8.117375e+03 
2845200000 8.119175e+03 
2847350000 8.125100e+03 
2849500000 8.109725e+03 
2851650000 8.104200e+03 
2853800000 8.109375e+03 
2855950000 8110 
2858100000 8.096525e+03 
2.860250e+09 8.105250e+03 
2862400000 8.118250e+03 
2864550000 8.138350e+03 
2866700000 8.107675e+03 
2868850000 8.104150e+03 
2871000000 8.101500e+03 
2873150000 8.124875e+03 
2875300000 8.122925e+03 
2877450000 8.106400e+03 
2879600000 8.118850e+03 
2881750000 8.126100e+03 
2883900000 8.107950e+03 
2886050000 8.116925e+03 
2888200000 8.114750e+03 
2.890350e+09 8.113625e+03 
2892500000 8.113975e+03 
2894650000 8.115100e+03 
2896800000 8.125100e+03 
2898950000 8.108225e+03 
2901100000 8.111700e+03 
2903250000 8.109675e+03 
2905400000 8.121175e+03 
2907550000 8.101275e+03 
2909700000 8.118350e+03 
2911850000 8.108525e+03 
2914000000 8.121375e+03 
2916150000 8.128250e+03 
2918300000 8.121750e+03 
2920450000 8.126850e+03 
2922600000 8.101675e+03 
2924750000 8.108575e+03 
2926900000 8.108550e+03 
2929050000 8.110875e+03 
2931200000 8.158100e+03 
2933350000 8.115775e+03 
2935500000 8.101600e+03 
2937650000 8.108800e+03 
2939800000 8.095875e+03 
2941950000 8.119425e+03 
2.944100e+09 8.110300e+03 
2946250000 8.087600e+03 
2948400000 8.106700e+03 
2950550000 8.105325e+03 
2952700000 8.117500e+03 
2954850000 8.128475e+03 
2957000000 8099 
2959150000 8.099925e+03 
2961300000 8.117900e+03 
2963450000 8.119225e+03 
2965600000 8.101075e+03 
2967750000 8.099900e+03 
2969900000 8.109025e+03 
2972050000 8.127700e+03 
2974200000 8.110200e+03 
2976350000 8.115350e+03 
2978500000 8122 
2980650000 8.127475e+03 
2982800000 8.120325e+03 
2984950000 8.104725e+03 
2987100000 8.090225e+03 
2989250000 8.117050e+03 
2991400000 8.109250e+03 
2993550000 8.124625e+03 
2995700000 8.122900e+03 
2997850000 8.121050e+03 
3000000000 8.092950e+03 

END
