IGOR
WAVES/D/O sweep,sig(1) 
BEGIN
2570000000 8.077475e+03 
2.572150e+09 8.062325e+03 
2574300000 8068 
2576450000 8.074175e+03 
2578600000 8.048100e+03 
2.580750e+09 8.056950e+03 
2582900000 8.046200e+03 
2585050000 8.056675e+03 
2.587200e+09 8.035900e+03 
2589350000 8.069600e+03 
2591500000 8.038525e+03 
2593650000 8.051800e+03 
2.595800e+09 8.062950e+03 
2597950000 8.076575e+03 
2600100000 8.051525e+03 
2.602250e+09 8.065375e+03 
2604400000 8.072575e+03 
2606550000 8.059875e+03 
2608700000 8.056475e+03 
2.610850e+09 8.066375e+03 
2613000000 8.026725e+03 
2615150000 8.058125e+03 
2.617300e+09 8.057225e+03 
2619450000 8.065425e+03 
2621600000 8.056625e+03 
2623750000 8.049300e+03 
2.625900e+09 8.023775e+03 
2628050000 8.031625e+03 
2630200000 8.031600e+03 
2.632350e+09 8.022575e+03 
2634500000 8.023325e+03 
2636650000 8.000750e+03 
2638800000 8.009200e+03 
2.640950e+09 8.041400e+03 
2643100000 8.019800e+03 
2645250000 8.028825e+03 
2.647400e+09 8.048650e+03 
2649550000 8.058575e+03 
2651700000 8.035100e+03 
2653850000 8.082625e+03 
2.656000e+09 8.031925e+03 
2658150000 8.037350e+03 
2660300000 8.027250e+03 
2.662450e+09 7.993975e+03 
2664600000 8.005100e+03 
2666750000 7.987225e+03 
2668900000 7.995975e+03 
2.671050e+09 7.993800e+03 
2673200000 7.973625e+03 
2675350000 7.956950e+03 
2677500000 8.008600e+03 
2679650000 8.019125e+03 
2681800000 8.045875e+03 
2683950000 8.035950e+03 
2.686100e+09 8.064800e+03 
2688250000 8.047225e+03 
2690400000 8.038950e+03 
2692550000 8.025075e+03 
2694700000 8.043225e+03 
2696850000 8.040500e+03 
2699000000 8.016525e+03 
2.701150e+09 8.011350e+03 
2703300000 8.026475e+03 
2705450000 7.987575e+03 
2707600000 7.988225e+03 
2.709750e+09 7.988350e+03 
2711900000 7.986400e+03 
2714050000 8.007950e+03 
2.716200e+09 8.016175e+03 
2718350000 8.022975e+03 
2720500000 8044 
2722650000 8.069050e+03 
2724800000 8.070725e+03 
2726950000 8.058100e+03 
2729100000 8.023425e+03 
2.731250e+09 8.038600e+03 
2733400000 8.040025e+03 
2735550000 8.038600e+03 
2737700000 8.032875e+03 
2.739850e+09 8.040025e+03 
2742000000 8.048075e+03 
2744150000 8.049250e+03 
2.746300e+09 8.043225e+03 
2748450000 8.044325e+03 
2750600000 8.046050e+03 
2752750000 8.055450e+03 
2754900000 8.067200e+03 
2757050000 8.072500e+03 
2759200000 8.026250e+03 
2.761350e+09 8.051375e+03 
2763500000 8.073800e+03 
2765650000 8.057300e+03 
2767800000 8.061175e+03 
2.769950e+09 8.062300e+03 
2772100000 8.046125e+03 
2774250000 8.040750e+03 
2.776400e+09 8.053925e+03 
2778550000 8.068050e+03 
2780700000 8.043775e+03 
2782850000 8.033925e+03 
2785000000 8.059500e+03 
2787150000 8.054750e+03 
2789300000 8.049900e+03 
2791450000 8.058625e+03 
2793600000 8.053875e+03 
2795750000 8.060175e+03 
2797900000 8.058900e+03 
2.800050e+09 8.074625e+03 
2802200000 8.055175e+03 
2804350000 8.083575e+03 
2806500000 8.053725e+03 
2808650000 8.052650e+03 
2810800000 8.045275e+03 
2812950000 8.043275e+03 
2815100000 8.044700e+03 
2817250000 8.065250e+03 
2819400000 8.060150e+03 
2821550000 8.072875e+03 
2823700000 8042 
2825850000 8.083475e+03 
2828000000 8.053300e+03 
2.830150e+09 8.072525e+03 
2832300000 8.054975e+03 
2834450000 8.060675e+03 
2836600000 8048 
2838750000 8.054075e+03 
2840900000 8.076350e+03 
2843050000 8.044175e+03 
2845200000 8.038975e+03 
2847350000 8.070675e+03 
2849500000 8.046475e+03 
2851650000 8.049125e+03 
2853800000 8.051375e+03 
2855950000 8.034475e+03 
2858100000 8.033350e+03 
2.860250e+09 8.051825e+03 
2862400000 8.070700e+03 
2864550000 8.053375e+03 
2866700000 8.052725e+03 
2868850000 8.040850e+03 
2871000000 8.058400e+03 
2873150000 8.026350e+03 
2875300000 8.057125e+03 
2877450000 8.034625e+03 
2879600000 8.040750e+03 
2881750000 8.046150e+03 
2883900000 8.074775e+03 
2886050000 8.026500e+03 
2888200000 8.086200e+03 
2.890350e+09 8.076375e+03 
2892500000 8.068200e+03 
2894650000 8.065875e+03 
2896800000 8.056675e+03 
2898950000 8.072275e+03 
2901100000 8.058050e+03 
2903250000 8.066400e+03 
2905400000 8.070725e+03 
2907550000 8.070125e+03 
2909700000 8.060925e+03 
2911850000 8.073050e+03 
2914000000 8062 
2916150000 8.067775e+03 
2918300000 8.059525e+03 
2920450000 8.051100e+03 
2922600000 8.056375e+03 
2924750000 8.072025e+03 
2926900000 8.074425e+03 
2929050000 8.058400e+03 
2931200000 8.046350e+03 
2933350000 8.063950e+03 
2935500000 8.070300e+03 
2937650000 8.072075e+03 
2939800000 8.063100e+03 
2941950000 8.055500e+03 
2.944100e+09 8.054275e+03 
2946250000 8.046800e+03 
2948400000 8.058550e+03 
2950550000 8.068700e+03 
2952700000 8.067450e+03 
2954850000 8.040750e+03 
2957000000 8.058425e+03 
2959150000 8.049625e+03 
2961300000 8.068900e+03 
2963450000 8.064075e+03 
2965600000 8.073525e+03 
2967750000 8.065950e+03 
2969900000 8.050825e+03 
2972050000 8.056725e+03 
2974200000 8.047850e+03 
2976350000 8.076275e+03 
2978500000 8.079550e+03 
2980650000 8.064075e+03 
2982800000 8.053175e+03 
2984950000 8.077550e+03 
2987100000 8.065375e+03 
2989250000 8.062250e+03 
2991400000 8.091950e+03 
2993550000 8.050450e+03 
2995700000 8.050050e+03 
2997850000 8.073200e+03 
3000000000 8063 

END
