IGOR
WAVES/D/O sweep,sig(1) 
BEGIN
2570000000 8.031400e+03 
2.572150e+09 8.035850e+03 
2574300000 8026 
2576450000 8.063725e+03 
2578600000 8.046600e+03 
2.580750e+09 8.047400e+03 
2582900000 8.028850e+03 
2585050000 8.061300e+03 
2.587200e+09 8.066850e+03 
2589350000 8.044600e+03 
2591500000 8.038825e+03 
2593650000 8.026425e+03 
2.595800e+09 8053 
2597950000 8.028325e+03 
2600100000 8.046375e+03 
2.602250e+09 8.041100e+03 
2604400000 8.056700e+03 
2606550000 8.037875e+03 
2608700000 8.050950e+03 
2.610850e+09 8.042375e+03 
2613000000 8.062050e+03 
2615150000 8.048550e+03 
2.617300e+09 8.026725e+03 
2619450000 8.008550e+03 
2621600000 8.050325e+03 
2623750000 8.018250e+03 
2.625900e+09 8.046375e+03 
2628050000 8.022050e+03 
2630200000 8.011050e+03 
2.632350e+09 8.020750e+03 
2634500000 8.009800e+03 
2636650000 8.043775e+03 
2638800000 8.020050e+03 
2.640950e+09 8.003425e+03 
2643100000 8.011600e+03 
2645250000 7.992225e+03 
2.647400e+09 8.008150e+03 
2649550000 8.062725e+03 
2651700000 8.072025e+03 
2653850000 8.039250e+03 
2.656000e+09 8.058950e+03 
2658150000 8.032775e+03 
2660300000 7.998875e+03 
2.662450e+09 8.002425e+03 
2664600000 7.998725e+03 
2666750000 7.987700e+03 
2668900000 7.985125e+03 
2.671050e+09 7.963725e+03 
2673200000 7.954425e+03 
2675350000 7.996325e+03 
2677500000 8.000425e+03 
2679650000 7.999800e+03 
2681800000 8.015475e+03 
2683950000 8.085875e+03 
2.686100e+09 8.025750e+03 
2688250000 8.049625e+03 
2690400000 8.059225e+03 
2692550000 8.041650e+03 
2694700000 8.043400e+03 
2696850000 8.001175e+03 
2699000000 8.020100e+03 
2.701150e+09 8.026050e+03 
2703300000 8.006075e+03 
2705450000 7.994550e+03 
2707600000 7.994750e+03 
2.709750e+09 7.975850e+03 
2711900000 7.971125e+03 
2714050000 8.003925e+03 
2.716200e+09 8.015450e+03 
2718350000 8.037375e+03 
2720500000 8.056200e+03 
2722650000 8.041350e+03 
2724800000 8.047150e+03 
2726950000 8.042825e+03 
2729100000 8.066675e+03 
2.731250e+09 8.038400e+03 
2733400000 8.016425e+03 
2735550000 8.021625e+03 
2737700000 8.040050e+03 
2.739850e+09 8.037900e+03 
2742000000 8.065300e+03 
2744150000 8.031650e+03 
2.746300e+09 8.041850e+03 
2748450000 8.071050e+03 
2750600000 8.079475e+03 
2752750000 8.075350e+03 
2754900000 8.062500e+03 
2757050000 8.068475e+03 
2759200000 8.066950e+03 
2.761350e+09 8.072600e+03 
2763500000 8.081150e+03 
2765650000 8.060700e+03 
2767800000 8.073350e+03 
2.769950e+09 8.058850e+03 
2772100000 8.064225e+03 
2774250000 8.054025e+03 
2.776400e+09 8.081275e+03 
2778550000 8.056450e+03 
2780700000 8.053150e+03 
2782850000 8.037450e+03 
2785000000 8.064450e+03 
2787150000 8.047550e+03 
2789300000 8.089875e+03 
2791450000 8.065575e+03 
2793600000 8.080725e+03 
2795750000 8.068400e+03 
2797900000 8.061150e+03 
2.800050e+09 8.061425e+03 
2802200000 8.045750e+03 
2804350000 8.046200e+03 
2806500000 8.050900e+03 
2808650000 8.049500e+03 
2810800000 8.053500e+03 
2812950000 8.056125e+03 
2815100000 8.058125e+03 
2817250000 8.071675e+03 
2819400000 8.041225e+03 
2821550000 8.078775e+03 
2823700000 8.052750e+03 
2825850000 8.058300e+03 
2828000000 8.038825e+03 
2.830150e+09 8.062950e+03 
2832300000 8.089975e+03 
2834450000 8.080100e+03 
2836600000 8.057950e+03 
2838750000 8.078225e+03 
2840900000 8.062375e+03 
2843050000 8.056975e+03 
2845200000 8.057400e+03 
2847350000 8.072250e+03 
2849500000 8.066150e+03 
2851650000 8.054775e+03 
2853800000 8.067875e+03 
2855950000 8.050400e+03 
2858100000 8.083725e+03 
2.860250e+09 8.067075e+03 
2862400000 8.063650e+03 
2864550000 8.053075e+03 
2866700000 8.077675e+03 
2868850000 8.085725e+03 
2871000000 8.054550e+03 
2873150000 8.046525e+03 
2875300000 8.091475e+03 
2877450000 8.079400e+03 
2879600000 8.052875e+03 
2881750000 8071 
2883900000 8.045400e+03 
2886050000 8.075050e+03 
2888200000 8.046900e+03 
2.890350e+09 8.081425e+03 
2892500000 8.092525e+03 
2894650000 8.086675e+03 
2896800000 8.069600e+03 
2898950000 8.058175e+03 
2901100000 8.078075e+03 
2903250000 8.089525e+03 
2905400000 8.070650e+03 
2907550000 8.052875e+03 
2909700000 8.058350e+03 
2911850000 8.084500e+03 
2914000000 8.082200e+03 
2916150000 8.085050e+03 
2918300000 8.033100e+03 
2920450000 8.061050e+03 
2922600000 8.057350e+03 
2924750000 8.079900e+03 
2926900000 8.068250e+03 
2929050000 8.065475e+03 
2931200000 8.077150e+03 
2933350000 8066 
2935500000 8.060850e+03 
2937650000 8.072250e+03 
2939800000 8.069950e+03 
2941950000 8.067075e+03 
2.944100e+09 8.022075e+03 
2946250000 8.030200e+03 
2948400000 8.059700e+03 
2950550000 8.058250e+03 
2952700000 8.063175e+03 
2954850000 8.041925e+03 
2957000000 8.072575e+03 
2959150000 8.046150e+03 
2961300000 8.048850e+03 
2963450000 8.074925e+03 
2965600000 8.052400e+03 
2967750000 8.078575e+03 
2969900000 8.062525e+03 
2972050000 8.067575e+03 
2974200000 8.078750e+03 
2976350000 8.096700e+03 
2978500000 8.060050e+03 
2980650000 8.064950e+03 
2982800000 8.065250e+03 
2984950000 8.081250e+03 
2987100000 8.079875e+03 
2989250000 8.066650e+03 
2991400000 8.061600e+03 
2993550000 8.075950e+03 
2995700000 8.058150e+03 
2997850000 8.067850e+03 
3000000000 8.074700e+03 

END
