IGOR
WAVES/D/O sweep,sig(1) 
BEGIN
2570000000 7.998975e+03 
2.572150e+09 8.003900e+03 
2574300000 8.032850e+03 
2576450000 8.009600e+03 
2578600000 8.039800e+03 
2.580750e+09 7.995950e+03 
2582900000 8.035775e+03 
2585050000 8.017425e+03 
2.587200e+09 8.019275e+03 
2589350000 7.992600e+03 
2591500000 8.025125e+03 
2593650000 8.013850e+03 
2.595800e+09 8.013450e+03 
2597950000 8.004925e+03 
2600100000 8.026850e+03 
2.602250e+09 8.022050e+03 
2604400000 8.008675e+03 
2606550000 8.014150e+03 
2608700000 7.996625e+03 
2.610850e+09 7.996925e+03 
2613000000 8.011475e+03 
2615150000 8.003100e+03 
2.617300e+09 8.018775e+03 
2619450000 8.033525e+03 
2621600000 8.031025e+03 
2623750000 8.004050e+03 
2.625900e+09 8011 
2628050000 8.012250e+03 
2630200000 7.986575e+03 
2.632350e+09 8.015675e+03 
2634500000 7.975100e+03 
2636650000 7.978900e+03 
2638800000 7.989150e+03 
2.640950e+09 7.974075e+03 
2643100000 8.001150e+03 
2645250000 7.983575e+03 
2.647400e+09 8.001500e+03 
2649550000 8.011900e+03 
2651700000 8.008900e+03 
2653850000 8.003575e+03 
2.656000e+09 8.005400e+03 
2658150000 8.031800e+03 
2660300000 8.006550e+03 
2.662450e+09 7.973575e+03 
2664600000 7.972700e+03 
2666750000 7.964575e+03 
2668900000 7.947475e+03 
2.671050e+09 7.950025e+03 
2673200000 7.942850e+03 
2675350000 7.941850e+03 
2677500000 7.985100e+03 
2679650000 7.980125e+03 
2681800000 7.997825e+03 
2683950000 7.994675e+03 
2.686100e+09 7.999250e+03 
2688250000 8.023075e+03 
2690400000 7.989750e+03 
2692550000 8.032075e+03 
2694700000 8.029725e+03 
2696850000 7.990575e+03 
2699000000 7.979775e+03 
2.701150e+09 7.981750e+03 
2703300000 7.957450e+03 
2705450000 7.959700e+03 
2707600000 7.927450e+03 
2.709750e+09 7.948500e+03 
2711900000 7.973300e+03 
2714050000 7.994750e+03 
2.716200e+09 7.993500e+03 
2718350000 7.993725e+03 
2720500000 8.010650e+03 
2722650000 7.978975e+03 
2724800000 8.006225e+03 
2726950000 8.020450e+03 
2729100000 7.996075e+03 
2.731250e+09 8.008950e+03 
2733400000 8.010625e+03 
2735550000 7.984300e+03 
2737700000 7.987475e+03 
2.739850e+09 7.989800e+03 
2742000000 7.984700e+03 
2744150000 8.009150e+03 
2.746300e+09 8.003900e+03 
2748450000 8.007350e+03 
2750600000 8.030675e+03 
2752750000 8.024325e+03 
2754900000 7.998175e+03 
2757050000 8.013875e+03 
2759200000 8.031600e+03 
2.761350e+09 8.014550e+03 
2763500000 8049 
2765650000 8.022800e+03 
2767800000 8.016900e+03 
2.769950e+09 8.030550e+03 
2772100000 8.037200e+03 
2774250000 8.025350e+03 
2.776400e+09 8.032100e+03 
2778550000 8.030200e+03 
2780700000 8.026025e+03 
2782850000 8.044225e+03 
2785000000 8.036525e+03 
2787150000 8.029075e+03 
2789300000 8.028700e+03 
2791450000 8.016700e+03 
2793600000 8.008950e+03 
2795750000 8.013875e+03 
2797900000 8.009850e+03 
2.800050e+09 8.028150e+03 
2802200000 8.013875e+03 
2804350000 8.008825e+03 
2806500000 8.002900e+03 
2808650000 8.006150e+03 
2810800000 8.009725e+03 
2812950000 8.009025e+03 
2815100000 8.024525e+03 
2817250000 8.012150e+03 
2819400000 8.023525e+03 
2821550000 8.032725e+03 
2823700000 7.991025e+03 
2825850000 8.043950e+03 
2828000000 7.992125e+03 
2.830150e+09 8008 
2832300000 7.999675e+03 
2834450000 8017 
2836600000 8.000575e+03 
2838750000 8.014575e+03 
2840900000 8.027475e+03 
2843050000 8.033100e+03 
2845200000 8.029800e+03 
2847350000 8.031125e+03 
2849500000 8.011375e+03 
2851650000 8.015275e+03 
2853800000 8.028500e+03 
2855950000 8.025250e+03 
2858100000 8.015700e+03 
2.860250e+09 8.033650e+03 
2862400000 8.046275e+03 
2864550000 8.013675e+03 
2866700000 8.018325e+03 
2868850000 8.031425e+03 
2871000000 8.014575e+03 
2873150000 8.017775e+03 
2875300000 8.008125e+03 
2877450000 8.035850e+03 
2879600000 8.026475e+03 
2881750000 8.048600e+03 
2883900000 8.014850e+03 
2886050000 8.020175e+03 
2888200000 8.018575e+03 
2.890350e+09 8.029050e+03 
2892500000 8.013725e+03 
2894650000 8.017200e+03 
2896800000 8.023975e+03 
2898950000 8.023650e+03 
2901100000 8.022550e+03 
2903250000 8.011450e+03 
2905400000 8.027525e+03 
2907550000 8029 
2909700000 8.042425e+03 
2911850000 8.019850e+03 
2914000000 8.029900e+03 
2916150000 8.034825e+03 
2918300000 8.015600e+03 
2920450000 8.048225e+03 
2922600000 8.037650e+03 
2924750000 8.026175e+03 
2926900000 8.045750e+03 
2929050000 8.012450e+03 
2931200000 8.039550e+03 
2933350000 8.032400e+03 
2935500000 8.022450e+03 
2937650000 8.023400e+03 
2939800000 8.040550e+03 
2941950000 8.040950e+03 
2.944100e+09 8.029125e+03 
2946250000 8.020425e+03 
2948400000 8.020600e+03 
2950550000 8.021100e+03 
2952700000 8.018975e+03 
2954850000 8.042525e+03 
2957000000 8.017825e+03 
2959150000 8.013125e+03 
2961300000 8.026525e+03 
2963450000 8.030650e+03 
2965600000 8.020325e+03 
2967750000 8.053400e+03 
2969900000 8.003525e+03 
2972050000 8.045050e+03 
2974200000 8.029250e+03 
2976350000 8.023925e+03 
2978500000 8.018225e+03 
2980650000 8.032200e+03 
2982800000 8.022150e+03 
2984950000 8.033900e+03 
2987100000 8.027075e+03 
2989250000 8.009625e+03 
2991400000 8.027125e+03 
2993550000 8.035575e+03 
2995700000 8.027325e+03 
2997850000 8.018225e+03 
3000000000 8.014800e+03 

END
