IGOR
WAVES/D/O sweep,sig(1) 
BEGIN
2570000000 8.171800e+03 
2.572150e+09 8.180650e+03 
2574300000 8.175150e+03 
2576450000 8.197200e+03 
2578600000 8.171875e+03 
2.580750e+09 8.157675e+03 
2582900000 8.173050e+03 
2585050000 8.168150e+03 
2.587200e+09 8.167075e+03 
2589350000 8.176975e+03 
2591500000 8.179950e+03 
2593650000 8.186300e+03 
2.595800e+09 8.167300e+03 
2597950000 8.140450e+03 
2600100000 8.168950e+03 
2.602250e+09 8.165050e+03 
2604400000 8.157875e+03 
2606550000 8.158850e+03 
2608700000 8.189850e+03 
2.610850e+09 8.203200e+03 
2613000000 8.177975e+03 
2615150000 8.187950e+03 
2.617300e+09 8.170500e+03 
2619450000 8.197575e+03 
2621600000 8.166375e+03 
2623750000 8.134175e+03 
2.625900e+09 8.182525e+03 
2628050000 8.173075e+03 
2630200000 8.158775e+03 
2.632350e+09 8.145950e+03 
2634500000 8.148650e+03 
2636650000 8.112175e+03 
2638800000 8.133525e+03 
2.640950e+09 8.104275e+03 
2643100000 8.145500e+03 
2645250000 8.142175e+03 
2.647400e+09 8.145600e+03 
2649550000 8.170300e+03 
2651700000 8.178500e+03 
2653850000 8.153250e+03 
2.656000e+09 8.164950e+03 
2658150000 8.168925e+03 
2660300000 8.130150e+03 
2.662450e+09 8.121500e+03 
2664600000 8.119775e+03 
2666750000 8.122925e+03 
2668900000 8.096625e+03 
2.671050e+09 8.122825e+03 
2673200000 8.098250e+03 
2675350000 8.103300e+03 
2677500000 8.112175e+03 
2679650000 8.141150e+03 
2681800000 8.171175e+03 
2683950000 8.171475e+03 
2.686100e+09 8.162300e+03 
2688250000 8.173150e+03 
2690400000 8.156825e+03 
2692550000 8.181225e+03 
2694700000 8169 
2696850000 8.154825e+03 
2699000000 8.167675e+03 
2.701150e+09 8.110975e+03 
2703300000 8.125500e+03 
2705450000 8.097775e+03 
2707600000 8.106225e+03 
2.709750e+09 8.111450e+03 
2711900000 8.111950e+03 
2714050000 8.121650e+03 
2.716200e+09 8.153950e+03 
2718350000 8.149100e+03 
2720500000 8.161800e+03 
2722650000 8.177025e+03 
2724800000 8.162575e+03 
2726950000 8.150675e+03 
2729100000 8.168225e+03 
2.731250e+09 8.160275e+03 
2733400000 8.148250e+03 
2735550000 8.146025e+03 
2737700000 8143 
2.739850e+09 8.126125e+03 
2742000000 8.138475e+03 
2744150000 8.164325e+03 
2.746300e+09 8.147675e+03 
2748450000 8.164325e+03 
2750600000 8.178225e+03 
2752750000 8.175375e+03 
2754900000 8.166450e+03 
2757050000 8.144775e+03 
2759200000 8.171050e+03 
2.761350e+09 8.166675e+03 
2763500000 8.166600e+03 
2765650000 8.147200e+03 
2767800000 8199 
2.769950e+09 8.178650e+03 
2772100000 8.167200e+03 
2774250000 8.189875e+03 
2.776400e+09 8.186125e+03 
2778550000 8.170100e+03 
2780700000 8.160250e+03 
2782850000 8.172700e+03 
2785000000 8.168950e+03 
2787150000 8.165275e+03 
2789300000 8.147025e+03 
2791450000 8.159675e+03 
2793600000 8.184750e+03 
2795750000 8.160075e+03 
2797900000 8.168750e+03 
2.800050e+09 8.150375e+03 
2802200000 8.175350e+03 
2804350000 8.172325e+03 
2806500000 8.173150e+03 
2808650000 8.190275e+03 
2810800000 8.176375e+03 
2812950000 8.168500e+03 
2815100000 8.178075e+03 
2817250000 8.148625e+03 
2819400000 8.186975e+03 
2821550000 8.165450e+03 
2823700000 8.157650e+03 
2825850000 8.187550e+03 
2828000000 8.156825e+03 
2.830150e+09 8.166325e+03 
2832300000 8.171350e+03 
2834450000 8.156950e+03 
2836600000 8.173525e+03 
2838750000 8.166125e+03 
2840900000 8.168475e+03 
2843050000 8.178700e+03 
2845200000 8.176400e+03 
2847350000 8.174350e+03 
2849500000 8.173850e+03 
2851650000 8.156300e+03 
2853800000 8.182325e+03 
2855950000 8.160975e+03 
2858100000 8.157375e+03 
2.860250e+09 8.178500e+03 
2862400000 8.186850e+03 
2864550000 8.162325e+03 
2866700000 8.174875e+03 
2868850000 8.154225e+03 
2871000000 8.151925e+03 
2873150000 8.156300e+03 
2875300000 8.166775e+03 
2877450000 8.181125e+03 
2879600000 8.185250e+03 
2881750000 8.166475e+03 
2883900000 8.155025e+03 
2886050000 8.189525e+03 
2888200000 8.143725e+03 
2.890350e+09 8.182450e+03 
2892500000 8.171650e+03 
2894650000 8.190625e+03 
2896800000 8.183300e+03 
2898950000 8.170075e+03 
2901100000 8.170975e+03 
2903250000 8.142275e+03 
2905400000 8.178550e+03 
2907550000 8.150725e+03 
2909700000 8.172475e+03 
2911850000 8.170100e+03 
2914000000 8.174125e+03 
2916150000 8.183375e+03 
2918300000 8.194300e+03 
2920450000 8.162300e+03 
2922600000 8.180850e+03 
2924750000 8.183850e+03 
2926900000 8.165950e+03 
2929050000 8.169750e+03 
2931200000 8.165075e+03 
2933350000 8.154350e+03 
2935500000 8.171100e+03 
2937650000 8.160675e+03 
2939800000 8.182275e+03 
2941950000 8.120350e+03 
2.944100e+09 8.173300e+03 
2946250000 8.192250e+03 
2948400000 8.170225e+03 
2950550000 8176 
2952700000 8.151850e+03 
2954850000 8.177250e+03 
2957000000 8.195225e+03 
2959150000 8.189625e+03 
2961300000 8.171075e+03 
2963450000 8.179925e+03 
2965600000 8.178225e+03 
2967750000 8.191350e+03 
2969900000 8.194425e+03 
2972050000 8.203975e+03 
2974200000 8.176325e+03 
2976350000 8.175675e+03 
2978500000 8.181175e+03 
2980650000 8.190500e+03 
2982800000 8.178750e+03 
2984950000 8.165475e+03 
2987100000 8.179550e+03 
2989250000 8.168750e+03 
2991400000 8.149150e+03 
2993550000 8.165400e+03 
2995700000 8.169400e+03 
2997850000 8.138250e+03 
3000000000 8.160275e+03 

END
