IGOR
WAVES/D/O sweep,sig(1) 
BEGIN
2570000000 7930 
2.572150e+09 7.939625e+03 
2574300000 7.947325e+03 
2576450000 7.934675e+03 
2578600000 7.932450e+03 
2.580750e+09 7.948200e+03 
2582900000 7.946200e+03 
2585050000 7938 
2.587200e+09 7.935875e+03 
2589350000 7.944625e+03 
2591500000 7.966400e+03 
2593650000 7.968300e+03 
2.595800e+09 7.941825e+03 
2597950000 7.944450e+03 
2600100000 7.940425e+03 
2.602250e+09 7.908925e+03 
2604400000 7.959500e+03 
2606550000 7.926575e+03 
2608700000 7.959525e+03 
2.610850e+09 7.943825e+03 
2613000000 7.937275e+03 
2615150000 7.946500e+03 
2.617300e+09 7.935975e+03 
2619450000 7.945450e+03 
2621600000 7.938675e+03 
2623750000 7.935275e+03 
2.625900e+09 7.928650e+03 
2628050000 7.936250e+03 
2630200000 7.925975e+03 
2.632350e+09 7.913900e+03 
2634500000 7.930325e+03 
2636650000 7.908375e+03 
2638800000 7.878825e+03 
2.640950e+09 7.910350e+03 
2643100000 7.924200e+03 
2645250000 7.913725e+03 
2.647400e+09 7.929450e+03 
2649550000 7.959525e+03 
2651700000 7.948675e+03 
2653850000 7.976050e+03 
2.656000e+09 7.959250e+03 
2658150000 7.945450e+03 
2660300000 7.953275e+03 
2.662450e+09 7.924875e+03 
2664600000 7.918350e+03 
2666750000 7.907150e+03 
2668900000 7.874125e+03 
2.671050e+09 7.905600e+03 
2673200000 7.913550e+03 
2675350000 7.891200e+03 
2677500000 7.941550e+03 
2679650000 7.930575e+03 
2681800000 7.948025e+03 
2683950000 7.966100e+03 
2.686100e+09 7.965600e+03 
2688250000 7.960725e+03 
2690400000 7.976025e+03 
2692550000 7.940125e+03 
2694700000 7.940400e+03 
2696850000 7.947175e+03 
2699000000 7.933500e+03 
2.701150e+09 7.911375e+03 
2703300000 7.907675e+03 
2705450000 7.892450e+03 
2707600000 7.909425e+03 
2.709750e+09 7.892375e+03 
2711900000 7.906325e+03 
2714050000 7.900250e+03 
2.716200e+09 7.935650e+03 
2718350000 7.920600e+03 
2720500000 7.948550e+03 
2722650000 7.936775e+03 
2724800000 7.940375e+03 
2726950000 7.962050e+03 
2729100000 7.967025e+03 
2.731250e+09 7.959800e+03 
2733400000 7.961975e+03 
2735550000 7.909325e+03 
2737700000 7.940450e+03 
2.739850e+09 7.954550e+03 
2742000000 7.957850e+03 
2744150000 7.919450e+03 
2.746300e+09 7.953725e+03 
2748450000 7.950150e+03 
2750600000 7.946550e+03 
2752750000 7.969500e+03 
2754900000 7.974900e+03 
2757050000 7.953975e+03 
2759200000 7.965500e+03 
2.761350e+09 7.960925e+03 
2763500000 7.964825e+03 
2765650000 7.950875e+03 
2767800000 7.976750e+03 
2.769950e+09 7.956025e+03 
2772100000 7.965150e+03 
2774250000 7.939225e+03 
2.776400e+09 7.974750e+03 
2778550000 7.966725e+03 
2780700000 7.950325e+03 
2782850000 7.961050e+03 
2785000000 7.974350e+03 
2787150000 7.970975e+03 
2789300000 7.964550e+03 
2791450000 7.959500e+03 
2793600000 7.980450e+03 
2795750000 7.978300e+03 
2797900000 7.953475e+03 
2.800050e+09 7.969600e+03 
2802200000 7.945925e+03 
2804350000 7.948525e+03 
2806500000 7.973050e+03 
2808650000 7.979200e+03 
2810800000 7.947150e+03 
2812950000 7.981025e+03 
2815100000 7.955625e+03 
2817250000 7.938900e+03 
2819400000 7.968475e+03 
2821550000 7.969675e+03 
2823700000 7.969925e+03 
2825850000 7.988600e+03 
2828000000 7.936025e+03 
2.830150e+09 7.961650e+03 
2832300000 7.959075e+03 
2834450000 7.967525e+03 
2836600000 7.974300e+03 
2838750000 7.983600e+03 
2840900000 7.965150e+03 
2843050000 7.975825e+03 
2845200000 7.952650e+03 
2847350000 7.977400e+03 
2849500000 7.968350e+03 
2851650000 7.961075e+03 
2853800000 7.978175e+03 
2855950000 7.962550e+03 
2858100000 7.972725e+03 
2.860250e+09 7.929300e+03 
2862400000 7.967150e+03 
2864550000 7.959925e+03 
2866700000 7.956025e+03 
2868850000 7.932625e+03 
2871000000 7.945850e+03 
2873150000 7.970075e+03 
2875300000 7.937200e+03 
2877450000 7.974375e+03 
2879600000 7.949425e+03 
2881750000 7.983850e+03 
2883900000 7.964825e+03 
2886050000 7.950600e+03 
2888200000 7.970300e+03 
2.890350e+09 7.970775e+03 
2892500000 7.962425e+03 
2894650000 7.955650e+03 
2896800000 7.964250e+03 
2898950000 7.969725e+03 
2901100000 7.958475e+03 
2903250000 7.961725e+03 
2905400000 7.922300e+03 
2907550000 7.965300e+03 
2909700000 7.958800e+03 
2911850000 7.947500e+03 
2914000000 7.954575e+03 
2916150000 7.985025e+03 
2918300000 7.965275e+03 
2920450000 7977 
2922600000 7.958375e+03 
2924750000 7.977800e+03 
2926900000 7.949575e+03 
2929050000 7.943875e+03 
2931200000 7.964600e+03 
2933350000 7.956325e+03 
2935500000 7.952275e+03 
2937650000 7.954700e+03 
2939800000 7.940925e+03 
2941950000 7.943450e+03 
2.944100e+09 7.992650e+03 
2946250000 7.951375e+03 
2948400000 7.952550e+03 
2950550000 7.955150e+03 
2952700000 7.949300e+03 
2954850000 7.934050e+03 
2957000000 7.928025e+03 
2959150000 7.938425e+03 
2961300000 7.970150e+03 
2963450000 7.933850e+03 
2965600000 7.960625e+03 
2967750000 7.939575e+03 
2969900000 7.945875e+03 
2972050000 7.950275e+03 
2974200000 7.963850e+03 
2976350000 7.956475e+03 
2978500000 7.940325e+03 
2980650000 7977 
2982800000 7.939825e+03 
2984950000 7.932350e+03 
2987100000 7.951825e+03 
2989250000 7.954125e+03 
2991400000 7.949225e+03 
2993550000 7.944400e+03 
2995700000 7.968375e+03 
2997850000 7.944350e+03 
3000000000 7.943875e+03 

END
