IGOR
WAVES/D/O sweep,sig(1) 
BEGIN
2570000000 8.072425e+03 
2.572150e+09 8.102825e+03 
2574300000 8.098475e+03 
2576450000 8.094875e+03 
2578600000 8.092300e+03 
2.580750e+09 8.085900e+03 
2582900000 8.096175e+03 
2585050000 8.090400e+03 
2.587200e+09 8.052725e+03 
2589350000 8.085900e+03 
2591500000 8.099650e+03 
2593650000 8.089350e+03 
2.595800e+09 8.116850e+03 
2597950000 8.092675e+03 
2600100000 8.095200e+03 
2.602250e+09 8.069100e+03 
2604400000 8.074850e+03 
2606550000 8.102825e+03 
2608700000 8.084225e+03 
2.610850e+09 8.086850e+03 
2613000000 8.051800e+03 
2615150000 8.059875e+03 
2.617300e+09 8.049650e+03 
2619450000 8.059775e+03 
2621600000 8.013675e+03 
2623750000 8.047375e+03 
2.625900e+09 8.065425e+03 
2628050000 8.053950e+03 
2630200000 8.045875e+03 
2.632350e+09 8.077650e+03 
2634500000 8058 
2636650000 8.074950e+03 
2638800000 8.057700e+03 
2.640950e+09 8.043450e+03 
2643100000 8.005875e+03 
2645250000 8.035875e+03 
2.647400e+09 8.009500e+03 
2649550000 8.012150e+03 
2651700000 8.036425e+03 
2653850000 8.052275e+03 
2.656000e+09 8.063650e+03 
2658150000 8.073175e+03 
2660300000 8.068800e+03 
2.662450e+09 8.084350e+03 
2664600000 8.057525e+03 
2666750000 8.086325e+03 
2668900000 8.079575e+03 
2.671050e+09 8.083125e+03 
2673200000 8.064250e+03 
2675350000 8.048925e+03 
2677500000 8.095200e+03 
2679650000 8.082075e+03 
2681800000 8.080050e+03 
2683950000 8.082425e+03 
2.686100e+09 8.090750e+03 
2688250000 8.082550e+03 
2690400000 8.083100e+03 
2692550000 8.048425e+03 
2694700000 8.076600e+03 
2696850000 8.065675e+03 
2699000000 8.047500e+03 
2.701150e+09 8.011350e+03 
2703300000 8.009575e+03 
2705450000 8.008075e+03 
2707600000 8.011650e+03 
2.709750e+09 8.008900e+03 
2711900000 8.019475e+03 
2714050000 8.039400e+03 
2.716200e+09 8.027700e+03 
2718350000 8.036650e+03 
2720500000 8.062750e+03 
2722650000 8.073500e+03 
2724800000 8.069650e+03 
2726950000 8.058100e+03 
2729100000 8.043675e+03 
2.731250e+09 8.033675e+03 
2733400000 8.045675e+03 
2735550000 8.040475e+03 
2737700000 8.049150e+03 
2.739850e+09 8.033400e+03 
2742000000 8.063575e+03 
2744150000 8.066300e+03 
2.746300e+09 8.086950e+03 
2748450000 8.068050e+03 
2750600000 8.080050e+03 
2752750000 8.071750e+03 
2754900000 8.067125e+03 
2757050000 8.064600e+03 
2759200000 8.082025e+03 
2.761350e+09 8.073225e+03 
2763500000 8.057650e+03 
2765650000 8.061400e+03 
2767800000 8.051225e+03 
2.769950e+09 8.081775e+03 
2772100000 8.050575e+03 
2774250000 8.068275e+03 
2.776400e+09 8.057650e+03 
2778550000 8.061100e+03 
2780700000 8.054075e+03 
2782850000 8.059450e+03 
2785000000 8.084350e+03 
2787150000 8.061100e+03 
2789300000 8.065675e+03 
2791450000 8058 
2793600000 8.054625e+03 
2795750000 8.062800e+03 
2797900000 8.044650e+03 
2.800050e+09 8.066175e+03 
2802200000 8.070825e+03 
2804350000 8.074575e+03 
2806500000 8.061375e+03 
2808650000 8.071300e+03 
2810800000 8.092850e+03 
2812950000 8.054575e+03 
2815100000 8.080500e+03 
2817250000 8.079300e+03 
2819400000 8.071850e+03 
2821550000 8.063275e+03 
2823700000 8.067850e+03 
2825850000 8.085850e+03 
2828000000 8.082075e+03 
2.830150e+09 8.083475e+03 
2832300000 8.055925e+03 
2834450000 8.085225e+03 
2836600000 8.079175e+03 
2838750000 8.083675e+03 
2840900000 8.056975e+03 
2843050000 8.070400e+03 
2845200000 8.068750e+03 
2847350000 8.079025e+03 
2849500000 8.074975e+03 
2851650000 8.094425e+03 
2853800000 8.082225e+03 
2855950000 8083 
2858100000 8.065325e+03 
2.860250e+09 8.097875e+03 
2862400000 8.077175e+03 
2864550000 8.100200e+03 
2866700000 8.061225e+03 
2868850000 8.093025e+03 
2871000000 8.081250e+03 
2873150000 8.087975e+03 
2875300000 8.071975e+03 
2877450000 8.062625e+03 
2879600000 8.090650e+03 
2881750000 8.076300e+03 
2883900000 8.072675e+03 
2886050000 8.034100e+03 
2888200000 8.047475e+03 
2.890350e+09 8.082375e+03 
2892500000 8.092275e+03 
2894650000 8.070875e+03 
2896800000 8.065400e+03 
2898950000 8.077825e+03 
2901100000 8.069550e+03 
2903250000 8.069750e+03 
2905400000 8.066325e+03 
2907550000 8079 
2909700000 8.092600e+03 
2911850000 8.056075e+03 
2914000000 8.086225e+03 
2916150000 8.064025e+03 
2918300000 8.084625e+03 
2920450000 8.061950e+03 
2922600000 8.059675e+03 
2924750000 8.074875e+03 
2926900000 8.058775e+03 
2929050000 8.065675e+03 
2931200000 8.057650e+03 
2933350000 8.078100e+03 
2935500000 8.080175e+03 
2937650000 8.081250e+03 
2939800000 8.105275e+03 
2941950000 8.073375e+03 
2.944100e+09 8.101875e+03 
2946250000 8.073500e+03 
2948400000 8.070050e+03 
2950550000 8.087100e+03 
2952700000 8.082700e+03 
2954850000 8.084625e+03 
2957000000 8.060500e+03 
2959150000 8.073525e+03 
2961300000 8.079550e+03 
2963450000 8.082250e+03 
2965600000 8.062250e+03 
2967750000 8.082550e+03 
2969900000 8.078100e+03 
2972050000 8.058075e+03 
2974200000 8.071400e+03 
2976350000 8.057875e+03 
2978500000 8.070175e+03 
2980650000 8.049500e+03 
2982800000 8.040775e+03 
2984950000 8.054250e+03 
2987100000 8.056700e+03 
2989250000 8.072225e+03 
2991400000 8.067075e+03 
2993550000 8.079675e+03 
2995700000 8.084075e+03 
2997850000 8.076925e+03 
3000000000 8.085725e+03 

END
