IGOR
WAVES/D/O sweep,sig(1) 
BEGIN
2570000000 8.087375e+03 
2.572150e+09 8.069175e+03 
2574300000 8.075375e+03 
2576450000 8.069850e+03 
2578600000 8.058575e+03 
2.580750e+09 8.068275e+03 
2582900000 8.043350e+03 
2585050000 8.058025e+03 
2.587200e+09 8.054625e+03 
2589350000 8.056075e+03 
2591500000 8.077925e+03 
2593650000 8.061300e+03 
2.595800e+09 8.069950e+03 
2597950000 8.063675e+03 
2600100000 8.070500e+03 
2.602250e+09 8.053825e+03 
2604400000 8.090675e+03 
2606550000 8043 
2608700000 8.040925e+03 
2.610850e+09 8.049600e+03 
2613000000 8.058850e+03 
2615150000 8.053875e+03 
2.617300e+09 8.056550e+03 
2619450000 8.059775e+03 
2621600000 8.051925e+03 
2623750000 8.048250e+03 
2.625900e+09 8.047175e+03 
2628050000 8067 
2630200000 8.034350e+03 
2.632350e+09 8.031450e+03 
2634500000 8.038550e+03 
2636650000 8.028200e+03 
2638800000 8.023325e+03 
2.640950e+09 8.026525e+03 
2643100000 8.002825e+03 
2645250000 8.047700e+03 
2.647400e+09 8.047100e+03 
2649550000 8.027700e+03 
2651700000 8.032750e+03 
2653850000 8.048425e+03 
2.656000e+09 8.071400e+03 
2658150000 8.051775e+03 
2660300000 8.030750e+03 
2.662450e+09 8.013975e+03 
2664600000 8.001075e+03 
2666750000 8.008525e+03 
2668900000 7.995900e+03 
2.671050e+09 7.996450e+03 
2673200000 8.004025e+03 
2675350000 8.010700e+03 
2677500000 8.013400e+03 
2679650000 8.032775e+03 
2681800000 8.044425e+03 
2683950000 8.080525e+03 
2.686100e+09 8.057625e+03 
2688250000 8.049200e+03 
2690400000 8.074175e+03 
2692550000 8.061150e+03 
2694700000 8.062650e+03 
2696850000 8.055675e+03 
2699000000 8.028200e+03 
2.701150e+09 8.022225e+03 
2703300000 8.031500e+03 
2705450000 7.999450e+03 
2707600000 7.992175e+03 
2.709750e+09 8.009750e+03 
2711900000 8.005650e+03 
2714050000 8.028375e+03 
2.716200e+09 8.040300e+03 
2718350000 8.051350e+03 
2720500000 8.043300e+03 
2722650000 8.042575e+03 
2724800000 8.084600e+03 
2726950000 8.050575e+03 
2729100000 8.037325e+03 
2.731250e+09 8.031600e+03 
2733400000 8.017625e+03 
2735550000 8.024800e+03 
2737700000 8.010175e+03 
2.739850e+09 8.042625e+03 
2742000000 8.000100e+03 
2744150000 8.018800e+03 
2.746300e+09 8.030050e+03 
2748450000 8.066450e+03 
2750600000 8.038100e+03 
2752750000 8.060125e+03 
2754900000 8.050250e+03 
2757050000 8.063200e+03 
2759200000 8.058625e+03 
2.761350e+09 8.062675e+03 
2763500000 8.066250e+03 
2765650000 8.061725e+03 
2767800000 8.055800e+03 
2.769950e+09 8.024650e+03 
2772100000 8.025475e+03 
2774250000 8.037225e+03 
2.776400e+09 8.055375e+03 
2778550000 8.030975e+03 
2780700000 8.054200e+03 
2782850000 8.057900e+03 
2785000000 8.034375e+03 
2787150000 8.029500e+03 
2789300000 8.029200e+03 
2791450000 8.061225e+03 
2793600000 8.026650e+03 
2795750000 8.055675e+03 
2797900000 8.046275e+03 
2.800050e+09 8.037350e+03 
2802200000 8.042375e+03 
2804350000 8.055325e+03 
2806500000 8.049900e+03 
2808650000 8.035525e+03 
2810800000 8.067675e+03 
2812950000 8.029350e+03 
2815100000 8.035825e+03 
2817250000 8.051050e+03 
2819400000 8.062625e+03 
2821550000 8.058125e+03 
2823700000 8.050800e+03 
2825850000 8.060075e+03 
2828000000 8.055425e+03 
2.830150e+09 8.056725e+03 
2832300000 8.043950e+03 
2834450000 8.047350e+03 
2836600000 8.039800e+03 
2838750000 8.024350e+03 
2840900000 8.037400e+03 
2843050000 8.044475e+03 
2845200000 8.041200e+03 
2847350000 8.031250e+03 
2849500000 8.035350e+03 
2851650000 8.065575e+03 
2853800000 8.025550e+03 
2855950000 8.041175e+03 
2858100000 8.048400e+03 
2.860250e+09 8.028850e+03 
2862400000 8.037325e+03 
2864550000 8.032750e+03 
2866700000 8.049200e+03 
2868850000 8.006750e+03 
2871000000 8.043950e+03 
2873150000 8.068075e+03 
2875300000 8.076175e+03 
2877450000 8.048600e+03 
2879600000 8.038425e+03 
2881750000 8.060875e+03 
2883900000 8.020550e+03 
2886050000 8.061775e+03 
2888200000 8038 
2.890350e+09 8.048200e+03 
2892500000 8.066750e+03 
2894650000 8.025800e+03 
2896800000 8.062775e+03 
2898950000 8.022475e+03 
2901100000 8.047850e+03 
2903250000 8.055175e+03 
2905400000 8.039825e+03 
2907550000 8.052725e+03 
2909700000 8.043800e+03 
2911850000 8.048950e+03 
2914000000 8.046550e+03 
2916150000 8.068600e+03 
2918300000 8.046050e+03 
2920450000 8.035225e+03 
2922600000 8.012550e+03 
2924750000 8.060925e+03 
2926900000 8044 
2929050000 8.053875e+03 
2931200000 8.037600e+03 
2933350000 8.035125e+03 
2935500000 8.064550e+03 
2937650000 8.033325e+03 
2939800000 8.037250e+03 
2941950000 8.038900e+03 
2.944100e+09 7.994225e+03 
2946250000 8.020100e+03 
2948400000 8.031775e+03 
2950550000 8.034425e+03 
2952700000 8.013900e+03 
2954850000 8.034375e+03 
2957000000 8.039225e+03 
2959150000 8.050875e+03 
2961300000 8.001825e+03 
2963450000 8.044150e+03 
2965600000 8.032450e+03 
2967750000 8.022600e+03 
2969900000 8.045625e+03 
2972050000 8.039100e+03 
2974200000 8.028925e+03 
2976350000 8.038875e+03 
2978500000 8.034675e+03 
2980650000 8.029700e+03 
2982800000 8.029750e+03 
2984950000 8.058375e+03 
2987100000 8.024075e+03 
2989250000 8.033825e+03 
2991400000 8.038825e+03 
2993550000 8.034050e+03 
2995700000 8.043450e+03 
2997850000 8.034775e+03 
3000000000 8.049750e+03 

END
