IGOR
WAVES/D/O sweep,sig(1) 
BEGIN
2570000000 7.997125e+03 
2.572150e+09 7.996075e+03 
2574300000 7.983925e+03 
2576450000 8.002150e+03 
2578600000 7987 
2.580750e+09 7.995625e+03 
2582900000 8.007100e+03 
2585050000 7.989875e+03 
2.587200e+09 8.004125e+03 
2589350000 8.009650e+03 
2591500000 7.985675e+03 
2593650000 8.007100e+03 
2.595800e+09 8.002300e+03 
2597950000 7.999875e+03 
2600100000 8.005700e+03 
2.602250e+09 7.994525e+03 
2604400000 7.985675e+03 
2606550000 8006 
2608700000 7.994550e+03 
2.610850e+09 7.987875e+03 
2613000000 7.983225e+03 
2615150000 7.990600e+03 
2.617300e+09 7.989925e+03 
2619450000 7.988900e+03 
2621600000 7.984950e+03 
2623750000 8.022600e+03 
2.625900e+09 7.997500e+03 
2628050000 7.983875e+03 
2630200000 7.979225e+03 
2.632350e+09 7.975600e+03 
2634500000 7.960325e+03 
2636650000 7.980150e+03 
2638800000 7.947750e+03 
2.640950e+09 7955 
2643100000 7.976875e+03 
2645250000 7.967450e+03 
2.647400e+09 7.942450e+03 
2649550000 7.983675e+03 
2651700000 7.987200e+03 
2653850000 8.009550e+03 
2.656000e+09 7.973400e+03 
2658150000 7.971775e+03 
2660300000 7.969575e+03 
2.662450e+09 7.953425e+03 
2664600000 7.958525e+03 
2666750000 7.938125e+03 
2668900000 7.938625e+03 
2.671050e+09 7.929400e+03 
2673200000 7.926700e+03 
2675350000 7.943475e+03 
2677500000 7.956400e+03 
2679650000 7.970325e+03 
2681800000 7.974250e+03 
2683950000 7.986850e+03 
2.686100e+09 7.997525e+03 
2688250000 7.982900e+03 
2690400000 7.981450e+03 
2692550000 7.992350e+03 
2694700000 7.981075e+03 
2696850000 7.959150e+03 
2699000000 7.971550e+03 
2.701150e+09 7.950825e+03 
2703300000 7943 
2705450000 7.940100e+03 
2707600000 7.948800e+03 
2.709750e+09 7.946675e+03 
2711900000 7.919725e+03 
2714050000 7.953300e+03 
2.716200e+09 7.970500e+03 
2718350000 7.999500e+03 
2720500000 7.985075e+03 
2722650000 7.994875e+03 
2724800000 7.995300e+03 
2726950000 7.986825e+03 
2729100000 8.004275e+03 
2.731250e+09 7.994800e+03 
2733400000 7.982975e+03 
2735550000 7.971250e+03 
2737700000 7.971300e+03 
2.739850e+09 7.993550e+03 
2742000000 7.967550e+03 
2744150000 7.988875e+03 
2.746300e+09 7.979025e+03 
2748450000 8.004025e+03 
2750600000 8.007650e+03 
2752750000 7.984500e+03 
2754900000 8.016100e+03 
2757050000 8.008975e+03 
2759200000 7.982500e+03 
2.761350e+09 8.012125e+03 
2763500000 7.994950e+03 
2765650000 8.018900e+03 
2767800000 8.019025e+03 
2.769950e+09 8.023625e+03 
2772100000 8.016175e+03 
2774250000 8.011075e+03 
2.776400e+09 8.018975e+03 
2778550000 8.038625e+03 
2780700000 8.003375e+03 
2782850000 8.017075e+03 
2785000000 8.021200e+03 
2787150000 8020 
2789300000 8.004350e+03 
2791450000 8.030200e+03 
2793600000 8.031500e+03 
2795750000 8.016600e+03 
2797900000 8.018625e+03 
2.800050e+09 8.016525e+03 
2802200000 8.017500e+03 
2804350000 8.035800e+03 
2806500000 8.009025e+03 
2808650000 8.002550e+03 
2810800000 8.009200e+03 
2812950000 8.022925e+03 
2815100000 8.026625e+03 
2817250000 8.001125e+03 
2819400000 8052 
2821550000 8.007675e+03 
2823700000 8.003200e+03 
2825850000 8.018725e+03 
2828000000 8.025025e+03 
2.830150e+09 8.045925e+03 
2832300000 8.006100e+03 
2834450000 8.006850e+03 
2836600000 8.025775e+03 
2838750000 8.014800e+03 
2840900000 7.987700e+03 
2843050000 8.017125e+03 
2845200000 8.002600e+03 
2847350000 8.006550e+03 
2849500000 8.030325e+03 
2851650000 8.016625e+03 
2853800000 8.009250e+03 
2855950000 8.020200e+03 
2858100000 8.004850e+03 
2.860250e+09 8.008275e+03 
2862400000 8.024975e+03 
2864550000 8.024475e+03 
2866700000 8.030925e+03 
2868850000 7.979475e+03 
2871000000 8022 
2873150000 8.012075e+03 
2875300000 8.021700e+03 
2877450000 8.017800e+03 
2879600000 8.035550e+03 
2881750000 8.018525e+03 
2883900000 8.010750e+03 
2886050000 8.018400e+03 
2888200000 8.025350e+03 
2.890350e+09 8.025775e+03 
2892500000 7.997350e+03 
2894650000 8.017725e+03 
2896800000 8.005600e+03 
2898950000 8.021975e+03 
2901100000 8.027400e+03 
2903250000 8.014400e+03 
2905400000 8.009225e+03 
2907550000 8.013975e+03 
2909700000 8.024375e+03 
2911850000 8.025075e+03 
2914000000 8.031875e+03 
2916150000 8.022850e+03 
2918300000 8.013675e+03 
2920450000 8.017575e+03 
2922600000 8.012525e+03 
2924750000 8.024225e+03 
2926900000 8.013200e+03 
2929050000 8.013225e+03 
2931200000 8.012575e+03 
2933350000 8.019375e+03 
2935500000 8.028900e+03 
2937650000 8036 
2939800000 7.972825e+03 
2941950000 7.998650e+03 
2.944100e+09 8.016125e+03 
2946250000 8.041775e+03 
2948400000 7.993675e+03 
2950550000 8.007500e+03 
2952700000 8008 
2954850000 8.028150e+03 
2957000000 8.006325e+03 
2959150000 8.030775e+03 
2961300000 8.013500e+03 
2963450000 8.010700e+03 
2965600000 7.991450e+03 
2967750000 8.006675e+03 
2969900000 8.010100e+03 
2972050000 8.011125e+03 
2974200000 8.008800e+03 
2976350000 8003 
2978500000 8.005900e+03 
2980650000 8.022400e+03 
2982800000 8.035425e+03 
2984950000 8.008675e+03 
2987100000 7.998150e+03 
2989250000 8.001400e+03 
2991400000 8.019175e+03 
2993550000 8.002075e+03 
2995700000 7.998525e+03 
2997850000 7.998600e+03 
3000000000 7.995600e+03 

END
