IGOR
WAVES/D/O sweep,sig(1) 
BEGIN
2570000000 8.035775e+03 
2.572150e+09 8.050475e+03 
2574300000 8.035425e+03 
2576450000 8.036100e+03 
2578600000 8.049975e+03 
2.580750e+09 8.040225e+03 
2582900000 8.040500e+03 
2585050000 8.034450e+03 
2.587200e+09 8.075200e+03 
2589350000 8.035125e+03 
2591500000 8.031225e+03 
2593650000 8.039875e+03 
2.595800e+09 8.047375e+03 
2597950000 8036 
2600100000 8.045800e+03 
2.602250e+09 8.028225e+03 
2604400000 8.037375e+03 
2606550000 8.048275e+03 
2608700000 8.036750e+03 
2.610850e+09 8.054900e+03 
2613000000 8.059700e+03 
2615150000 8041 
2.617300e+09 8.039925e+03 
2619450000 8.021800e+03 
2621600000 8.030625e+03 
2623750000 8.035350e+03 
2.625900e+09 8.040775e+03 
2628050000 8.057700e+03 
2630200000 8.027275e+03 
2.632350e+09 8.016400e+03 
2634500000 8.011975e+03 
2636650000 8.011250e+03 
2638800000 7.995825e+03 
2.640950e+09 7.985250e+03 
2643100000 8.011350e+03 
2645250000 8.011125e+03 
2.647400e+09 8.002925e+03 
2649550000 8.040025e+03 
2651700000 8.023025e+03 
2653850000 8.013600e+03 
2.656000e+09 8.039525e+03 
2658150000 8.029375e+03 
2660300000 8.010475e+03 
2.662450e+09 7.996475e+03 
2664600000 7999 
2666750000 7.985975e+03 
2668900000 7.966050e+03 
2.671050e+09 7.976475e+03 
2673200000 7941 
2675350000 8.002275e+03 
2677500000 8.003475e+03 
2679650000 8.023750e+03 
2681800000 8.019675e+03 
2683950000 8.030425e+03 
2.686100e+09 8.034875e+03 
2688250000 8.028850e+03 
2690400000 8.063400e+03 
2692550000 8.042050e+03 
2694700000 8.022725e+03 
2696850000 8.019525e+03 
2699000000 8.031800e+03 
2.701150e+09 8.015175e+03 
2703300000 8.000175e+03 
2705450000 7.993550e+03 
2707600000 7.956525e+03 
2.709750e+09 7.979075e+03 
2711900000 7.992525e+03 
2714050000 7.981625e+03 
2.716200e+09 7.997750e+03 
2718350000 8.032500e+03 
2720500000 8.023250e+03 
2722650000 8.024650e+03 
2724800000 8.020700e+03 
2726950000 8.032100e+03 
2729100000 8.012100e+03 
2.731250e+09 7.995250e+03 
2733400000 8.007325e+03 
2735550000 8.001175e+03 
2737700000 7.994950e+03 
2.739850e+09 8.019975e+03 
2742000000 7.999700e+03 
2744150000 8.012125e+03 
2.746300e+09 8023 
2748450000 8.033050e+03 
2750600000 8.033525e+03 
2752750000 8025 
2754900000 8.051100e+03 
2757050000 8.015700e+03 
2759200000 8.050700e+03 
2.761350e+09 8.006750e+03 
2763500000 8.037150e+03 
2765650000 8.026075e+03 
2767800000 8.007400e+03 
2.769950e+09 8.032850e+03 
2772100000 8.034300e+03 
2774250000 8.038075e+03 
2.776400e+09 8.029900e+03 
2778550000 8.027650e+03 
2780700000 8.026275e+03 
2782850000 8.032025e+03 
2785000000 8006 
2787150000 8.032950e+03 
2789300000 8.026150e+03 
2791450000 8.026975e+03 
2793600000 8.004950e+03 
2795750000 8.006350e+03 
2797900000 8011 
2.800050e+09 8.008200e+03 
2802200000 8019 
2804350000 8.022300e+03 
2806500000 8.024900e+03 
2808650000 8.001800e+03 
2810800000 8.028900e+03 
2812950000 8.033675e+03 
2815100000 8.012025e+03 
2817250000 8.009275e+03 
2819400000 8.009625e+03 
2821550000 8.009325e+03 
2823700000 8.021075e+03 
2825850000 8.030175e+03 
2828000000 8.014625e+03 
2.830150e+09 8.025850e+03 
2832300000 8.016150e+03 
2834450000 8.026550e+03 
2836600000 8.011525e+03 
2838750000 8.036700e+03 
2840900000 8.013525e+03 
2843050000 8.008325e+03 
2845200000 8.023550e+03 
2847350000 8042 
2849500000 8.004800e+03 
2851650000 8.018975e+03 
2853800000 7.999275e+03 
2855950000 8.018125e+03 
2858100000 8.014850e+03 
2.860250e+09 8.022125e+03 
2862400000 8.000650e+03 
2864550000 8.016850e+03 
2866700000 8.023200e+03 
2868850000 8.007025e+03 
2871000000 7.992650e+03 
2873150000 7.996900e+03 
2875300000 8.015925e+03 
2877450000 8.002450e+03 
2879600000 8.009900e+03 
2881750000 8.028875e+03 
2883900000 8.015725e+03 
2886050000 8.022475e+03 
2888200000 8.014750e+03 
2.890350e+09 8.020900e+03 
2892500000 8.021450e+03 
2894650000 8.025325e+03 
2896800000 8.020975e+03 
2898950000 7.993825e+03 
2901100000 8.013900e+03 
2903250000 8.004925e+03 
2905400000 8.013350e+03 
2907550000 7.981875e+03 
2909700000 8.030325e+03 
2911850000 8.032525e+03 
2914000000 8.030400e+03 
2916150000 8.002950e+03 
2918300000 8.044100e+03 
2920450000 8.038900e+03 
2922600000 8.018725e+03 
2924750000 8.017775e+03 
2926900000 8.009750e+03 
2929050000 7.995825e+03 
2931200000 8.020225e+03 
2933350000 8.025475e+03 
2935500000 8.010625e+03 
2937650000 7.999900e+03 
2939800000 8.027675e+03 
2941950000 8.014175e+03 
2.944100e+09 8.028550e+03 
2946250000 8.012100e+03 
2948400000 8.018775e+03 
2950550000 8.019175e+03 
2952700000 8.009100e+03 
2954850000 8.020025e+03 
2957000000 8.021900e+03 
2959150000 8.013050e+03 
2961300000 8.027350e+03 
2963450000 8.021700e+03 
2965600000 8.028475e+03 
2967750000 8.012725e+03 
2969900000 8.008200e+03 
2972050000 8.030575e+03 
2974200000 8.010450e+03 
2976350000 8.013225e+03 
2978500000 8.001175e+03 
2980650000 8.033300e+03 
2982800000 7.995200e+03 
2984950000 8.007275e+03 
2987100000 8.021750e+03 
2989250000 8.034125e+03 
2991400000 8.032325e+03 
2993550000 8.036425e+03 
2995700000 8.018975e+03 
2997850000 8.017350e+03 
3000000000 8.047425e+03 

END
