IGOR
WAVES/D/O sweep,sig(1) 
BEGIN
2570000000 8.284625e+03 
2.572150e+09 8.318575e+03 
2574300000 8.296725e+03 
2576450000 8.270925e+03 
2578600000 8.258625e+03 
2.580750e+09 8.286850e+03 
2582900000 8.300600e+03 
2585050000 8.272100e+03 
2.587200e+09 8263 
2589350000 8.304250e+03 
2591500000 8.292525e+03 
2593650000 8.278150e+03 
2.595800e+09 8.285650e+03 
2597950000 8.300475e+03 
2600100000 8.307725e+03 
2.602250e+09 8.297400e+03 
2604400000 8.284500e+03 
2606550000 8.289625e+03 
2608700000 8.301250e+03 
2.610850e+09 8.259125e+03 
2613000000 8.277800e+03 
2615150000 8.251225e+03 
2.617300e+09 8.280675e+03 
2619450000 8.302050e+03 
2621600000 8.281700e+03 
2623750000 8.273200e+03 
2.625900e+09 8.274675e+03 
2628050000 8.280450e+03 
2630200000 8.242700e+03 
2.632350e+09 8.247725e+03 
2634500000 8.275025e+03 
2636650000 8.277750e+03 
2638800000 8.232325e+03 
2.640950e+09 8.239900e+03 
2643100000 8.264700e+03 
2645250000 8.253950e+03 
2.647400e+09 8.268800e+03 
2649550000 8.287350e+03 
2651700000 8.291550e+03 
2653850000 8.293950e+03 
2.656000e+09 8.281475e+03 
2658150000 8.275550e+03 
2660300000 8.261800e+03 
2.662450e+09 8.245775e+03 
2664600000 8.231150e+03 
2666750000 8.235825e+03 
2668900000 8.202500e+03 
2.671050e+09 8.221750e+03 
2673200000 8.217175e+03 
2675350000 8.258725e+03 
2677500000 8.236100e+03 
2679650000 8.261950e+03 
2681800000 8.254175e+03 
2683950000 8.270275e+03 
2.686100e+09 8.286625e+03 
2688250000 8.295575e+03 
2690400000 8.287300e+03 
2692550000 8.259800e+03 
2694700000 8.304300e+03 
2696850000 8.300825e+03 
2699000000 8.266250e+03 
2.701150e+09 8.254925e+03 
2703300000 8.235750e+03 
2705450000 8259 
2707600000 8.231250e+03 
2.709750e+09 8.243675e+03 
2711900000 8.237275e+03 
2714050000 8.256225e+03 
2.716200e+09 8.272750e+03 
2718350000 8.274350e+03 
2720500000 8.276300e+03 
2722650000 8.285300e+03 
2724800000 8290 
2726950000 8.277875e+03 
2729100000 8.287575e+03 
2.731250e+09 8269 
2733400000 8.264700e+03 
2735550000 8.285525e+03 
2737700000 8.271225e+03 
2.739850e+09 8.248975e+03 
2742000000 8.292500e+03 
2744150000 8.261475e+03 
2.746300e+09 8.268475e+03 
2748450000 8.287300e+03 
2750600000 8.291550e+03 
2752750000 8.287925e+03 
2754900000 8.297500e+03 
2757050000 8.299625e+03 
2759200000 8.291825e+03 
2.761350e+09 8.290025e+03 
2763500000 8.285175e+03 
2765650000 8.288750e+03 
2767800000 8.302675e+03 
2.769950e+09 8.298525e+03 
2772100000 8.296400e+03 
2774250000 8.304650e+03 
2.776400e+09 8.327125e+03 
2778550000 8.296950e+03 
2780700000 8.291575e+03 
2782850000 8.297550e+03 
2785000000 8.293200e+03 
2787150000 8.288575e+03 
2789300000 8.298375e+03 
2791450000 8.316375e+03 
2793600000 8.316525e+03 
2795750000 8.317650e+03 
2797900000 8.294525e+03 
2.800050e+09 8.302625e+03 
2802200000 8.302150e+03 
2804350000 8.288550e+03 
2806500000 8.301250e+03 
2808650000 8.267475e+03 
2810800000 8.278125e+03 
2812950000 8305 
2815100000 8.292250e+03 
2817250000 8.300675e+03 
2819400000 8.307100e+03 
2821550000 8.289125e+03 
2823700000 8.315100e+03 
2825850000 8.283425e+03 
2828000000 8.292825e+03 
2.830150e+09 8.273550e+03 
2832300000 8.287775e+03 
2834450000 8.279675e+03 
2836600000 8.304200e+03 
2838750000 8.285075e+03 
2840900000 8.282800e+03 
2843050000 8.281725e+03 
2845200000 8.277650e+03 
2847350000 8.311825e+03 
2849500000 8.284225e+03 
2851650000 8.300900e+03 
2853800000 8.282750e+03 
2855950000 8.293450e+03 
2858100000 8.268600e+03 
2.860250e+09 8.276425e+03 
2862400000 8.278650e+03 
2864550000 8.289100e+03 
2866700000 8.277600e+03 
2868850000 8.265525e+03 
2871000000 8.269625e+03 
2873150000 8.276550e+03 
2875300000 8.301650e+03 
2877450000 8.260675e+03 
2879600000 8.283750e+03 
2881750000 8.283175e+03 
2883900000 8.303400e+03 
2886050000 8296 
2888200000 8.296800e+03 
2.890350e+09 8.306350e+03 
2892500000 8.278850e+03 
2894650000 8.287600e+03 
2896800000 8.308125e+03 
2898950000 8.273325e+03 
2901100000 8.289975e+03 
2903250000 8.289275e+03 
2905400000 8.296800e+03 
2907550000 8.285450e+03 
2909700000 8.297750e+03 
2911850000 8.284475e+03 
2914000000 8.301775e+03 
2916150000 8.279600e+03 
2918300000 8.313975e+03 
2920450000 8.281875e+03 
2922600000 8.295575e+03 
2924750000 8.275200e+03 
2926900000 8.293875e+03 
2929050000 8.288475e+03 
2931200000 8.283525e+03 
2933350000 8.293725e+03 
2935500000 8305 
2937650000 8.288950e+03 
2939800000 8.278575e+03 
2941950000 8.300975e+03 
2.944100e+09 8.290875e+03 
2946250000 8.291775e+03 
2948400000 8.290650e+03 
2950550000 8.294825e+03 
2952700000 8.292600e+03 
2954850000 8.281850e+03 
2957000000 8.274875e+03 
2959150000 8.284400e+03 
2961300000 8.307650e+03 
2963450000 8.287375e+03 
2965600000 8.295425e+03 
2967750000 8.279500e+03 
2969900000 8.295200e+03 
2972050000 8.319975e+03 
2974200000 8.276200e+03 
2976350000 8.281950e+03 
2978500000 8.295975e+03 
2980650000 8.303825e+03 
2982800000 8.279825e+03 
2984950000 8.276075e+03 
2987100000 8.287950e+03 
2989250000 8.308700e+03 
2991400000 8.281900e+03 
2993550000 8.289850e+03 
2995700000 8.311975e+03 
2997850000 8.305300e+03 
3000000000 8.288475e+03 

END
