IGOR
WAVES/D/O sweep,sig(1) 
BEGIN
2570000000 8.144825e+03 
2.572150e+09 8.149625e+03 
2574300000 8.157800e+03 
2576450000 8.139850e+03 
2578600000 8.123500e+03 
2.580750e+09 8.124500e+03 
2582900000 8.145450e+03 
2585050000 8.146375e+03 
2.587200e+09 8.138700e+03 
2589350000 8.161650e+03 
2591500000 8.141425e+03 
2593650000 8.132675e+03 
2.595800e+09 8.126400e+03 
2597950000 8.125100e+03 
2600100000 8.162175e+03 
2.602250e+09 8.138800e+03 
2604400000 8.137050e+03 
2606550000 8133 
2608700000 8.120625e+03 
2.610850e+09 8.132550e+03 
2613000000 8.138550e+03 
2615150000 8.122550e+03 
2.617300e+09 8.155350e+03 
2619450000 8.128825e+03 
2621600000 8.134425e+03 
2623750000 8.132625e+03 
2.625900e+09 8.140700e+03 
2628050000 8.136575e+03 
2630200000 8.111475e+03 
2.632350e+09 8.102100e+03 
2634500000 8.110700e+03 
2636650000 8.075400e+03 
2638800000 8.094925e+03 
2.640950e+09 8.102875e+03 
2643100000 8.107225e+03 
2645250000 8.122675e+03 
2.647400e+09 8.115425e+03 
2649550000 8.131825e+03 
2651700000 8.154850e+03 
2653850000 8.138900e+03 
2.656000e+09 8.134450e+03 
2658150000 8.136050e+03 
2660300000 8.118900e+03 
2.662450e+09 8.113600e+03 
2664600000 8.079275e+03 
2666750000 8.082800e+03 
2668900000 8.085575e+03 
2.671050e+09 8.065325e+03 
2673200000 8.099725e+03 
2675350000 8.087575e+03 
2677500000 8.115925e+03 
2679650000 8.127700e+03 
2681800000 8130 
2683950000 8.126475e+03 
2.686100e+09 8.125350e+03 
2688250000 8.152575e+03 
2690400000 8.139775e+03 
2692550000 8.156500e+03 
2694700000 8.133875e+03 
2696850000 8.107125e+03 
2699000000 8.115125e+03 
2.701150e+09 8.091175e+03 
2703300000 8.092200e+03 
2705450000 8.072275e+03 
2707600000 8.072400e+03 
2.709750e+09 8.074325e+03 
2711900000 8.064075e+03 
2714050000 8.072725e+03 
2.716200e+09 8.122175e+03 
2718350000 8.117775e+03 
2720500000 8.158175e+03 
2722650000 8.138250e+03 
2724800000 8.147325e+03 
2726950000 8.160650e+03 
2729100000 8.110825e+03 
2.731250e+09 8.112700e+03 
2733400000 8.128050e+03 
2735550000 8.136950e+03 
2737700000 8.130750e+03 
2.739850e+09 8.100350e+03 
2742000000 8.127800e+03 
2744150000 8.119725e+03 
2.746300e+09 8.141875e+03 
2748450000 8.153875e+03 
2750600000 8.152275e+03 
2752750000 8.149350e+03 
2754900000 8.161575e+03 
2757050000 8.157600e+03 
2759200000 8.140325e+03 
2.761350e+09 8.158100e+03 
2763500000 8.169600e+03 
2765650000 8.174550e+03 
2767800000 8.151250e+03 
2.769950e+09 8.142825e+03 
2772100000 8.150475e+03 
2774250000 8.189225e+03 
2.776400e+09 8.160825e+03 
2778550000 8.180800e+03 
2780700000 8.152150e+03 
2782850000 8.162425e+03 
2785000000 8.156350e+03 
2787150000 8.151850e+03 
2789300000 8.123425e+03 
2791450000 8.142950e+03 
2793600000 8.128850e+03 
2795750000 8.151950e+03 
2797900000 8.149725e+03 
2.800050e+09 8.147275e+03 
2802200000 8.178175e+03 
2804350000 8.157275e+03 
2806500000 8.168775e+03 
2808650000 8.138700e+03 
2810800000 8.166650e+03 
2812950000 8.156125e+03 
2815100000 8.174800e+03 
2817250000 8.182700e+03 
2819400000 8.158750e+03 
2821550000 8.175125e+03 
2823700000 8.152750e+03 
2825850000 8.160100e+03 
2828000000 8.161825e+03 
2.830150e+09 8.193025e+03 
2832300000 8.165900e+03 
2834450000 8.163875e+03 
2836600000 8.172800e+03 
2838750000 8.161750e+03 
2840900000 8.144450e+03 
2843050000 8.180525e+03 
2845200000 8.162225e+03 
2847350000 8.175675e+03 
2849500000 8.163300e+03 
2851650000 8.136225e+03 
2853800000 8.154800e+03 
2855950000 8.152375e+03 
2858100000 8.159775e+03 
2.860250e+09 8.154975e+03 
2862400000 8.165875e+03 
2864550000 8.142425e+03 
2866700000 8.173850e+03 
2868850000 8.163325e+03 
2871000000 8.159550e+03 
2873150000 8.159325e+03 
2875300000 8.172725e+03 
2877450000 8.180725e+03 
2879600000 8.162700e+03 
2881750000 8.168700e+03 
2883900000 8.169750e+03 
2886050000 8.152275e+03 
2888200000 8.158650e+03 
2.890350e+09 8.159600e+03 
2892500000 8.172100e+03 
2894650000 8.152825e+03 
2896800000 8.150175e+03 
2898950000 8.170400e+03 
2901100000 8.179950e+03 
2903250000 8.151800e+03 
2905400000 8.177725e+03 
2907550000 8.181175e+03 
2909700000 8.153600e+03 
2911850000 8.164450e+03 
2914000000 8.165900e+03 
2916150000 8.177650e+03 
2918300000 8.130125e+03 
2920450000 8.161875e+03 
2922600000 8.165800e+03 
2924750000 8.149425e+03 
2926900000 8.165075e+03 
2929050000 8.139875e+03 
2931200000 8.162500e+03 
2933350000 8.164850e+03 
2935500000 8.150200e+03 
2937650000 8.146125e+03 
2939800000 8.127900e+03 
2941950000 8.157200e+03 
2.944100e+09 8.179625e+03 
2946250000 8.165775e+03 
2948400000 8165 
2950550000 8.160550e+03 
2952700000 8.166475e+03 
2954850000 8.157575e+03 
2957000000 8.179450e+03 
2959150000 8.174700e+03 
2961300000 8.144375e+03 
2963450000 8.159200e+03 
2965600000 8.176625e+03 
2967750000 8.155875e+03 
2969900000 8.150975e+03 
2972050000 8.151800e+03 
2974200000 8.149475e+03 
2976350000 8.152900e+03 
2978500000 8.175750e+03 
2980650000 8.148100e+03 
2982800000 8.163900e+03 
2984950000 8.136225e+03 
2987100000 8.153300e+03 
2989250000 8.163725e+03 
2991400000 8.149900e+03 
2993550000 8.150900e+03 
2995700000 8.151100e+03 
2997850000 8.142675e+03 
3000000000 8.156425e+03 

END
