IGOR
WAVES/D/O sweep,sig(1) 
BEGIN
2570000000 8.093325e+03 
2.572150e+09 8.087775e+03 
2574300000 8.086750e+03 
2576450000 8087 
2578600000 8.091100e+03 
2.580750e+09 8.081800e+03 
2582900000 8.085400e+03 
2585050000 8.098800e+03 
2.587200e+09 8.101975e+03 
2589350000 8.110300e+03 
2591500000 8.087250e+03 
2593650000 8.065950e+03 
2.595800e+09 8.077075e+03 
2597950000 8.068075e+03 
2600100000 8.091400e+03 
2.602250e+09 8.061775e+03 
2604400000 8.107750e+03 
2606550000 8.085625e+03 
2608700000 8.094600e+03 
2.610850e+09 8.095350e+03 
2613000000 8.098325e+03 
2615150000 8.087175e+03 
2.617300e+09 8.106775e+03 
2619450000 8.085725e+03 
2621600000 8.105650e+03 
2623750000 8.101725e+03 
2.625900e+09 8.070225e+03 
2628050000 8.078750e+03 
2630200000 8.089825e+03 
2.632350e+09 8.070300e+03 
2634500000 8.074550e+03 
2636650000 8.060325e+03 
2638800000 8.051125e+03 
2.640950e+09 8.067675e+03 
2643100000 8.064400e+03 
2645250000 8.078550e+03 
2.647400e+09 8.088625e+03 
2649550000 8.092625e+03 
2651700000 8.083750e+03 
2653850000 8.086075e+03 
2.656000e+09 8.082350e+03 
2658150000 8.109075e+03 
2660300000 8.056225e+03 
2.662450e+09 8.062625e+03 
2664600000 8.042350e+03 
2666750000 8.040125e+03 
2668900000 7.995500e+03 
2.671050e+09 8.006250e+03 
2673200000 8.021275e+03 
2675350000 8.056725e+03 
2677500000 8.050350e+03 
2679650000 8.064825e+03 
2681800000 8.077025e+03 
2683950000 8078 
2.686100e+09 8.084650e+03 
2688250000 8.087075e+03 
2690400000 8.094650e+03 
2692550000 8.098150e+03 
2694700000 8.100975e+03 
2696850000 8.064775e+03 
2699000000 8.066025e+03 
2.701150e+09 8.041175e+03 
2703300000 8.051550e+03 
2705450000 8.030075e+03 
2707600000 8.025125e+03 
2.709750e+09 8.032800e+03 
2711900000 8.038325e+03 
2714050000 8.077425e+03 
2.716200e+09 8.078875e+03 
2718350000 8.068075e+03 
2720500000 8.105525e+03 
2722650000 8.073300e+03 
2724800000 8.078575e+03 
2726950000 8.088500e+03 
2729100000 8.057500e+03 
2.731250e+09 8.063575e+03 
2733400000 8.059775e+03 
2735550000 8.063400e+03 
2737700000 8.054975e+03 
2.739850e+09 8.076650e+03 
2742000000 8.060350e+03 
2744150000 8.060025e+03 
2.746300e+09 8.067250e+03 
2748450000 8.057500e+03 
2750600000 8.105775e+03 
2752750000 8.067500e+03 
2754900000 8.056025e+03 
2757050000 8.091150e+03 
2759200000 8.083350e+03 
2.761350e+09 8.082950e+03 
2763500000 8.081450e+03 
2765650000 8.085225e+03 
2767800000 8.053100e+03 
2.769950e+09 8.074850e+03 
2772100000 8.071450e+03 
2774250000 8060 
2.776400e+09 8.084475e+03 
2778550000 8.075275e+03 
2780700000 8.086450e+03 
2782850000 8.090225e+03 
2785000000 8.070525e+03 
2787150000 8.094525e+03 
2789300000 8.074225e+03 
2791450000 8.059825e+03 
2793600000 8.091425e+03 
2795750000 8.058400e+03 
2797900000 8.087225e+03 
2.800050e+09 8.064600e+03 
2802200000 8.102375e+03 
2804350000 8.079625e+03 
2806500000 8.062725e+03 
2808650000 8.065075e+03 
2810800000 8.062800e+03 
2812950000 8.062075e+03 
2815100000 8078 
2817250000 8.068525e+03 
2819400000 8.066525e+03 
2821550000 8.062300e+03 
2823700000 8.065800e+03 
2825850000 8.068100e+03 
2828000000 8.062100e+03 
2.830150e+09 8.051275e+03 
2832300000 8.063175e+03 
2834450000 8.080550e+03 
2836600000 8.054400e+03 
2838750000 8.070825e+03 
2840900000 8.056800e+03 
2843050000 8.053050e+03 
2845200000 8.060750e+03 
2847350000 8.067750e+03 
2849500000 8.062475e+03 
2851650000 8.071050e+03 
2853800000 8.071925e+03 
2855950000 8.087075e+03 
2858100000 8.052475e+03 
2.860250e+09 8.062725e+03 
2862400000 8.064550e+03 
2864550000 8.064300e+03 
2866700000 8.053100e+03 
2868850000 8.056125e+03 
2871000000 8.029375e+03 
2873150000 8.073375e+03 
2875300000 8.046625e+03 
2877450000 8.058950e+03 
2879600000 8.071100e+03 
2881750000 8.058675e+03 
2883900000 8.049325e+03 
2886050000 8.054125e+03 
2888200000 8.052200e+03 
2.890350e+09 8.070325e+03 
2892500000 8.069850e+03 
2894650000 8.054800e+03 
2896800000 8.057600e+03 
2898950000 8.053450e+03 
2901100000 8.049750e+03 
2903250000 8.046675e+03 
2905400000 8.055600e+03 
2907550000 8.051125e+03 
2909700000 8.045725e+03 
2911850000 8.035025e+03 
2914000000 8.066525e+03 
2916150000 8.022050e+03 
2918300000 8.034075e+03 
2920450000 8.046675e+03 
2922600000 8.045650e+03 
2924750000 8.055325e+03 
2926900000 8.073150e+03 
2929050000 8.033975e+03 
2931200000 8.044875e+03 
2933350000 8.049925e+03 
2935500000 8.063025e+03 
2937650000 8.037375e+03 
2939800000 8.070075e+03 
2941950000 8.045500e+03 
2.944100e+09 8.017975e+03 
2946250000 8.059325e+03 
2948400000 8.045025e+03 
2950550000 8.069300e+03 
2952700000 8.051200e+03 
2954850000 8.035650e+03 
2957000000 8.055900e+03 
2959150000 8.035200e+03 
2961300000 8.059450e+03 
2963450000 8.072750e+03 
2965600000 8.043100e+03 
2967750000 8.059975e+03 
2969900000 8.048750e+03 
2972050000 8.036550e+03 
2974200000 8.045850e+03 
2976350000 8054 
2978500000 8.042725e+03 
2980650000 8.053800e+03 
2982800000 8.047350e+03 
2984950000 8.031250e+03 
2987100000 8.052950e+03 
2989250000 8.059150e+03 
2991400000 8069 
2993550000 8.033225e+03 
2995700000 8.058600e+03 
2997850000 8.033550e+03 
3000000000 8.049375e+03 

END
