IGOR
WAVES/D/O sweep,sig(1) 
BEGIN
2570000000 8.047400e+03 
2.572150e+09 8.013200e+03 
2574300000 8.027275e+03 
2576450000 8.037025e+03 
2578600000 8.024900e+03 
2.580750e+09 8.007800e+03 
2582900000 8.016250e+03 
2585050000 8.047100e+03 
2.587200e+09 8.011375e+03 
2589350000 8.038900e+03 
2591500000 8.032925e+03 
2593650000 8.011500e+03 
2.595800e+09 8.020250e+03 
2597950000 8.028950e+03 
2600100000 8.044925e+03 
2.602250e+09 8.029875e+03 
2604400000 8.027300e+03 
2606550000 8.033800e+03 
2608700000 8.038525e+03 
2.610850e+09 8.044025e+03 
2613000000 8.012275e+03 
2615150000 8.033025e+03 
2.617300e+09 7.989900e+03 
2619450000 8.031300e+03 
2621600000 8.034075e+03 
2623750000 8.011325e+03 
2.625900e+09 8.010225e+03 
2628050000 8.011700e+03 
2630200000 8.001350e+03 
2.632350e+09 8.011150e+03 
2634500000 7.979075e+03 
2636650000 7.980300e+03 
2638800000 7.976250e+03 
2.640950e+09 7.994225e+03 
2643100000 8.001750e+03 
2645250000 8.005350e+03 
2.647400e+09 8.020575e+03 
2649550000 7.986575e+03 
2651700000 8.032700e+03 
2653850000 8.019950e+03 
2.656000e+09 8.026800e+03 
2658150000 7.993875e+03 
2660300000 7.980575e+03 
2.662450e+09 7.981375e+03 
2664600000 7.984775e+03 
2666750000 7.957950e+03 
2668900000 7.946050e+03 
2.671050e+09 7.938700e+03 
2673200000 7.956900e+03 
2675350000 7.964900e+03 
2677500000 7.973325e+03 
2679650000 7.988425e+03 
2681800000 8.019450e+03 
2683950000 8.018525e+03 
2.686100e+09 8.017800e+03 
2688250000 8.023525e+03 
2690400000 8.026400e+03 
2692550000 7.998325e+03 
2694700000 8.011650e+03 
2696850000 8.021675e+03 
2699000000 7.988475e+03 
2.701150e+09 7.942550e+03 
2703300000 7.960025e+03 
2705450000 7.957650e+03 
2707600000 7.957400e+03 
2.709750e+09 7.958050e+03 
2711900000 7.951150e+03 
2714050000 7.966900e+03 
2.716200e+09 7.973175e+03 
2718350000 7.996425e+03 
2720500000 8.001225e+03 
2722650000 8.005050e+03 
2724800000 8.011050e+03 
2726950000 8.024675e+03 
2729100000 8.025400e+03 
2.731250e+09 7.994100e+03 
2733400000 7.990800e+03 
2735550000 8.010875e+03 
2737700000 7.989275e+03 
2.739850e+09 7.986250e+03 
2742000000 7.986100e+03 
2744150000 7.992100e+03 
2.746300e+09 8.012875e+03 
2748450000 8.047125e+03 
2750600000 8.016200e+03 
2752750000 8.038700e+03 
2754900000 8.013400e+03 
2757050000 8.028600e+03 
2759200000 7.982350e+03 
2.761350e+09 7.998850e+03 
2763500000 8.010550e+03 
2765650000 8.024725e+03 
2767800000 8.032700e+03 
2.769950e+09 8.023375e+03 
2772100000 8.032575e+03 
2774250000 8.012550e+03 
2.776400e+09 8.021625e+03 
2778550000 8.007350e+03 
2780700000 8.012925e+03 
2782850000 8.005500e+03 
2785000000 7.994475e+03 
2787150000 7.984500e+03 
2789300000 7.991575e+03 
2791450000 8.013400e+03 
2793600000 7.973375e+03 
2795750000 7.997325e+03 
2797900000 8.006050e+03 
2.800050e+09 8.016625e+03 
2802200000 8.013975e+03 
2804350000 8.000700e+03 
2806500000 8.016125e+03 
2808650000 8.001800e+03 
2810800000 8.017825e+03 
2812950000 7.985525e+03 
2815100000 8.016100e+03 
2817250000 7986 
2819400000 8.011150e+03 
2821550000 8.004725e+03 
2823700000 7.989400e+03 
2825850000 7.977375e+03 
2828000000 8.032200e+03 
2.830150e+09 8.018125e+03 
2832300000 7.997425e+03 
2834450000 7.994475e+03 
2836600000 7.989100e+03 
2838750000 8.027750e+03 
2840900000 8.020250e+03 
2843050000 7.991925e+03 
2845200000 8.000100e+03 
2847350000 8.000050e+03 
2849500000 8.031425e+03 
2851650000 7.991600e+03 
2853800000 8.032125e+03 
2855950000 8.026400e+03 
2858100000 8.005550e+03 
2.860250e+09 8.022400e+03 
2862400000 8.012225e+03 
2864550000 8.020550e+03 
2866700000 7.996475e+03 
2868850000 8.018500e+03 
2871000000 8030 
2873150000 8.032925e+03 
2875300000 8.010175e+03 
2877450000 8.016450e+03 
2879600000 7.982875e+03 
2881750000 7.993975e+03 
2883900000 8.019125e+03 
2886050000 7.994350e+03 
2888200000 8.029200e+03 
2.890350e+09 8.003525e+03 
2892500000 7.992050e+03 
2894650000 8.005675e+03 
2896800000 8.000650e+03 
2898950000 7.991775e+03 
2901100000 7.969775e+03 
2903250000 7.976725e+03 
2905400000 7.998775e+03 
2907550000 7.989825e+03 
2909700000 7.975400e+03 
2911850000 8.011825e+03 
2914000000 7.991500e+03 
2916150000 8.012775e+03 
2918300000 7.992425e+03 
2920450000 7.990025e+03 
2922600000 8.000300e+03 
2924750000 8.026100e+03 
2926900000 8.013475e+03 
2929050000 8.002625e+03 
2931200000 7.988250e+03 
2933350000 7.973125e+03 
2935500000 8.018550e+03 
2937650000 7.992775e+03 
2939800000 7.998325e+03 
2941950000 8.013075e+03 
2.944100e+09 8.020150e+03 
2946250000 8.027550e+03 
2948400000 8.026075e+03 
2950550000 8.032050e+03 
2952700000 7.996200e+03 
2954850000 8.002925e+03 
2957000000 7.997800e+03 
2959150000 7.991300e+03 
2961300000 8.008625e+03 
2963450000 8.002675e+03 
2965600000 7.995050e+03 
2967750000 8.011525e+03 
2969900000 7.988175e+03 
2972050000 7.996575e+03 
2974200000 8.009025e+03 
2976350000 8.004250e+03 
2978500000 7.983325e+03 
2980650000 7.998125e+03 
2982800000 7.973650e+03 
2984950000 8.008650e+03 
2987100000 8.025225e+03 
2989250000 8.028175e+03 
2991400000 8.026500e+03 
2993550000 8.000450e+03 
2995700000 8.032375e+03 
2997850000 8.028125e+03 
3000000000 8.019225e+03 

END
