IGOR
WAVES/D/O sweep,sig(1) 
BEGIN
2570000000 8.153600e+03 
2.572150e+09 8.164375e+03 
2574300000 8.187700e+03 
2576450000 8.139200e+03 
2578600000 8.178975e+03 
2.580750e+09 8.191350e+03 
2582900000 8.151775e+03 
2585050000 8.197725e+03 
2.587200e+09 8.153650e+03 
2589350000 8.165425e+03 
2591500000 8.159800e+03 
2593650000 8.186725e+03 
2.595800e+09 8.151875e+03 
2597950000 8.161875e+03 
2600100000 8.175800e+03 
2.602250e+09 8.186825e+03 
2604400000 8.176975e+03 
2606550000 8.138925e+03 
2608700000 8.179075e+03 
2.610850e+09 8.166775e+03 
2613000000 8.154750e+03 
2615150000 8.172225e+03 
2.617300e+09 8.161800e+03 
2619450000 8.179250e+03 
2621600000 8.172700e+03 
2623750000 8.152825e+03 
2.625900e+09 8.180275e+03 
2628050000 8.137900e+03 
2630200000 8.136550e+03 
2.632350e+09 8.142975e+03 
2634500000 8151 
2636650000 8134 
2638800000 8.127875e+03 
2.640950e+09 8.116800e+03 
2643100000 8.122775e+03 
2645250000 8.127875e+03 
2.647400e+09 8.145825e+03 
2649550000 8.168600e+03 
2651700000 8.166025e+03 
2653850000 8.166325e+03 
2.656000e+09 8.153550e+03 
2658150000 8.161800e+03 
2660300000 8.167175e+03 
2.662450e+09 8.154550e+03 
2664600000 8.111875e+03 
2666750000 8.091825e+03 
2668900000 8.083225e+03 
2.671050e+09 8.085500e+03 
2673200000 8.089800e+03 
2675350000 8.108950e+03 
2677500000 8.128925e+03 
2679650000 8.134250e+03 
2681800000 8.125025e+03 
2683950000 8.156375e+03 
2.686100e+09 8.146425e+03 
2688250000 8.162175e+03 
2690400000 8.159850e+03 
2692550000 8.154300e+03 
2694700000 8.161100e+03 
2696850000 8.175800e+03 
2699000000 8.134750e+03 
2.701150e+09 8.110625e+03 
2703300000 8.109900e+03 
2705450000 8.114925e+03 
2707600000 8.087125e+03 
2.709750e+09 8086 
2711900000 8.118500e+03 
2714050000 8.126475e+03 
2.716200e+09 8.125825e+03 
2718350000 8.150775e+03 
2720500000 8.160250e+03 
2722650000 8.175375e+03 
2724800000 8172 
2726950000 8.138750e+03 
2729100000 8.181600e+03 
2.731250e+09 8.132025e+03 
2733400000 8.133150e+03 
2735550000 8.156300e+03 
2737700000 8.107175e+03 
2.739850e+09 8.137500e+03 
2742000000 8.140425e+03 
2744150000 8.127150e+03 
2.746300e+09 8.144650e+03 
2748450000 8.140275e+03 
2750600000 8158 
2752750000 8.168850e+03 
2754900000 8169 
2757050000 8.172300e+03 
2759200000 8.165100e+03 
2.761350e+09 8.190550e+03 
2763500000 8.161500e+03 
2765650000 8.163400e+03 
2767800000 8.166025e+03 
2.769950e+09 8.167325e+03 
2772100000 8.159525e+03 
2774250000 8.176500e+03 
2.776400e+09 8.177500e+03 
2778550000 8.180350e+03 
2780700000 8.165625e+03 
2782850000 8.148825e+03 
2785000000 8.160275e+03 
2787150000 8.162275e+03 
2789300000 8.173850e+03 
2791450000 8.174425e+03 
2793600000 8.203125e+03 
2795750000 8.196275e+03 
2797900000 8.172150e+03 
2.800050e+09 8.150300e+03 
2802200000 8.168125e+03 
2804350000 8.150700e+03 
2806500000 8.176500e+03 
2808650000 8.161800e+03 
2810800000 8.172700e+03 
2812950000 8.176700e+03 
2815100000 8.140500e+03 
2817250000 8.179250e+03 
2819400000 8.188950e+03 
2821550000 8.168850e+03 
2823700000 8.176175e+03 
2825850000 8.174650e+03 
2828000000 8.158475e+03 
2.830150e+09 8.141250e+03 
2832300000 8.149875e+03 
2834450000 8.174350e+03 
2836600000 8.164500e+03 
2838750000 8.176825e+03 
2840900000 8.166975e+03 
2843050000 8.166600e+03 
2845200000 8.166625e+03 
2847350000 8.156850e+03 
2849500000 8.146800e+03 
2851650000 8183 
2853800000 8.152075e+03 
2855950000 8.157800e+03 
2858100000 8.152050e+03 
2.860250e+09 8.157150e+03 
2862400000 8.151825e+03 
2864550000 8.133525e+03 
2866700000 8.139650e+03 
2868850000 8.147450e+03 
2871000000 8.164400e+03 
2873150000 8.160450e+03 
2875300000 8.154100e+03 
2877450000 8.169725e+03 
2879600000 8.174575e+03 
2881750000 8.162475e+03 
2883900000 8.160975e+03 
2886050000 8.179025e+03 
2888200000 8.164725e+03 
2.890350e+09 8.168600e+03 
2892500000 8.165500e+03 
2894650000 8.161900e+03 
2896800000 8.164525e+03 
2898950000 8.173250e+03 
2901100000 8.178225e+03 
2903250000 8.198525e+03 
2905400000 8.168675e+03 
2907550000 8.177150e+03 
2909700000 8.178975e+03 
2911850000 8.170325e+03 
2914000000 8.189500e+03 
2916150000 8.180175e+03 
2918300000 8.169100e+03 
2920450000 8.162025e+03 
2922600000 8.178050e+03 
2924750000 8.186675e+03 
2926900000 8.156950e+03 
2929050000 8.163525e+03 
2931200000 8.168225e+03 
2933350000 8.162300e+03 
2935500000 8.170600e+03 
2937650000 8.161725e+03 
2939800000 8.146925e+03 
2941950000 8.161775e+03 
2.944100e+09 8.160550e+03 
2946250000 8.147300e+03 
2948400000 8.145200e+03 
2950550000 8.188025e+03 
2952700000 8.162075e+03 
2954850000 8.162975e+03 
2957000000 8.139150e+03 
2959150000 8.154200e+03 
2961300000 8.149450e+03 
2963450000 8.182175e+03 
2965600000 8.160575e+03 
2967750000 8.168750e+03 
2969900000 8.165950e+03 
2972050000 8.167625e+03 
2974200000 8.167400e+03 
2976350000 8.182100e+03 
2978500000 8.188525e+03 
2980650000 8.148950e+03 
2982800000 8.150525e+03 
2984950000 8.175650e+03 
2987100000 8.165225e+03 
2989250000 8.155850e+03 
2991400000 8.164275e+03 
2993550000 8.153300e+03 
2995700000 8.169800e+03 
2997850000 8.162400e+03 
3000000000 8.183375e+03 

END
