IGOR
WAVES/D/O sweep,sig(1) 
BEGIN
2570000000 8.096200e+03 
2.572150e+09 8.083400e+03 
2574300000 8.094125e+03 
2576450000 8.099125e+03 
2578600000 8.082925e+03 
2.580750e+09 8.093425e+03 
2582900000 8.113700e+03 
2585050000 8.113575e+03 
2.587200e+09 8.087350e+03 
2589350000 8.112950e+03 
2591500000 8.076100e+03 
2593650000 8.107975e+03 
2.595800e+09 8.094200e+03 
2597950000 8.076950e+03 
2600100000 8.098400e+03 
2.602250e+09 8.094150e+03 
2604400000 8.096850e+03 
2606550000 8.110200e+03 
2608700000 8.123900e+03 
2.610850e+09 8.104400e+03 
2613000000 8108 
2615150000 8.107575e+03 
2.617300e+09 8091 
2619450000 8086 
2621600000 8.087200e+03 
2623750000 8.090200e+03 
2.625900e+09 8.104925e+03 
2628050000 8.089300e+03 
2630200000 8.059200e+03 
2.632350e+09 8.071900e+03 
2634500000 8.065725e+03 
2636650000 8.047700e+03 
2638800000 8.048575e+03 
2.640950e+09 8.063400e+03 
2643100000 8.047675e+03 
2645250000 8.087800e+03 
2.647400e+09 8.068600e+03 
2649550000 8.090925e+03 
2651700000 8.067500e+03 
2653850000 8.077025e+03 
2.656000e+09 8.082150e+03 
2658150000 8.061625e+03 
2660300000 8.062650e+03 
2.662450e+09 8.052725e+03 
2664600000 8.058850e+03 
2666750000 8.050100e+03 
2668900000 8.032025e+03 
2.671050e+09 8.045525e+03 
2673200000 8.022075e+03 
2675350000 8.028725e+03 
2677500000 8.054150e+03 
2679650000 8.074400e+03 
2681800000 8.089025e+03 
2683950000 8094 
2.686100e+09 8.088825e+03 
2688250000 8.103800e+03 
2690400000 8097 
2692550000 8.096325e+03 
2694700000 8.093825e+03 
2696850000 8.084800e+03 
2699000000 8.095150e+03 
2.701150e+09 8.072325e+03 
2703300000 8.031250e+03 
2705450000 8.023800e+03 
2707600000 8.031875e+03 
2.709750e+09 8.047625e+03 
2711900000 8.067550e+03 
2714050000 8.069275e+03 
2.716200e+09 8.057950e+03 
2718350000 8.079725e+03 
2720500000 8.067300e+03 
2722650000 8.071775e+03 
2724800000 8.096350e+03 
2726950000 8.082325e+03 
2729100000 8.096150e+03 
2.731250e+09 8.093775e+03 
2733400000 8.065250e+03 
2735550000 8.056600e+03 
2737700000 8.085850e+03 
2.739850e+09 8.059500e+03 
2742000000 8.105525e+03 
2744150000 8.098850e+03 
2.746300e+09 8.116200e+03 
2748450000 8.099175e+03 
2750600000 8.105425e+03 
2752750000 8.116775e+03 
2754900000 8.110875e+03 
2757050000 8.128975e+03 
2759200000 8.096850e+03 
2.761350e+09 8.111100e+03 
2763500000 8.112025e+03 
2765650000 8.102900e+03 
2767800000 8.108875e+03 
2.769950e+09 8.112975e+03 
2772100000 8.105475e+03 
2774250000 8.118775e+03 
2.776400e+09 8.091700e+03 
2778550000 8.108775e+03 
2780700000 8.110175e+03 
2782850000 8.101625e+03 
2785000000 8.113150e+03 
2787150000 8.112900e+03 
2789300000 8.124175e+03 
2791450000 8.132100e+03 
2793600000 8.121550e+03 
2795750000 8.100250e+03 
2797900000 8.092050e+03 
2.800050e+09 8.109600e+03 
2802200000 8.087150e+03 
2804350000 8.121825e+03 
2806500000 8.115125e+03 
2808650000 8.097950e+03 
2810800000 8.106050e+03 
2812950000 8.125575e+03 
2815100000 8.091125e+03 
2817250000 8.119750e+03 
2819400000 8.089525e+03 
2821550000 8.101150e+03 
2823700000 8.113125e+03 
2825850000 8.101975e+03 
2828000000 8.091600e+03 
2.830150e+09 8.092275e+03 
2832300000 8.090725e+03 
2834450000 8.101300e+03 
2836600000 8.099450e+03 
2838750000 8.111300e+03 
2840900000 8.117300e+03 
2843050000 8.092525e+03 
2845200000 8.102575e+03 
2847350000 8.090125e+03 
2849500000 8.104675e+03 
2851650000 8.095225e+03 
2853800000 8.105825e+03 
2855950000 8.108700e+03 
2858100000 8.112900e+03 
2.860250e+09 8.104600e+03 
2862400000 8.103150e+03 
2864550000 8.107575e+03 
2866700000 8.105850e+03 
2868850000 8.097400e+03 
2871000000 8.113475e+03 
2873150000 8.123500e+03 
2875300000 8.120475e+03 
2877450000 8.104625e+03 
2879600000 8.093850e+03 
2881750000 8.095625e+03 
2883900000 8.106475e+03 
2886050000 8.103475e+03 
2888200000 8.109800e+03 
2.890350e+09 8.098800e+03 
2892500000 8.119450e+03 
2894650000 8.101200e+03 
2896800000 8.119425e+03 
2898950000 8.111475e+03 
2901100000 8.127200e+03 
2903250000 8.127925e+03 
2905400000 8.139575e+03 
2907550000 8.123250e+03 
2909700000 8.098400e+03 
2911850000 8.119775e+03 
2914000000 8.101275e+03 
2916150000 8.117625e+03 
2918300000 8.091350e+03 
2920450000 8.095400e+03 
2922600000 8.105250e+03 
2924750000 8.111550e+03 
2926900000 8.087125e+03 
2929050000 8.101550e+03 
2931200000 8.081275e+03 
2933350000 8.095800e+03 
2935500000 8.107700e+03 
2937650000 8103 
2939800000 8.110725e+03 
2941950000 8.080425e+03 
2.944100e+09 8.091650e+03 
2946250000 8.100725e+03 
2948400000 8.101925e+03 
2950550000 8.111625e+03 
2952700000 8.101525e+03 
2954850000 8.090525e+03 
2957000000 8.103625e+03 
2959150000 8.112550e+03 
2961300000 8.084100e+03 
2963450000 8.113600e+03 
2965600000 8.115675e+03 
2967750000 8.100175e+03 
2969900000 8.101675e+03 
2972050000 8.126750e+03 
2974200000 8.124550e+03 
2976350000 8.078700e+03 
2978500000 8.104375e+03 
2980650000 8.104450e+03 
2982800000 8.111375e+03 
2984950000 8.109375e+03 
2987100000 8.105375e+03 
2989250000 8.091700e+03 
2991400000 8.114875e+03 
2993550000 8.097475e+03 
2995700000 8.095125e+03 
2997850000 8.100950e+03 
3000000000 8.107275e+03 

END
