IGOR
WAVES/D/O sweep,sig(1) 
BEGIN
2570000000 8.080575e+03 
2.572150e+09 8.079425e+03 
2574300000 8.077275e+03 
2576450000 8.078075e+03 
2578600000 8.084275e+03 
2.580750e+09 8.054950e+03 
2582900000 8.050025e+03 
2585050000 8.078750e+03 
2.587200e+09 8.087725e+03 
2589350000 8.071125e+03 
2591500000 8.060225e+03 
2593650000 8.059925e+03 
2.595800e+09 8.082225e+03 
2597950000 8.079700e+03 
2600100000 8.058525e+03 
2.602250e+09 8.064050e+03 
2604400000 8.088300e+03 
2606550000 8.077350e+03 
2608700000 8.093975e+03 
2.610850e+09 8.141175e+03 
2613000000 8.111275e+03 
2615150000 8.078050e+03 
2.617300e+09 8.085825e+03 
2619450000 8.093150e+03 
2621600000 8.079150e+03 
2623750000 8.086225e+03 
2.625900e+09 8.111375e+03 
2628050000 8.081350e+03 
2630200000 8.011400e+03 
2.632350e+09 8.067350e+03 
2634500000 8.053025e+03 
2636650000 8.048150e+03 
2638800000 8.056250e+03 
2.640950e+09 8.056575e+03 
2643100000 8.055400e+03 
2645250000 8.078950e+03 
2.647400e+09 8.078650e+03 
2649550000 8.084875e+03 
2651700000 8.037150e+03 
2653850000 8.088250e+03 
2.656000e+09 8.091650e+03 
2658150000 8.087250e+03 
2660300000 8.074775e+03 
2.662450e+09 8.042875e+03 
2664600000 8.052250e+03 
2666750000 8.027050e+03 
2668900000 8.007850e+03 
2.671050e+09 8.020750e+03 
2673200000 8.019475e+03 
2675350000 7.997800e+03 
2677500000 8.050325e+03 
2679650000 8.057825e+03 
2681800000 8.059850e+03 
2683950000 8.101275e+03 
2.686100e+09 8.093125e+03 
2688250000 8.090425e+03 
2690400000 8.072575e+03 
2692550000 8.070525e+03 
2694700000 8.062875e+03 
2696850000 8.044375e+03 
2699000000 8.040375e+03 
2.701150e+09 8.048200e+03 
2703300000 8.021800e+03 
2705450000 8.017650e+03 
2707600000 8.025275e+03 
2.709750e+09 8.043425e+03 
2711900000 8.017350e+03 
2714050000 8.030700e+03 
2.716200e+09 8.048425e+03 
2718350000 8.092750e+03 
2720500000 8.062400e+03 
2722650000 8.060450e+03 
2724800000 8.071600e+03 
2726950000 8.048300e+03 
2729100000 8.065700e+03 
2.731250e+09 8.067100e+03 
2733400000 8.053500e+03 
2735550000 8.043525e+03 
2737700000 8.034800e+03 
2.739850e+09 8.035125e+03 
2742000000 8.070575e+03 
2744150000 8.055250e+03 
2.746300e+09 8.049050e+03 
2748450000 8.063650e+03 
2750600000 8.057300e+03 
2752750000 8.061125e+03 
2754900000 8.071325e+03 
2757050000 8.078825e+03 
2759200000 8.059425e+03 
2.761350e+09 8.076500e+03 
2763500000 8.101175e+03 
2765650000 8.078525e+03 
2767800000 8.057550e+03 
2.769950e+09 8.082225e+03 
2772100000 8.050450e+03 
2774250000 8.085100e+03 
2.776400e+09 8.092825e+03 
2778550000 8.089800e+03 
2780700000 8.079100e+03 
2782850000 8.108550e+03 
2785000000 8.064600e+03 
2787150000 8.057175e+03 
2789300000 8.059275e+03 
2791450000 8.085300e+03 
2793600000 8.074450e+03 
2795750000 8.089875e+03 
2797900000 8.093725e+03 
2.800050e+09 8065 
2802200000 8.086325e+03 
2804350000 8.053250e+03 
2806500000 8.036175e+03 
2808650000 8.063900e+03 
2810800000 8.052175e+03 
2812950000 8.045300e+03 
2815100000 8.067425e+03 
2817250000 8.062700e+03 
2819400000 8.071025e+03 
2821550000 8.077775e+03 
2823700000 8.081825e+03 
2825850000 8.079050e+03 
2828000000 8.089750e+03 
2.830150e+09 8.075100e+03 
2832300000 8.103800e+03 
2834450000 8.128375e+03 
2836600000 8.081025e+03 
2838750000 8.066975e+03 
2840900000 8.101375e+03 
2843050000 8.101050e+03 
2845200000 8.071375e+03 
2847350000 8.082400e+03 
2849500000 8.091100e+03 
2851650000 8.104750e+03 
2853800000 8.081975e+03 
2855950000 8.056475e+03 
2858100000 8.078225e+03 
2.860250e+09 8.092650e+03 
2862400000 8.088200e+03 
2864550000 8.083650e+03 
2866700000 8.100975e+03 
2868850000 8.092175e+03 
2871000000 8.075025e+03 
2873150000 8.055450e+03 
2875300000 8.109125e+03 
2877450000 8.050675e+03 
2879600000 8.087975e+03 
2881750000 8.094975e+03 
2883900000 8.083975e+03 
2886050000 8.102300e+03 
2888200000 8.083275e+03 
2.890350e+09 8.106850e+03 
2892500000 8108 
2894650000 8.096700e+03 
2896800000 8.059575e+03 
2898950000 8.057900e+03 
2901100000 8.101900e+03 
2903250000 8.079225e+03 
2905400000 8.101450e+03 
2907550000 8.079950e+03 
2909700000 8.107875e+03 
2911850000 8.086300e+03 
2914000000 8.066050e+03 
2916150000 8.094700e+03 
2918300000 8.091825e+03 
2920450000 8.090950e+03 
2922600000 8.078925e+03 
2924750000 8.097550e+03 
2926900000 8.091225e+03 
2929050000 8.093600e+03 
2931200000 8.121675e+03 
2933350000 8.094500e+03 
2935500000 8.081500e+03 
2937650000 8.100875e+03 
2939800000 8.108150e+03 
2941950000 8.075525e+03 
2.944100e+09 8.076475e+03 
2946250000 8.089125e+03 
2948400000 8.111775e+03 
2950550000 8.122225e+03 
2952700000 8.084375e+03 
2954850000 8.099950e+03 
2957000000 8.110875e+03 
2959150000 8.080125e+03 
2961300000 8.091525e+03 
2963450000 8093 
2965600000 8.093775e+03 
2967750000 8.112150e+03 
2969900000 8.090900e+03 
2972050000 8.087200e+03 
2974200000 8.097925e+03 
2976350000 8.101450e+03 
2978500000 8.089500e+03 
2980650000 8.105375e+03 
2982800000 8.099225e+03 
2984950000 8.092100e+03 
2987100000 8.088450e+03 
2989250000 8085 
2991400000 8.095450e+03 
2993550000 8.085800e+03 
2995700000 8.103600e+03 
2997850000 8.101225e+03 
3000000000 8.093525e+03 

END
