IGOR
WAVES/D/O sweep,sig(1) 
BEGIN
2570000000 8.232775e+03 
2.572150e+09 8.222625e+03 
2574300000 8.225275e+03 
2576450000 8.216775e+03 
2578600000 8.218725e+03 
2.580750e+09 8.225725e+03 
2582900000 8.207025e+03 
2585050000 8.231675e+03 
2.587200e+09 8.222100e+03 
2589350000 8.240075e+03 
2591500000 8.226050e+03 
2593650000 8.221450e+03 
2.595800e+09 8.223425e+03 
2597950000 8.216775e+03 
2600100000 8.225675e+03 
2.602250e+09 8.218325e+03 
2604400000 8.226275e+03 
2606550000 8.219550e+03 
2608700000 8.220225e+03 
2.610850e+09 8.211600e+03 
2613000000 8.212800e+03 
2615150000 8.227900e+03 
2.617300e+09 8.219325e+03 
2619450000 8.236850e+03 
2621600000 8.216400e+03 
2623750000 8.214350e+03 
2.625900e+09 8.218875e+03 
2628050000 8.222325e+03 
2630200000 8.207125e+03 
2.632350e+09 8.190625e+03 
2634500000 8.186925e+03 
2636650000 8.177075e+03 
2638800000 8.185300e+03 
2.640950e+09 8.180775e+03 
2643100000 8.173600e+03 
2645250000 8.192075e+03 
2.647400e+09 8.188950e+03 
2649550000 8.215225e+03 
2651700000 8.203775e+03 
2653850000 8.227750e+03 
2.656000e+09 8.237250e+03 
2658150000 8.217075e+03 
2660300000 8.189975e+03 
2.662450e+09 8.188100e+03 
2664600000 8.185750e+03 
2666750000 8.150325e+03 
2668900000 8.146950e+03 
2.671050e+09 8.146750e+03 
2673200000 8.168475e+03 
2675350000 8.169375e+03 
2677500000 8178 
2679650000 8.188975e+03 
2681800000 8.206625e+03 
2683950000 8.223600e+03 
2.686100e+09 8.230550e+03 
2688250000 8.218275e+03 
2690400000 8.208300e+03 
2692550000 8.217400e+03 
2694700000 8.198350e+03 
2696850000 8.177875e+03 
2699000000 8.196975e+03 
2.701150e+09 8.157200e+03 
2703300000 8.159050e+03 
2705450000 8.138075e+03 
2707600000 8.142700e+03 
2.709750e+09 8.147250e+03 
2711900000 8.164475e+03 
2714050000 8.161625e+03 
2.716200e+09 8.163450e+03 
2718350000 8.230750e+03 
2720500000 8.216850e+03 
2722650000 8.210150e+03 
2724800000 8.209550e+03 
2726950000 8.209625e+03 
2729100000 8.216400e+03 
2.731250e+09 8.200400e+03 
2733400000 8.199650e+03 
2735550000 8.203525e+03 
2737700000 8.170800e+03 
2.739850e+09 8.215650e+03 
2742000000 8.213950e+03 
2744150000 8.190975e+03 
2.746300e+09 8.225525e+03 
2748450000 8.207425e+03 
2750600000 8.213175e+03 
2752750000 8.235850e+03 
2754900000 8.231975e+03 
2757050000 8.224975e+03 
2759200000 8.204100e+03 
2.761350e+09 8.234125e+03 
2763500000 8.232575e+03 
2765650000 8.193250e+03 
2767800000 8.215450e+03 
2.769950e+09 8.240650e+03 
2772100000 8.228500e+03 
2774250000 8.212650e+03 
2.776400e+09 8.230525e+03 
2778550000 8.217725e+03 
2780700000 8.218300e+03 
2782850000 8.249150e+03 
2785000000 8224 
2787150000 8.214400e+03 
2789300000 8.236400e+03 
2791450000 8.218350e+03 
2793600000 8.220625e+03 
2795750000 8.248150e+03 
2797900000 8.228450e+03 
2.800050e+09 8.211500e+03 
2802200000 8.230900e+03 
2804350000 8.215825e+03 
2806500000 8.219250e+03 
2808650000 8.226750e+03 
2810800000 8.203275e+03 
2812950000 8.222325e+03 
2815100000 8.238200e+03 
2817250000 8.233950e+03 
2819400000 8.223175e+03 
2821550000 8.210400e+03 
2823700000 8.213775e+03 
2825850000 8.228500e+03 
2828000000 8.199650e+03 
2.830150e+09 8.219525e+03 
2832300000 8.225275e+03 
2834450000 8.253825e+03 
2836600000 8.219400e+03 
2838750000 8.232275e+03 
2840900000 8.240100e+03 
2843050000 8.221425e+03 
2845200000 8.218325e+03 
2847350000 8.207350e+03 
2849500000 8.231625e+03 
2851650000 8.216825e+03 
2853800000 8.218400e+03 
2855950000 8.243150e+03 
2858100000 8.230150e+03 
2.860250e+09 8.232450e+03 
2862400000 8.240900e+03 
2864550000 8.231100e+03 
2866700000 8.226575e+03 
2868850000 8.201975e+03 
2871000000 8.225225e+03 
2873150000 8.223325e+03 
2875300000 8.204300e+03 
2877450000 8.240350e+03 
2879600000 8.236750e+03 
2881750000 8.230450e+03 
2883900000 8.210225e+03 
2886050000 8.221625e+03 
2888200000 8.218375e+03 
2.890350e+09 8.228725e+03 
2892500000 8.218675e+03 
2894650000 8.211600e+03 
2896800000 8.222775e+03 
2898950000 8.216925e+03 
2901100000 8.221750e+03 
2903250000 8.229950e+03 
2905400000 8.216525e+03 
2907550000 8.252075e+03 
2909700000 8.223225e+03 
2911850000 8.222475e+03 
2914000000 8.229125e+03 
2916150000 8.219300e+03 
2918300000 8.196150e+03 
2920450000 8.215525e+03 
2922600000 8.224375e+03 
2924750000 8.197825e+03 
2926900000 8.203025e+03 
2929050000 8.218550e+03 
2931200000 8.207750e+03 
2933350000 8.206300e+03 
2935500000 8.208225e+03 
2937650000 8.204125e+03 
2939800000 8.223875e+03 
2941950000 8.210125e+03 
2.944100e+09 8.192725e+03 
2946250000 8.213450e+03 
2948400000 8.226725e+03 
2950550000 8.209700e+03 
2952700000 8.194875e+03 
2954850000 8.215125e+03 
2957000000 8.193675e+03 
2959150000 8.205050e+03 
2961300000 8.183450e+03 
2963450000 8.216400e+03 
2965600000 8.214150e+03 
2967750000 8.216375e+03 
2969900000 8.181550e+03 
2972050000 8.218925e+03 
2974200000 8.209300e+03 
2976350000 8.194950e+03 
2978500000 8.189925e+03 
2980650000 8.203850e+03 
2982800000 8.219475e+03 
2984950000 8.201900e+03 
2987100000 8.204250e+03 
2989250000 8.204100e+03 
2991400000 8.199150e+03 
2993550000 8.223950e+03 
2995700000 8.215950e+03 
2997850000 8.219325e+03 
3000000000 8.206775e+03 

END
