IGOR
WAVES/D/O sweep,sig(1) 
BEGIN
2570000000 8.033650e+03 
2.572150e+09 8.028425e+03 
2574300000 8.028625e+03 
2576450000 8.019050e+03 
2578600000 8.015625e+03 
2.580750e+09 8.063750e+03 
2582900000 8.036950e+03 
2585050000 8.042425e+03 
2.587200e+09 8.033200e+03 
2589350000 8.048950e+03 
2591500000 8.037400e+03 
2593650000 8.027375e+03 
2.595800e+09 8.042900e+03 
2597950000 8.025275e+03 
2600100000 8.036450e+03 
2.602250e+09 8.040550e+03 
2604400000 8.021975e+03 
2606550000 8.026050e+03 
2608700000 8.044275e+03 
2.610850e+09 8.051375e+03 
2613000000 8.047525e+03 
2615150000 8.047750e+03 
2.617300e+09 8.035375e+03 
2619450000 8.069275e+03 
2621600000 8.048550e+03 
2623750000 8.049550e+03 
2.625900e+09 8.044800e+03 
2628050000 8.056425e+03 
2630200000 8.029200e+03 
2.632350e+09 8.053775e+03 
2634500000 8.060125e+03 
2636650000 8.063925e+03 
2638800000 8.038725e+03 
2.640950e+09 8.070575e+03 
2643100000 8.058200e+03 
2645250000 8.058200e+03 
2.647400e+09 8.021275e+03 
2649550000 8.031450e+03 
2651700000 8.017625e+03 
2653850000 8.035425e+03 
2.656000e+09 8.026475e+03 
2658150000 8.011450e+03 
2660300000 8.037050e+03 
2.662450e+09 8.014575e+03 
2664600000 8.037075e+03 
2666750000 8043 
2668900000 8.032350e+03 
2.671050e+09 8.032475e+03 
2673200000 8.046700e+03 
2675350000 8.059150e+03 
2677500000 8.033625e+03 
2679650000 8.049425e+03 
2681800000 8.057225e+03 
2683950000 8.035125e+03 
2.686100e+09 8.077700e+03 
2688250000 8.066575e+03 
2690400000 8.034625e+03 
2692550000 8.035500e+03 
2694700000 8.025900e+03 
2696850000 8.019050e+03 
2699000000 8.026250e+03 
2.701150e+09 8.017075e+03 
2703300000 8.035500e+03 
2705450000 8.041675e+03 
2707600000 8.036275e+03 
2.709750e+09 8.057300e+03 
2711900000 8.069550e+03 
2714050000 8043 
2.716200e+09 8.030450e+03 
2718350000 8.045600e+03 
2720500000 8.051925e+03 
2722650000 8.030875e+03 
2724800000 8.035625e+03 
2726950000 8.027900e+03 
2729100000 8.055525e+03 
2.731250e+09 8.010600e+03 
2733400000 8.022900e+03 
2735550000 8.039900e+03 
2737700000 7.999800e+03 
2.739850e+09 8.052475e+03 
2742000000 8.022850e+03 
2744150000 8.030100e+03 
2.746300e+09 8.023525e+03 
2748450000 8.047500e+03 
2750600000 8.023875e+03 
2752750000 8.055050e+03 
2754900000 8.018700e+03 
2757050000 8.033325e+03 
2759200000 8.041350e+03 
2.761350e+09 8.032250e+03 
2763500000 8.040300e+03 
2765650000 8.062350e+03 
2767800000 8.049325e+03 
2.769950e+09 8.028725e+03 
2772100000 8.015850e+03 
2774250000 8.033175e+03 
2.776400e+09 7.996300e+03 
2778550000 7.993650e+03 
2780700000 7.968325e+03 
2782850000 7.944350e+03 
2785000000 7.930900e+03 
2787150000 7.917750e+03 
2789300000 7.911725e+03 
2791450000 7.867200e+03 
2793600000 7.859300e+03 
2795750000 7.867050e+03 
2797900000 7.867825e+03 
2.800050e+09 7861 
2802200000 7.918525e+03 
2804350000 7.941700e+03 
2806500000 7.937900e+03 
2808650000 7.940750e+03 
2810800000 7.988850e+03 
2812950000 8.035575e+03 
2815100000 7.984200e+03 
2817250000 8.002725e+03 
2819400000 8.058300e+03 
2821550000 8.023525e+03 
2823700000 8.032975e+03 
2825850000 8.039050e+03 
2828000000 8.045100e+03 
2.830150e+09 8.075850e+03 
2832300000 8.053175e+03 
2834450000 8.040925e+03 
2836600000 8.037575e+03 
2838750000 8.041975e+03 
2840900000 8.028775e+03 
2843050000 8.028325e+03 
2845200000 8.037050e+03 
2847350000 8.028025e+03 
2849500000 8.015375e+03 
2851650000 8.050725e+03 
2853800000 8.037150e+03 
2855950000 8.056175e+03 
2858100000 8.052425e+03 
2.860250e+09 8.040600e+03 
2862400000 8.039175e+03 
2864550000 8.073925e+03 
2866700000 8.047875e+03 
2868850000 8.046300e+03 
2871000000 8.061400e+03 
2873150000 8.047150e+03 
2875300000 8.069325e+03 
2877450000 8.031625e+03 
2879600000 8.006225e+03 
2881750000 8.062900e+03 
2883900000 8.071975e+03 
2886050000 8.056075e+03 
2888200000 8.050275e+03 
2.890350e+09 8.058575e+03 
2892500000 8.053150e+03 
2894650000 8.019650e+03 
2896800000 8027 
2898950000 8.032250e+03 
2901100000 8.049225e+03 
2903250000 8.013625e+03 
2905400000 8.054850e+03 
2907550000 8.035900e+03 
2909700000 8.053250e+03 
2911850000 8.070100e+03 
2914000000 8.047425e+03 
2916150000 8.038300e+03 
2918300000 8.059125e+03 
2920450000 8.031300e+03 
2922600000 8.015225e+03 
2924750000 8.029650e+03 
2926900000 8.022175e+03 
2929050000 8.031900e+03 
2931200000 8.040200e+03 
2933350000 8.017250e+03 
2935500000 8.003250e+03 
2937650000 8.058450e+03 
2939800000 8.051575e+03 
2941950000 8.028475e+03 
2.944100e+09 8.025050e+03 
2946250000 8.015250e+03 
2948400000 7989 
2950550000 7.988950e+03 
2952700000 7.944750e+03 
2954850000 7.912725e+03 
2957000000 7.892725e+03 
2959150000 7.894650e+03 
2961300000 7.850925e+03 
2963450000 7.878425e+03 
2965600000 7.868600e+03 
2967750000 7.896300e+03 
2969900000 7.916875e+03 
2972050000 7.914875e+03 
2974200000 7.952700e+03 
2976350000 7.951075e+03 
2978500000 7.983075e+03 
2980650000 8.000400e+03 
2982800000 8.023750e+03 
2984950000 8.019975e+03 
2987100000 8.022325e+03 
2989250000 8.036825e+03 
2991400000 8.025425e+03 
2993550000 8.034800e+03 
2995700000 8.059600e+03 
2997850000 8.046100e+03 
3000000000 8.003950e+03 

END
