IGOR
WAVES/D/O sweep,sig(1) 
BEGIN
2570000000 8.033300e+03 
2.572150e+09 8.017375e+03 
2574300000 8.004150e+03 
2576450000 8.020225e+03 
2578600000 8.018675e+03 
2.580750e+09 8.003350e+03 
2582900000 8.009150e+03 
2585050000 8.022150e+03 
2.587200e+09 8.013400e+03 
2589350000 8.014400e+03 
2591500000 8.016225e+03 
2593650000 8.023075e+03 
2.595800e+09 8.035275e+03 
2597950000 8.030600e+03 
2600100000 8.033475e+03 
2.602250e+09 8.008425e+03 
2604400000 8.013450e+03 
2606550000 8.011725e+03 
2608700000 8025 
2.610850e+09 8.032975e+03 
2613000000 8.041175e+03 
2615150000 8.053650e+03 
2.617300e+09 8.056400e+03 
2619450000 8.034625e+03 
2621600000 8.031350e+03 
2623750000 8.023550e+03 
2.625900e+09 8.031975e+03 
2628050000 8.019100e+03 
2630200000 8.024600e+03 
2.632350e+09 8.034400e+03 
2634500000 8.047350e+03 
2636650000 8.023300e+03 
2638800000 8.018725e+03 
2.640950e+09 8.029775e+03 
2643100000 8.028275e+03 
2645250000 8.021850e+03 
2.647400e+09 8.027600e+03 
2649550000 7.999700e+03 
2651700000 8.046725e+03 
2653850000 8.000575e+03 
2.656000e+09 8.025900e+03 
2658150000 8.031950e+03 
2660300000 8.044925e+03 
2.662450e+09 8.039975e+03 
2664600000 7.990775e+03 
2666750000 7.995200e+03 
2668900000 8.020625e+03 
2.671050e+09 8.001150e+03 
2673200000 8.014100e+03 
2675350000 8.002875e+03 
2677500000 8.002275e+03 
2679650000 8.006150e+03 
2681800000 8.006300e+03 
2683950000 8018 
2.686100e+09 8.019900e+03 
2688250000 8.031375e+03 
2690400000 8.020675e+03 
2692550000 8.009575e+03 
2694700000 8.020950e+03 
2696850000 8.025875e+03 
2699000000 8.037725e+03 
2.701150e+09 8.052850e+03 
2703300000 8.016975e+03 
2705450000 8.024250e+03 
2707600000 8.033325e+03 
2.709750e+09 8.023825e+03 
2711900000 7.998850e+03 
2714050000 8.027575e+03 
2.716200e+09 8.043450e+03 
2718350000 8.044775e+03 
2720500000 8.027975e+03 
2722650000 8.019225e+03 
2724800000 8.033325e+03 
2726950000 8.013375e+03 
2729100000 8.015475e+03 
2.731250e+09 8.014250e+03 
2733400000 8.003125e+03 
2735550000 8.014600e+03 
2737700000 8.009550e+03 
2.739850e+09 8.014325e+03 
2742000000 7996 
2744150000 8.010475e+03 
2.746300e+09 8.025025e+03 
2748450000 8.016525e+03 
2750600000 8.024200e+03 
2752750000 8.050625e+03 
2754900000 8.015025e+03 
2757050000 8.052800e+03 
2759200000 8.022900e+03 
2.761350e+09 8.021975e+03 
2763500000 7.997825e+03 
2765650000 8.013025e+03 
2767800000 8.001675e+03 
2.769950e+09 8.018300e+03 
2772100000 7.998250e+03 
2774250000 7.983475e+03 
2.776400e+09 7.966700e+03 
2778550000 7.972425e+03 
2780700000 7.981475e+03 
2782850000 7.950025e+03 
2785000000 7.915025e+03 
2787150000 7.888425e+03 
2789300000 7.877325e+03 
2791450000 7.825500e+03 
2793600000 7.884250e+03 
2795750000 7.893100e+03 
2797900000 7.857975e+03 
2.800050e+09 7.856150e+03 
2802200000 7.934300e+03 
2804350000 7.927350e+03 
2806500000 7.962875e+03 
2808650000 7.954200e+03 
2810800000 7.990675e+03 
2812950000 7.980875e+03 
2815100000 8.002875e+03 
2817250000 8.027400e+03 
2819400000 7.998075e+03 
2821550000 8.051225e+03 
2823700000 8.029275e+03 
2825850000 8.018400e+03 
2828000000 8.070325e+03 
2.830150e+09 8.049250e+03 
2832300000 8.029550e+03 
2834450000 8.015900e+03 
2836600000 8.048625e+03 
2838750000 8.056725e+03 
2840900000 8.039550e+03 
2843050000 8.048450e+03 
2845200000 8.057725e+03 
2847350000 8.049975e+03 
2849500000 8.018300e+03 
2851650000 8.018025e+03 
2853800000 8.018175e+03 
2855950000 7.993500e+03 
2858100000 8.043600e+03 
2.860250e+09 8.023350e+03 
2862400000 8.022300e+03 
2864550000 8.034900e+03 
2866700000 8.028575e+03 
2868850000 8.030625e+03 
2871000000 8.032200e+03 
2873150000 8.032050e+03 
2875300000 8.032350e+03 
2877450000 8.010225e+03 
2879600000 8.018700e+03 
2881750000 8.028975e+03 
2883900000 8.003225e+03 
2886050000 8.049525e+03 
2888200000 8.027025e+03 
2.890350e+09 8.020450e+03 
2892500000 8040 
2894650000 8.028075e+03 
2896800000 8.016500e+03 
2898950000 8.019300e+03 
2901100000 8.012225e+03 
2903250000 8.021975e+03 
2905400000 8.003125e+03 
2907550000 8.031475e+03 
2909700000 8.026050e+03 
2911850000 8.038875e+03 
2914000000 8.022650e+03 
2916150000 8.034275e+03 
2918300000 8.005750e+03 
2920450000 8.012725e+03 
2922600000 8.023025e+03 
2924750000 8017 
2926900000 8.016750e+03 
2929050000 8.047575e+03 
2931200000 8.040125e+03 
2933350000 8.016975e+03 
2935500000 8.009900e+03 
2937650000 8055 
2939800000 8.030900e+03 
2941950000 8.002925e+03 
2.944100e+09 7.980350e+03 
2946250000 7.962900e+03 
2948400000 7.966300e+03 
2950550000 7.938500e+03 
2952700000 7.912175e+03 
2954850000 7.902800e+03 
2957000000 7.869925e+03 
2959150000 7.844450e+03 
2961300000 7.843675e+03 
2963450000 7.843900e+03 
2965600000 7.858250e+03 
2967750000 7.862675e+03 
2969900000 7.901150e+03 
2972050000 7.911025e+03 
2974200000 7.907100e+03 
2976350000 7.946050e+03 
2978500000 7.935900e+03 
2980650000 7.970775e+03 
2982800000 7.972625e+03 
2984950000 7.995250e+03 
2987100000 8.008900e+03 
2989250000 8.019875e+03 
2991400000 7.997850e+03 
2993550000 8.008875e+03 
2995700000 8.013275e+03 
2997850000 7.994400e+03 
3000000000 7.985325e+03 

END
