IGOR
WAVES/D/O sweep,sig(1) 
BEGIN
2570000000 8.158500e+03 
2.572150e+09 8.144900e+03 
2574300000 8.150225e+03 
2576450000 8.168100e+03 
2578600000 8.148075e+03 
2.580750e+09 8.128475e+03 
2582900000 8.124600e+03 
2585050000 8.150125e+03 
2.587200e+09 8.164900e+03 
2589350000 8.118850e+03 
2591500000 8.154975e+03 
2593650000 8.152675e+03 
2.595800e+09 8.173675e+03 
2597950000 8.149150e+03 
2600100000 8.136250e+03 
2.602250e+09 8.147300e+03 
2604400000 8.149350e+03 
2606550000 8.138975e+03 
2608700000 8.156700e+03 
2.610850e+09 8.144825e+03 
2613000000 8.136475e+03 
2615150000 8.135025e+03 
2.617300e+09 8.151700e+03 
2619450000 8.140025e+03 
2621600000 8.151925e+03 
2623750000 8.141300e+03 
2.625900e+09 8.144075e+03 
2628050000 8.151075e+03 
2630200000 8.135525e+03 
2.632350e+09 8.143500e+03 
2634500000 8.116600e+03 
2636650000 8.110375e+03 
2638800000 8.105275e+03 
2.640950e+09 8.103925e+03 
2643100000 8.109875e+03 
2645250000 8.131725e+03 
2.647400e+09 8.143825e+03 
2649550000 8.134025e+03 
2651700000 8.133100e+03 
2653850000 8.132825e+03 
2.656000e+09 8.162525e+03 
2658150000 8.135875e+03 
2660300000 8.100450e+03 
2.662450e+09 8.104300e+03 
2664600000 8.094850e+03 
2666750000 8.075075e+03 
2668900000 8.049775e+03 
2.671050e+09 8.068075e+03 
2673200000 8.084325e+03 
2675350000 8.097975e+03 
2677500000 8.095450e+03 
2679650000 8.128550e+03 
2681800000 8.153975e+03 
2683950000 8165 
2.686100e+09 8.149325e+03 
2688250000 8.163600e+03 
2690400000 8.162150e+03 
2692550000 8.162475e+03 
2694700000 8.148600e+03 
2696850000 8.142350e+03 
2699000000 8.127700e+03 
2.701150e+09 8.115925e+03 
2703300000 8.091350e+03 
2705450000 8.068600e+03 
2707600000 8.109525e+03 
2.709750e+09 8.096875e+03 
2711900000 8.104625e+03 
2714050000 8.107375e+03 
2.716200e+09 8.139425e+03 
2718350000 8.149150e+03 
2720500000 8.146950e+03 
2722650000 8.166725e+03 
2724800000 8.144025e+03 
2726950000 8.133450e+03 
2729100000 8.119025e+03 
2.731250e+09 8.157800e+03 
2733400000 8.150025e+03 
2735550000 8.158650e+03 
2737700000 8.126400e+03 
2.739850e+09 8.105725e+03 
2742000000 8.135400e+03 
2744150000 8.142925e+03 
2.746300e+09 8.137125e+03 
2748450000 8.165475e+03 
2750600000 8.190350e+03 
2752750000 8.173525e+03 
2754900000 8.153300e+03 
2757050000 8.139450e+03 
2759200000 8.121400e+03 
2.761350e+09 8.172400e+03 
2763500000 8.161500e+03 
2765650000 8.158600e+03 
2767800000 8.145150e+03 
2.769950e+09 8.150050e+03 
2772100000 8.163675e+03 
2774250000 8.177725e+03 
2.776400e+09 8.157725e+03 
2778550000 8.150125e+03 
2780700000 8.128375e+03 
2782850000 8.138150e+03 
2785000000 8.147125e+03 
2787150000 8.153650e+03 
2789300000 8.159325e+03 
2791450000 8.152900e+03 
2793600000 8.134900e+03 
2795750000 8.129750e+03 
2797900000 8.160225e+03 
2.800050e+09 8.147675e+03 
2802200000 8.153775e+03 
2804350000 8.136850e+03 
2806500000 8.181225e+03 
2808650000 8.160750e+03 
2810800000 8.157825e+03 
2812950000 8.161100e+03 
2815100000 8.143225e+03 
2817250000 8.156175e+03 
2819400000 8.167550e+03 
2821550000 8.146650e+03 
2823700000 8.166150e+03 
2825850000 8.160975e+03 
2828000000 8.164800e+03 
2.830150e+09 8.149950e+03 
2832300000 8.153725e+03 
2834450000 8.145150e+03 
2836600000 8.164350e+03 
2838750000 8.150625e+03 
2840900000 8.144450e+03 
2843050000 8153 
2845200000 8.148050e+03 
2847350000 8.141350e+03 
2849500000 8.152550e+03 
2851650000 8.155850e+03 
2853800000 8.157500e+03 
2855950000 8.151925e+03 
2858100000 8.157525e+03 
2.860250e+09 8.164275e+03 
2862400000 8.157650e+03 
2864550000 8.134900e+03 
2866700000 8.142150e+03 
2868850000 8.129900e+03 
2871000000 8.143525e+03 
2873150000 8.145275e+03 
2875300000 8.154050e+03 
2877450000 8.159750e+03 
2879600000 8.158575e+03 
2881750000 8.159825e+03 
2883900000 8.161350e+03 
2886050000 8.128400e+03 
2888200000 8.161500e+03 
2.890350e+09 8.141875e+03 
2892500000 8.140925e+03 
2894650000 8.133525e+03 
2896800000 8.148950e+03 
2898950000 8.143500e+03 
2901100000 8.161825e+03 
2903250000 8.154800e+03 
2905400000 8.190375e+03 
2907550000 8.143375e+03 
2909700000 8.132825e+03 
2911850000 8.160975e+03 
2914000000 8.139850e+03 
2916150000 8.137400e+03 
2918300000 8.147475e+03 
2920450000 8.157225e+03 
2922600000 8.152425e+03 
2924750000 8.148225e+03 
2926900000 8.130050e+03 
2929050000 8.153475e+03 
2931200000 8.157425e+03 
2933350000 8.162725e+03 
2935500000 8.145350e+03 
2937650000 8.167900e+03 
2939800000 8.156425e+03 
2941950000 8.140575e+03 
2.944100e+09 8.135650e+03 
2946250000 8.153075e+03 
2948400000 8.147100e+03 
2950550000 8.143975e+03 
2952700000 8.128800e+03 
2954850000 8.129175e+03 
2957000000 8.134625e+03 
2959150000 8.148975e+03 
2961300000 8.138475e+03 
2963450000 8.155200e+03 
2965600000 8.157625e+03 
2967750000 8.115950e+03 
2969900000 8.133025e+03 
2972050000 8.130325e+03 
2974200000 8.157150e+03 
2976350000 8.160225e+03 
2978500000 8.139725e+03 
2980650000 8.170575e+03 
2982800000 8.149900e+03 
2984950000 8112 
2987100000 8.175150e+03 
2989250000 8.138200e+03 
2991400000 8.149450e+03 
2993550000 8.119750e+03 
2995700000 8.122475e+03 
2997850000 8.141400e+03 
3000000000 8.161825e+03 

END
