IGOR
WAVES/D/O sweep,sig(1) 
BEGIN
2570000000 8.150800e+03 
2.572150e+09 8.157775e+03 
2574300000 8.143400e+03 
2576450000 8.142450e+03 
2578600000 8.138925e+03 
2.580750e+09 8153 
2582900000 8.140975e+03 
2585050000 8.136925e+03 
2.587200e+09 8.132450e+03 
2589350000 8.147175e+03 
2591500000 8.164425e+03 
2593650000 8.150575e+03 
2.595800e+09 8.144700e+03 
2597950000 8.152050e+03 
2600100000 8.143825e+03 
2.602250e+09 8.143025e+03 
2604400000 8.171500e+03 
2606550000 8.134050e+03 
2608700000 8.138950e+03 
2.610850e+09 8.124550e+03 
2613000000 8.150275e+03 
2615150000 8.158950e+03 
2.617300e+09 8.133450e+03 
2619450000 8.145075e+03 
2621600000 8.141650e+03 
2623750000 8.147100e+03 
2.625900e+09 8.139800e+03 
2628050000 8.133075e+03 
2630200000 8.127375e+03 
2.632350e+09 8.148400e+03 
2634500000 8.092425e+03 
2636650000 8.096600e+03 
2638800000 8.089075e+03 
2.640950e+09 8.079775e+03 
2643100000 8.105975e+03 
2645250000 8.096625e+03 
2.647400e+09 8.097950e+03 
2649550000 8.130175e+03 
2651700000 8124 
2653850000 8.140425e+03 
2.656000e+09 8.124500e+03 
2658150000 8.094025e+03 
2660300000 8.118450e+03 
2.662450e+09 8.127550e+03 
2664600000 8.087300e+03 
2666750000 8.087250e+03 
2668900000 8.062525e+03 
2.671050e+09 8.052450e+03 
2673200000 8.091850e+03 
2675350000 8.078550e+03 
2677500000 8.081500e+03 
2679650000 8.111675e+03 
2681800000 8.134875e+03 
2683950000 8.136725e+03 
2.686100e+09 8.137400e+03 
2688250000 8.143150e+03 
2690400000 8.157825e+03 
2692550000 8.131975e+03 
2694700000 8.139150e+03 
2696850000 8.144275e+03 
2699000000 8.115625e+03 
2.701150e+09 8.081550e+03 
2703300000 8.066425e+03 
2705450000 8.083825e+03 
2707600000 8.052425e+03 
2.709750e+09 8.066025e+03 
2711900000 8.088950e+03 
2714050000 8.084675e+03 
2.716200e+09 8.092500e+03 
2718350000 8.125675e+03 
2720500000 8.120700e+03 
2722650000 8.145500e+03 
2724800000 8.153975e+03 
2726950000 8.116400e+03 
2729100000 8.134825e+03 
2.731250e+09 8.100250e+03 
2733400000 8.119400e+03 
2735550000 8.100850e+03 
2737700000 8.114100e+03 
2.739850e+09 8.120550e+03 
2742000000 8.099775e+03 
2744150000 8.084200e+03 
2.746300e+09 8.115775e+03 
2748450000 8119 
2750600000 8.110700e+03 
2752750000 8.121975e+03 
2754900000 8.133750e+03 
2757050000 8.134575e+03 
2759200000 8.152175e+03 
2.761350e+09 8.112850e+03 
2763500000 8.134475e+03 
2765650000 8.144575e+03 
2767800000 8.132225e+03 
2.769950e+09 8.138775e+03 
2772100000 8.124325e+03 
2774250000 8.144050e+03 
2.776400e+09 8.142450e+03 
2778550000 8.148500e+03 
2780700000 8.157550e+03 
2782850000 8.152675e+03 
2785000000 8.150975e+03 
2787150000 8.128975e+03 
2789300000 8.129725e+03 
2791450000 8.132850e+03 
2793600000 8.118825e+03 
2795750000 8.133350e+03 
2797900000 8.145225e+03 
2.800050e+09 8.138550e+03 
2802200000 8.140900e+03 
2804350000 8.131450e+03 
2806500000 8.128350e+03 
2808650000 8.129675e+03 
2810800000 8.141450e+03 
2812950000 8.136450e+03 
2815100000 8.149625e+03 
2817250000 8.124300e+03 
2819400000 8.167175e+03 
2821550000 8.157100e+03 
2823700000 8.149600e+03 
2825850000 8.148550e+03 
2828000000 8.156025e+03 
2.830150e+09 8.153350e+03 
2832300000 8.139400e+03 
2834450000 8.140525e+03 
2836600000 8.133975e+03 
2838750000 8.156975e+03 
2840900000 8.146950e+03 
2843050000 8.114375e+03 
2845200000 8.146375e+03 
2847350000 8.144400e+03 
2849500000 8.157100e+03 
2851650000 8.143325e+03 
2853800000 8139 
2855950000 8.121450e+03 
2858100000 8115 
2.860250e+09 8.149150e+03 
2862400000 8.144100e+03 
2864550000 8.129325e+03 
2866700000 8.150025e+03 
2868850000 8.129925e+03 
2871000000 8.129375e+03 
2873150000 8.127700e+03 
2875300000 8.143125e+03 
2877450000 8.120075e+03 
2879600000 8.132700e+03 
2881750000 8.153275e+03 
2883900000 8.120375e+03 
2886050000 8.125450e+03 
2888200000 8.124425e+03 
2.890350e+09 8.147400e+03 
2892500000 8.123925e+03 
2894650000 8.148450e+03 
2896800000 8.127925e+03 
2898950000 8.138925e+03 
2901100000 8124 
2903250000 8.123800e+03 
2905400000 8.136750e+03 
2907550000 8.131200e+03 
2909700000 8.134925e+03 
2911850000 8.119250e+03 
2914000000 8.160950e+03 
2916150000 8.133475e+03 
2918300000 8.157875e+03 
2920450000 8.150150e+03 
2922600000 8.132600e+03 
2924750000 8.149175e+03 
2926900000 8.142825e+03 
2929050000 8.158450e+03 
2931200000 8.148600e+03 
2933350000 8.119075e+03 
2935500000 8.150125e+03 
2937650000 8.150125e+03 
2939800000 8.141700e+03 
2941950000 8.152275e+03 
2.944100e+09 8.156975e+03 
2946250000 8.113950e+03 
2948400000 8.139900e+03 
2950550000 8.156575e+03 
2952700000 8.129050e+03 
2954850000 8.130125e+03 
2957000000 8.140175e+03 
2959150000 8.140350e+03 
2961300000 8.140300e+03 
2963450000 8.133050e+03 
2965600000 8.166825e+03 
2967750000 8.135475e+03 
2969900000 8.146325e+03 
2972050000 8.142425e+03 
2974200000 8.137550e+03 
2976350000 8.144025e+03 
2978500000 8.144725e+03 
2980650000 8.145950e+03 
2982800000 8.152800e+03 
2984950000 8.130125e+03 
2987100000 8.135800e+03 
2989250000 8.133675e+03 
2991400000 8.124200e+03 
2993550000 8.135725e+03 
2995700000 8.135400e+03 
2997850000 8.148300e+03 
3000000000 8.144675e+03 

END
