IGOR
WAVES/D/O sweep,sig(1) 
BEGIN
2570000000 8.117925e+03 
2.572150e+09 8.145650e+03 
2574300000 8.171925e+03 
2576450000 8.149800e+03 
2578600000 8.157150e+03 
2.580750e+09 8.155275e+03 
2582900000 8.142775e+03 
2585050000 8.143700e+03 
2.587200e+09 8.133400e+03 
2589350000 8.154825e+03 
2591500000 8.142175e+03 
2593650000 8.165200e+03 
2.595800e+09 8.153325e+03 
2597950000 8.142225e+03 
2600100000 8.123725e+03 
2.602250e+09 8.136825e+03 
2604400000 8.155225e+03 
2606550000 8.147575e+03 
2608700000 8.121375e+03 
2.610850e+09 8.146650e+03 
2613000000 8.155725e+03 
2615150000 8.165125e+03 
2.617300e+09 8.162775e+03 
2619450000 8.142275e+03 
2621600000 8.164950e+03 
2623750000 8.138250e+03 
2.625900e+09 8.148950e+03 
2628050000 8.142475e+03 
2630200000 8.140575e+03 
2.632350e+09 8.146925e+03 
2634500000 8.103625e+03 
2636650000 8.103675e+03 
2638800000 8.121275e+03 
2.640950e+09 8.107575e+03 
2643100000 8.134750e+03 
2645250000 8.104625e+03 
2.647400e+09 8.113075e+03 
2649550000 8.121250e+03 
2651700000 8.133850e+03 
2653850000 8.163900e+03 
2.656000e+09 8.155675e+03 
2658150000 8.139150e+03 
2660300000 8.134550e+03 
2.662450e+09 8.128625e+03 
2664600000 8.101925e+03 
2666750000 8.102825e+03 
2668900000 8.074575e+03 
2.671050e+09 8.080125e+03 
2673200000 8.076225e+03 
2675350000 8.078600e+03 
2677500000 8.121150e+03 
2679650000 8.130875e+03 
2681800000 8.129450e+03 
2683950000 8.136700e+03 
2.686100e+09 8.177375e+03 
2688250000 8.153800e+03 
2690400000 8.155975e+03 
2692550000 8.161625e+03 
2694700000 8.160300e+03 
2696850000 8.129075e+03 
2699000000 8.147950e+03 
2.701150e+09 8.135175e+03 
2703300000 8.097600e+03 
2705450000 8.088050e+03 
2707600000 8.088150e+03 
2.709750e+09 8.111425e+03 
2711900000 8.109700e+03 
2714050000 8.126500e+03 
2.716200e+09 8.130400e+03 
2718350000 8.146150e+03 
2720500000 8.138925e+03 
2722650000 8.151600e+03 
2724800000 8148 
2726950000 8.161575e+03 
2729100000 8.163775e+03 
2.731250e+09 8.143925e+03 
2733400000 8.128075e+03 
2735550000 8.120400e+03 
2737700000 8.122600e+03 
2.739850e+09 8.131125e+03 
2742000000 8.150325e+03 
2744150000 8.107225e+03 
2.746300e+09 8.130300e+03 
2748450000 8.150375e+03 
2750600000 8.125800e+03 
2752750000 8.149225e+03 
2754900000 8.150650e+03 
2757050000 8.146800e+03 
2759200000 8.156900e+03 
2.761350e+09 8.144925e+03 
2763500000 8.143775e+03 
2765650000 8.160725e+03 
2767800000 8.162200e+03 
2.769950e+09 8.153050e+03 
2772100000 8.175425e+03 
2774250000 8.165725e+03 
2.776400e+09 8.169225e+03 
2778550000 8.145250e+03 
2780700000 8.156025e+03 
2782850000 8.138150e+03 
2785000000 8.154550e+03 
2787150000 8.132225e+03 
2789300000 8.118625e+03 
2791450000 8.142475e+03 
2793600000 8.136350e+03 
2795750000 8.132725e+03 
2797900000 8.144175e+03 
2.800050e+09 8.161500e+03 
2802200000 8.154250e+03 
2804350000 8.126450e+03 
2806500000 8.145275e+03 
2808650000 8.141575e+03 
2810800000 8.132500e+03 
2812950000 8.144050e+03 
2815100000 8.141925e+03 
2817250000 8.151575e+03 
2819400000 8.167650e+03 
2821550000 8.162400e+03 
2823700000 8.154525e+03 
2825850000 8.161550e+03 
2828000000 8.149025e+03 
2.830150e+09 8.125450e+03 
2832300000 8.127500e+03 
2834450000 8.123850e+03 
2836600000 8.136825e+03 
2838750000 8.156450e+03 
2840900000 8.129675e+03 
2843050000 8.135250e+03 
2845200000 8.150075e+03 
2847350000 8.143325e+03 
2849500000 8.131575e+03 
2851650000 8.156375e+03 
2853800000 8.151375e+03 
2855950000 8.151525e+03 
2858100000 8.146600e+03 
2.860250e+09 8.145375e+03 
2862400000 8.141475e+03 
2864550000 8130 
2866700000 8.136475e+03 
2868850000 8.130600e+03 
2871000000 8.149050e+03 
2873150000 8.137150e+03 
2875300000 8.137450e+03 
2877450000 8.118475e+03 
2879600000 8.151725e+03 
2881750000 8.122975e+03 
2883900000 8.145575e+03 
2886050000 8.122900e+03 
2888200000 8.126850e+03 
2.890350e+09 8.116600e+03 
2892500000 8.148900e+03 
2894650000 8.137625e+03 
2896800000 8.141400e+03 
2898950000 8.139775e+03 
2901100000 8.134950e+03 
2903250000 8.113100e+03 
2905400000 8.129700e+03 
2907550000 8.132825e+03 
2909700000 8.124975e+03 
2911850000 8.128400e+03 
2914000000 8.118825e+03 
2916150000 8.136350e+03 
2918300000 8.126800e+03 
2920450000 8.115225e+03 
2922600000 8.145125e+03 
2924750000 8.139950e+03 
2926900000 8.136250e+03 
2929050000 8.133700e+03 
2931200000 8.142050e+03 
2933350000 8.109600e+03 
2935500000 8128 
2937650000 8.140850e+03 
2939800000 8.123625e+03 
2941950000 8.147800e+03 
2.944100e+09 8.143325e+03 
2946250000 8.138925e+03 
2948400000 8.127475e+03 
2950550000 8.153500e+03 
2952700000 8.142850e+03 
2954850000 8.139775e+03 
2957000000 8.130375e+03 
2959150000 8.124400e+03 
2961300000 8.132550e+03 
2963450000 8.116675e+03 
2965600000 8.109150e+03 
2967750000 8.138850e+03 
2969900000 8.123025e+03 
2972050000 8.115700e+03 
2974200000 8.111700e+03 
2976350000 8.120075e+03 
2978500000 8.130350e+03 
2980650000 8.131150e+03 
2982800000 8.117625e+03 
2984950000 8.145550e+03 
2987100000 8.133550e+03 
2989250000 8.121475e+03 
2991400000 8.123950e+03 
2993550000 8.109400e+03 
2995700000 8.109550e+03 
2997850000 8.136375e+03 
3000000000 8.124100e+03 

END
