IGOR
WAVES/D/O sweep,sig(1) 
BEGIN
2570000000 8.111250e+03 
2.572150e+09 8.140800e+03 
2574300000 8.111525e+03 
2576450000 8.103850e+03 
2578600000 8.103025e+03 
2.580750e+09 8.102725e+03 
2582900000 8.095250e+03 
2585050000 8.116675e+03 
2.587200e+09 8.108425e+03 
2589350000 8.132225e+03 
2591500000 8.094875e+03 
2593650000 8.101975e+03 
2.595800e+09 8.096775e+03 
2597950000 8.113075e+03 
2600100000 8.120575e+03 
2.602250e+09 8.092850e+03 
2604400000 8.109100e+03 
2606550000 8.093800e+03 
2608700000 8.121250e+03 
2.610850e+09 8.089075e+03 
2613000000 8.103900e+03 
2615150000 8.111500e+03 
2.617300e+09 8.080225e+03 
2619450000 8.105550e+03 
2621600000 8.105675e+03 
2623750000 8.104875e+03 
2.625900e+09 8.082875e+03 
2628050000 8.099025e+03 
2630200000 8081 
2.632350e+09 8.074500e+03 
2634500000 8.075400e+03 
2636650000 8.098275e+03 
2638800000 8.064450e+03 
2.640950e+09 8.074525e+03 
2643100000 8099 
2645250000 8.091275e+03 
2.647400e+09 8.106625e+03 
2649550000 8.088675e+03 
2651700000 8.097375e+03 
2653850000 8.097050e+03 
2.656000e+09 8.103925e+03 
2658150000 8.094125e+03 
2660300000 8.103625e+03 
2.662450e+09 8.057825e+03 
2664600000 8.042075e+03 
2666750000 8.038200e+03 
2668900000 8.030900e+03 
2.671050e+09 8.017950e+03 
2673200000 8.046850e+03 
2675350000 8.023675e+03 
2677500000 8.062400e+03 
2679650000 8.084050e+03 
2681800000 8.116300e+03 
2683950000 8100 
2.686100e+09 8.126250e+03 
2688250000 8.146575e+03 
2690400000 8.113425e+03 
2692550000 8.128250e+03 
2694700000 8.089825e+03 
2696850000 8.101725e+03 
2699000000 8.092100e+03 
2.701150e+09 8.093575e+03 
2703300000 8.090025e+03 
2705450000 8.033075e+03 
2707600000 8.040600e+03 
2.709750e+09 8.046500e+03 
2711900000 8.066325e+03 
2714050000 8.045825e+03 
2.716200e+09 8.059150e+03 
2718350000 8.095575e+03 
2720500000 8.101700e+03 
2722650000 8.091675e+03 
2724800000 8.096250e+03 
2726950000 8.096625e+03 
2729100000 8.093925e+03 
2.731250e+09 8.090625e+03 
2733400000 8.074350e+03 
2735550000 8.084675e+03 
2737700000 8.092675e+03 
2.739850e+09 8107 
2742000000 8.094250e+03 
2744150000 8.102600e+03 
2.746300e+09 8.118400e+03 
2748450000 8.078500e+03 
2750600000 8.108500e+03 
2752750000 8.126575e+03 
2754900000 8.109325e+03 
2757050000 8.101900e+03 
2759200000 8.108975e+03 
2.761350e+09 8.110825e+03 
2763500000 8.117975e+03 
2765650000 8.118375e+03 
2767800000 8.113775e+03 
2.769950e+09 8.070575e+03 
2772100000 8.103750e+03 
2774250000 8.111275e+03 
2.776400e+09 8.125275e+03 
2778550000 8.107925e+03 
2780700000 8.107150e+03 
2782850000 8.123975e+03 
2785000000 8.128200e+03 
2787150000 8.091550e+03 
2789300000 8.080800e+03 
2791450000 8.089025e+03 
2793600000 8.096450e+03 
2795750000 8.094125e+03 
2797900000 8085 
2.800050e+09 8.103150e+03 
2802200000 8.100350e+03 
2804350000 8.110525e+03 
2806500000 8.112775e+03 
2808650000 8.100950e+03 
2810800000 8.103700e+03 
2812950000 8.098900e+03 
2815100000 8.091975e+03 
2817250000 8.094575e+03 
2819400000 8.107900e+03 
2821550000 8.098800e+03 
2823700000 8.109125e+03 
2825850000 8.105625e+03 
2828000000 8.099025e+03 
2.830150e+09 8.122575e+03 
2832300000 8.099400e+03 
2834450000 8.092600e+03 
2836600000 8.088050e+03 
2838750000 8.077500e+03 
2840900000 8.107400e+03 
2843050000 8.070450e+03 
2845200000 8.081425e+03 
2847350000 8.090925e+03 
2849500000 8.098925e+03 
2851650000 8.090475e+03 
2853800000 8.079975e+03 
2855950000 8.088375e+03 
2858100000 8.083525e+03 
2.860250e+09 8.109700e+03 
2862400000 8.112725e+03 
2864550000 8.102050e+03 
2866700000 8.091800e+03 
2868850000 8.082625e+03 
2871000000 8.086075e+03 
2873150000 8.096350e+03 
2875300000 8.075200e+03 
2877450000 8.104225e+03 
2879600000 8.100425e+03 
2881750000 8.122075e+03 
2883900000 8.082675e+03 
2886050000 8.095175e+03 
2888200000 8.096400e+03 
2.890350e+09 8.115275e+03 
2892500000 8.099625e+03 
2894650000 8.124975e+03 
2896800000 8.098850e+03 
2898950000 8.116075e+03 
2901100000 8.108575e+03 
2903250000 8.076125e+03 
2905400000 8.082425e+03 
2907550000 8.091100e+03 
2909700000 8.083400e+03 
2911850000 8.094600e+03 
2914000000 8.059950e+03 
2916150000 8.092775e+03 
2918300000 8088 
2920450000 8.099750e+03 
2922600000 8.106975e+03 
2924750000 8.094450e+03 
2926900000 8.101500e+03 
2929050000 8.094675e+03 
2931200000 8.109925e+03 
2933350000 8.071325e+03 
2935500000 8.101100e+03 
2937650000 8.094225e+03 
2939800000 8.080200e+03 
2941950000 8.101025e+03 
2.944100e+09 8.110375e+03 
2946250000 8072 
2948400000 8.092100e+03 
2950550000 8.085450e+03 
2952700000 8.068500e+03 
2954850000 8.108450e+03 
2957000000 8.100075e+03 
2959150000 8.092275e+03 
2961300000 8.091775e+03 
2963450000 8.120525e+03 
2965600000 8.097600e+03 
2967750000 8.104750e+03 
2969900000 8.090175e+03 
2972050000 8.091925e+03 
2974200000 8.099075e+03 
2976350000 8.123925e+03 
2978500000 8.137325e+03 
2980650000 8.117375e+03 
2982800000 8.086550e+03 
2984950000 8.101325e+03 
2987100000 8.096625e+03 
2989250000 8.098275e+03 
2991400000 8.105025e+03 
2993550000 8.103400e+03 
2995700000 8.089200e+03 
2997850000 8.098625e+03 
3000000000 8.113150e+03 

END
