IGOR
WAVES/D/O sweep,sig(1) 
BEGIN
2570000000 1.587710e+04 
2574000000 1.589015e+04 
2578000000 1.591705e+04 
2582000000 1.586550e+04 
2586000000 1.586490e+04 
2590000000 1.591185e+04 
2594000000 1.588830e+04 
2598000000 1.589890e+04 
2602000000 1.587150e+04 
2606000000 1.588740e+04 
2610000000 1.585660e+04 
2614000000 1.590285e+04 
2618000000 1.586170e+04 
2622000000 1.588230e+04 
2626000000 1.586470e+04 
2630000000 1.590370e+04 
2634000000 1.586510e+04 
2638000000 1.585945e+04 
2642000000 1.584245e+04 
2646000000 1.589350e+04 
2650000000 1.591255e+04 
2654000000 1.584850e+04 
2658000000 1.592190e+04 
2662000000 1.588545e+04 
2666000000 1.591680e+04 
2670000000 1.590585e+04 
2674000000 1.591365e+04 
2678000000 1.594080e+04 
2682000000 1.596035e+04 
2686000000 1.592675e+04 
2690000000 1.590060e+04 
2694000000 1.589485e+04 
2698000000 1.591955e+04 
2702000000 1.597215e+04 
2706000000 1.593345e+04 
2710000000 1.585975e+04 
2714000000 1.581730e+04 
2718000000 1.585520e+04 
2722000000 1.587430e+04 
2726000000 1.585860e+04 
2730000000 1.581080e+04 
2734000000 1.580315e+04 
2738000000 1.582735e+04 
2742000000 1.581365e+04 
2746000000 1.578710e+04 
2750000000 1.578275e+04 
2754000000 1.578165e+04 
2758000000 1.576615e+04 
2762000000 1.569090e+04 
2766000000 1.568860e+04 
2770000000 1.566815e+04 
2774000000 1.570770e+04 
2778000000 1.572220e+04 
2782000000 1.576810e+04 
2786000000 1.578930e+04 
2790000000 1.577890e+04 
2794000000 1.585950e+04 
2798000000 1.585495e+04 
2802000000 15836 
2806000000 1.583525e+04 
2810000000 1.586335e+04 
2814000000 1.585335e+04 
2818000000 1.591050e+04 
2822000000 1.592865e+04 
2826000000 1.596675e+04 
2830000000 15922 
2834000000 1.592095e+04 
2838000000 1.592740e+04 
2842000000 1.598145e+04 
2846000000 1.601370e+04 
2850000000 1.597935e+04 
2854000000 1.594690e+04 
2858000000 1.595315e+04 
2862000000 1.595080e+04 
2866000000 1.595445e+04 
2870000000 1.598735e+04 
2874000000 1.597690e+04 
2878000000 1.598915e+04 
2882000000 1.596740e+04 
2886000000 1.595225e+04 
2890000000 1.594530e+04 
2894000000 15952 
2898000000 1.591260e+04 
2902000000 1.593930e+04 
2906000000 1.596725e+04 
2910000000 1.596795e+04 
2914000000 1.590015e+04 
2918000000 1.599225e+04 
2922000000 1.597430e+04 
2926000000 1.588880e+04 
2930000000 1.598010e+04 
2934000000 1.593135e+04 
2938000000 1.594980e+04 
2942000000 1.595475e+04 
2946000000 1.591430e+04 
2950000000 1.596185e+04 
2954000000 1.590720e+04 
2958000000 1.592980e+04 
2962000000 1.588270e+04 
2966000000 1.586550e+04 
2970000000 1.588930e+04 

END
