IGOR
WAVES/D/O sweep,sig(1) 
BEGIN
2570000000 8.157450e+03 
2.572150e+09 8.145575e+03 
2574300000 8.143375e+03 
2576450000 8.155050e+03 
2578600000 8.160875e+03 
2.580750e+09 8.136400e+03 
2582900000 8.147500e+03 
2585050000 8.134525e+03 
2.587200e+09 8.139425e+03 
2589350000 8.170550e+03 
2591500000 8.129550e+03 
2593650000 8.130750e+03 
2.595800e+09 8.162700e+03 
2597950000 8.133500e+03 
2600100000 8.136800e+03 
2.602250e+09 8.143900e+03 
2604400000 8.152175e+03 
2606550000 8.141700e+03 
2608700000 8.148950e+03 
2.610850e+09 8.147175e+03 
2613000000 8.150450e+03 
2615150000 8.135300e+03 
2.617300e+09 8.148675e+03 
2619450000 8.130150e+03 
2621600000 8.136750e+03 
2623750000 8.138225e+03 
2.625900e+09 8.141025e+03 
2628050000 8.115775e+03 
2630200000 8.115475e+03 
2.632350e+09 8.109150e+03 
2634500000 8.083400e+03 
2636650000 8.093175e+03 
2638800000 8.107275e+03 
2.640950e+09 8.096150e+03 
2643100000 8.106450e+03 
2645250000 8.078925e+03 
2.647400e+09 8.094550e+03 
2649550000 8.132800e+03 
2651700000 8.132375e+03 
2653850000 8.128450e+03 
2.656000e+09 8.141850e+03 
2658150000 8.108075e+03 
2660300000 8.101400e+03 
2.662450e+09 8.106150e+03 
2664600000 8.099700e+03 
2666750000 8.068700e+03 
2668900000 8.068100e+03 
2.671050e+09 8.054525e+03 
2673200000 8.073700e+03 
2675350000 8.092950e+03 
2677500000 8.074100e+03 
2679650000 8.097975e+03 
2681800000 8.125525e+03 
2683950000 8.130850e+03 
2.686100e+09 8.127850e+03 
2688250000 8.142675e+03 
2690400000 8.135050e+03 
2692550000 8.115850e+03 
2694700000 8.136900e+03 
2696850000 8146 
2699000000 8.096475e+03 
2.701150e+09 8.102250e+03 
2703300000 8.064850e+03 
2705450000 8.076425e+03 
2707600000 8.035900e+03 
2.709750e+09 8.080650e+03 
2711900000 8.074800e+03 
2714050000 8.074825e+03 
2.716200e+09 8.120300e+03 
2718350000 8.121875e+03 
2720500000 8.128850e+03 
2722650000 8.155425e+03 
2724800000 8.130375e+03 
2726950000 8.135825e+03 
2729100000 8.122700e+03 
2.731250e+09 8.104175e+03 
2733400000 8.104625e+03 
2735550000 8.103425e+03 
2737700000 8.115800e+03 
2.739850e+09 8.128975e+03 
2742000000 8.105200e+03 
2744150000 8.104875e+03 
2.746300e+09 8.140025e+03 
2748450000 8.135275e+03 
2750600000 8.144150e+03 
2752750000 8.141225e+03 
2754900000 8.147050e+03 
2757050000 8.146250e+03 
2759200000 8.124250e+03 
2.761350e+09 8.119825e+03 
2763500000 8.142525e+03 
2765650000 8.135025e+03 
2767800000 8.141425e+03 
2.769950e+09 8.165400e+03 
2772100000 8.149150e+03 
2774250000 8.148175e+03 
2.776400e+09 8.126100e+03 
2778550000 8.126775e+03 
2780700000 8.153100e+03 
2782850000 8.107475e+03 
2785000000 8.135700e+03 
2787150000 8.099125e+03 
2789300000 8.139600e+03 
2791450000 8.137900e+03 
2793600000 8.143925e+03 
2795750000 8.139650e+03 
2797900000 8131 
2.800050e+09 8.138350e+03 
2802200000 8.124750e+03 
2804350000 8.139525e+03 
2806500000 8.157825e+03 
2808650000 8.127800e+03 
2810800000 8.149350e+03 
2812950000 8.138125e+03 
2815100000 8.117525e+03 
2817250000 8134 
2819400000 8.131775e+03 
2821550000 8.140825e+03 
2823700000 8.133225e+03 
2825850000 8.116775e+03 
2828000000 8.138050e+03 
2.830150e+09 8.136200e+03 
2832300000 8.150900e+03 
2834450000 8.119700e+03 
2836600000 8.136200e+03 
2838750000 8.129700e+03 
2840900000 8.136450e+03 
2843050000 8.127325e+03 
2845200000 8.108275e+03 
2847350000 8.148700e+03 
2849500000 8.135875e+03 
2851650000 8.147175e+03 
2853800000 8.126675e+03 
2855950000 8.147350e+03 
2858100000 8.136425e+03 
2.860250e+09 8.131650e+03 
2862400000 8.144075e+03 
2864550000 8.140050e+03 
2866700000 8.137525e+03 
2868850000 8.140225e+03 
2871000000 8.147250e+03 
2873150000 8.159775e+03 
2875300000 8.129050e+03 
2877450000 8.130875e+03 
2879600000 8.143300e+03 
2881750000 8.142750e+03 
2883900000 8113 
2886050000 8.149475e+03 
2888200000 8.127525e+03 
2.890350e+09 8.151500e+03 
2892500000 8.104825e+03 
2894650000 8.152350e+03 
2896800000 8.126275e+03 
2898950000 8.146450e+03 
2901100000 8.148250e+03 
2903250000 8.143350e+03 
2905400000 8.125350e+03 
2907550000 8.144050e+03 
2909700000 8.144200e+03 
2911850000 8.117700e+03 
2914000000 8.165350e+03 
2916150000 8.137050e+03 
2918300000 8132 
2920450000 8.154575e+03 
2922600000 8.123100e+03 
2924750000 8.131675e+03 
2926900000 8.168025e+03 
2929050000 8.159575e+03 
2931200000 8.150575e+03 
2933350000 8.125250e+03 
2935500000 8.164125e+03 
2937650000 8.142450e+03 
2939800000 8.145725e+03 
2941950000 8.152075e+03 
2.944100e+09 8.143950e+03 
2946250000 8.130050e+03 
2948400000 8.136100e+03 
2950550000 8.156700e+03 
2952700000 8.131400e+03 
2954850000 8.135525e+03 
2957000000 8.141225e+03 
2959150000 8.113875e+03 
2961300000 8.123175e+03 
2963450000 8.131025e+03 
2965600000 8.135025e+03 
2967750000 8133 
2969900000 8.136100e+03 
2972050000 8.145400e+03 
2974200000 8.138225e+03 
2976350000 8.131875e+03 
2978500000 8.133525e+03 
2980650000 8.132875e+03 
2982800000 8.121725e+03 
2984950000 8.118350e+03 
2987100000 8.135275e+03 
2989250000 8139 
2991400000 8.138875e+03 
2993550000 8.142175e+03 
2995700000 8.149900e+03 
2997850000 8.156425e+03 
3000000000 8134 

END
