IGOR
WAVES/D/O sweep,sig(1) 
BEGIN
2570000000 8.242950e+03 
2.572150e+09 8.251225e+03 
2574300000 8.237125e+03 
2576450000 8.252225e+03 
2578600000 8.244725e+03 
2.580750e+09 8.241700e+03 
2582900000 8.237575e+03 
2585050000 8.213850e+03 
2.587200e+09 8.204725e+03 
2589350000 8.231400e+03 
2591500000 8.237100e+03 
2593650000 8.211500e+03 
2.595800e+09 8.224350e+03 
2597950000 8.230250e+03 
2600100000 8.247100e+03 
2.602250e+09 8.226925e+03 
2604400000 8.201075e+03 
2606550000 8.213750e+03 
2608700000 8.224225e+03 
2.610850e+09 8.218150e+03 
2613000000 8.218600e+03 
2615150000 8230 
2.617300e+09 8.215975e+03 
2619450000 8.215275e+03 
2621600000 8.231325e+03 
2623750000 8.209500e+03 
2.625900e+09 8.193150e+03 
2628050000 8.188350e+03 
2630200000 8.178300e+03 
2.632350e+09 8.182675e+03 
2634500000 8.181425e+03 
2636650000 8.171175e+03 
2638800000 8.183625e+03 
2.640950e+09 8202 
2643100000 8.181300e+03 
2645250000 8.208775e+03 
2.647400e+09 8.195900e+03 
2649550000 8.204475e+03 
2651700000 8.222175e+03 
2653850000 8.215525e+03 
2.656000e+09 8.224125e+03 
2658150000 8.224775e+03 
2660300000 8.175150e+03 
2.662450e+09 8.212150e+03 
2664600000 8.162575e+03 
2666750000 8.163875e+03 
2668900000 8.165225e+03 
2.671050e+09 8.151925e+03 
2673200000 8.173750e+03 
2675350000 8.186750e+03 
2677500000 8.196650e+03 
2679650000 8.205050e+03 
2681800000 8.234250e+03 
2683950000 8.221475e+03 
2.686100e+09 8.209600e+03 
2688250000 8.263075e+03 
2690400000 8.245900e+03 
2692550000 8.225250e+03 
2694700000 8.211300e+03 
2696850000 8.207200e+03 
2699000000 8.189250e+03 
2.701150e+09 8.166800e+03 
2703300000 8.153750e+03 
2705450000 8.156100e+03 
2707600000 8.138350e+03 
2.709750e+09 8.155925e+03 
2711900000 8.185125e+03 
2714050000 8.192325e+03 
2.716200e+09 8.203625e+03 
2718350000 8.184675e+03 
2720500000 8.203300e+03 
2722650000 8.212375e+03 
2724800000 8.215100e+03 
2726950000 8190 
2729100000 8.187550e+03 
2.731250e+09 8.175825e+03 
2733400000 8.192450e+03 
2735550000 8.212150e+03 
2737700000 8.186425e+03 
2.739850e+09 8.195950e+03 
2742000000 8190 
2744150000 8.202725e+03 
2.746300e+09 8.194525e+03 
2748450000 8.225025e+03 
2750600000 8.199275e+03 
2752750000 8.216425e+03 
2754900000 8.205600e+03 
2757050000 8.216025e+03 
2759200000 8.210250e+03 
2.761350e+09 8.216275e+03 
2763500000 8.197100e+03 
2765650000 8.229825e+03 
2767800000 8.207650e+03 
2.769950e+09 8.216850e+03 
2772100000 8.216750e+03 
2774250000 8.208125e+03 
2.776400e+09 8.235050e+03 
2778550000 8.220875e+03 
2780700000 8.230575e+03 
2782850000 8.220550e+03 
2785000000 8.221375e+03 
2787150000 8.225550e+03 
2789300000 8.211975e+03 
2791450000 8.209025e+03 
2793600000 8276 
2795750000 8.234725e+03 
2797900000 8.195575e+03 
2.800050e+09 8.215775e+03 
2802200000 8.228050e+03 
2804350000 8.214950e+03 
2806500000 8.218200e+03 
2808650000 8.202675e+03 
2810800000 8.221350e+03 
2812950000 8.216400e+03 
2815100000 8.227175e+03 
2817250000 8.214775e+03 
2819400000 8.226275e+03 
2821550000 8.208950e+03 
2823700000 8.221825e+03 
2825850000 8.225400e+03 
2828000000 8.246225e+03 
2.830150e+09 8.211475e+03 
2832300000 8.234750e+03 
2834450000 8.231725e+03 
2836600000 8.251550e+03 
2838750000 8.235250e+03 
2840900000 8.209550e+03 
2843050000 8.212325e+03 
2845200000 8.227075e+03 
2847350000 8.237300e+03 
2849500000 8.224300e+03 
2851650000 8.209300e+03 
2853800000 8206 
2855950000 8.238425e+03 
2858100000 8.202700e+03 
2.860250e+09 8.216550e+03 
2862400000 8.206200e+03 
2864550000 8.216200e+03 
2866700000 8.203275e+03 
2868850000 8.212125e+03 
2871000000 8.231700e+03 
2873150000 8.230375e+03 
2875300000 8.202550e+03 
2877450000 8.216550e+03 
2879600000 8.211725e+03 
2881750000 8.212925e+03 
2883900000 8.191200e+03 
2886050000 8.209650e+03 
2888200000 8.197275e+03 
2.890350e+09 8.210650e+03 
2892500000 8.209725e+03 
2894650000 8.165675e+03 
2896800000 8.212300e+03 
2898950000 8.170725e+03 
2901100000 8.195575e+03 
2903250000 8.194600e+03 
2905400000 8.212975e+03 
2907550000 8.185050e+03 
2909700000 8.190500e+03 
2911850000 8.206200e+03 
2914000000 8.199450e+03 
2916150000 8.201350e+03 
2918300000 8.221875e+03 
2920450000 8.225225e+03 
2922600000 8.213525e+03 
2924750000 8.191525e+03 
2926900000 8220 
2929050000 8.207550e+03 
2931200000 8.188700e+03 
2933350000 8.204575e+03 
2935500000 8.208225e+03 
2937650000 8.194275e+03 
2939800000 8.207050e+03 
2941950000 8.206475e+03 
2.944100e+09 8.187350e+03 
2946250000 8.195275e+03 
2948400000 8.218150e+03 
2950550000 8.201150e+03 
2952700000 8.204050e+03 
2954850000 8.176975e+03 
2957000000 8.205550e+03 
2959150000 8.197525e+03 
2961300000 8.173075e+03 
2963450000 8.180750e+03 
2965600000 8.182225e+03 
2967750000 8.190750e+03 
2969900000 8.185900e+03 
2972050000 8.195775e+03 
2974200000 8.195525e+03 
2976350000 8.204825e+03 
2978500000 8.204350e+03 
2980650000 8.179525e+03 
2982800000 8.194100e+03 
2984950000 8.216700e+03 
2987100000 8.218300e+03 
2989250000 8.198175e+03 
2991400000 8192 
2993550000 8.186925e+03 
2995700000 8.213450e+03 
2997850000 8.206900e+03 
3000000000 8.216750e+03 

END
