IGOR
WAVES/D/O sweep,sig(1) 
BEGIN
2570000000 8.034275e+03 
2.572150e+09 8.045450e+03 
2574300000 8.032225e+03 
2576450000 8.015800e+03 
2578600000 8.035900e+03 
2.580750e+09 8.026800e+03 
2582900000 8.043825e+03 
2585050000 8.012675e+03 
2.587200e+09 8.024850e+03 
2589350000 8.040800e+03 
2591500000 8.034650e+03 
2593650000 8.048725e+03 
2.595800e+09 8.011900e+03 
2597950000 8.038375e+03 
2600100000 8.018525e+03 
2.602250e+09 8.007100e+03 
2604400000 8.027575e+03 
2606550000 8.041825e+03 
2608700000 8.019700e+03 
2.610850e+09 8.031300e+03 
2613000000 8.042075e+03 
2615150000 8.028400e+03 
2.617300e+09 8.050050e+03 
2619450000 8.052575e+03 
2621600000 8.060250e+03 
2623750000 8.030775e+03 
2.625900e+09 8.016550e+03 
2628050000 8.014625e+03 
2630200000 8.008550e+03 
2.632350e+09 8.009225e+03 
2634500000 7.996900e+03 
2636650000 8.006075e+03 
2638800000 7.976700e+03 
2.640950e+09 7.993875e+03 
2643100000 8.024200e+03 
2645250000 8.011550e+03 
2.647400e+09 8.013500e+03 
2649550000 8.018275e+03 
2651700000 8.026975e+03 
2653850000 8.003925e+03 
2.656000e+09 8.018850e+03 
2658150000 8.026850e+03 
2660300000 8.025300e+03 
2.662450e+09 8.012925e+03 
2664600000 7.992800e+03 
2666750000 7.977750e+03 
2668900000 7.976475e+03 
2.671050e+09 7.987500e+03 
2673200000 8.029225e+03 
2675350000 7.962900e+03 
2677500000 8.022550e+03 
2679650000 8.022550e+03 
2681800000 8.041925e+03 
2683950000 8.061500e+03 
2.686100e+09 8.050100e+03 
2688250000 8.043725e+03 
2690400000 8.073350e+03 
2692550000 8.076100e+03 
2694700000 8.062825e+03 
2696850000 8.035975e+03 
2699000000 8.024625e+03 
2.701150e+09 8.020550e+03 
2703300000 8.023175e+03 
2705450000 7.976225e+03 
2707600000 7.980450e+03 
2.709750e+09 8.001250e+03 
2711900000 8.013675e+03 
2714050000 8.007975e+03 
2.716200e+09 8.031100e+03 
2718350000 8.031825e+03 
2720500000 8.047600e+03 
2722650000 8052 
2724800000 8.055525e+03 
2726950000 8.048625e+03 
2729100000 8.048725e+03 
2.731250e+09 8.021875e+03 
2733400000 8.019550e+03 
2735550000 8.020250e+03 
2737700000 8.033975e+03 
2.739850e+09 8.009225e+03 
2742000000 8.012325e+03 
2744150000 8.040600e+03 
2.746300e+09 8.030875e+03 
2748450000 8.042225e+03 
2750600000 8.051350e+03 
2752750000 8.074175e+03 
2754900000 8.053025e+03 
2757050000 8.048050e+03 
2759200000 8.041300e+03 
2.761350e+09 8.064350e+03 
2763500000 8.105950e+03 
2765650000 8.066775e+03 
2767800000 8.050900e+03 
2.769950e+09 8.074075e+03 
2772100000 8.042350e+03 
2774250000 8.054200e+03 
2.776400e+09 8.065950e+03 
2778550000 8.067075e+03 
2780700000 8.062650e+03 
2782850000 8.075175e+03 
2785000000 8.052550e+03 
2787150000 8.062075e+03 
2789300000 8.040475e+03 
2791450000 8.067850e+03 
2793600000 8.032525e+03 
2795750000 8.064900e+03 
2797900000 8.049300e+03 
2.800050e+09 8.043975e+03 
2802200000 8.032275e+03 
2804350000 8.061025e+03 
2806500000 8.042350e+03 
2808650000 8.037075e+03 
2810800000 8.041825e+03 
2812950000 8.069750e+03 
2815100000 8.048125e+03 
2817250000 8.048675e+03 
2819400000 8.019775e+03 
2821550000 8.055175e+03 
2823700000 8.046325e+03 
2825850000 8.047400e+03 
2828000000 8.042275e+03 
2.830150e+09 8.027675e+03 
2832300000 8.027925e+03 
2834450000 8.037450e+03 
2836600000 8.056750e+03 
2838750000 8.027225e+03 
2840900000 8.041025e+03 
2843050000 8.023075e+03 
2845200000 8.046225e+03 
2847350000 8.044675e+03 
2849500000 8.053200e+03 
2851650000 8.034650e+03 
2853800000 8.053400e+03 
2855950000 8.022550e+03 
2858100000 8.043575e+03 
2.860250e+09 8.039500e+03 
2862400000 8.050250e+03 
2864550000 8.045550e+03 
2866700000 8.020175e+03 
2868850000 8.021500e+03 
2871000000 8.024675e+03 
2873150000 8.035400e+03 
2875300000 8.057825e+03 
2877450000 8.038975e+03 
2879600000 8043 
2881750000 8.042625e+03 
2883900000 8.042425e+03 
2886050000 8.048575e+03 
2888200000 8.037825e+03 
2.890350e+09 8.044375e+03 
2892500000 8.036075e+03 
2894650000 8.054800e+03 
2896800000 8.042450e+03 
2898950000 8.049825e+03 
2901100000 8.042375e+03 
2903250000 8.036350e+03 
2905400000 8.030625e+03 
2907550000 8.062400e+03 
2909700000 8.060600e+03 
2911850000 8.038375e+03 
2914000000 8.064850e+03 
2916150000 8.063975e+03 
2918300000 8.036800e+03 
2920450000 8.029550e+03 
2922600000 8.036625e+03 
2924750000 8.049925e+03 
2926900000 8.047450e+03 
2929050000 8.043550e+03 
2931200000 8.031675e+03 
2933350000 8.040850e+03 
2935500000 8.024350e+03 
2937650000 7.998500e+03 
2939800000 8.024925e+03 
2941950000 8.009525e+03 
2.944100e+09 8.033475e+03 
2946250000 8.044725e+03 
2948400000 8.043900e+03 
2950550000 8.051375e+03 
2952700000 8.037975e+03 
2954850000 8.060550e+03 
2957000000 8.013150e+03 
2959150000 8.034475e+03 
2961300000 8.024475e+03 
2963450000 8.041550e+03 
2965600000 8.031325e+03 
2967750000 8058 
2969900000 8.054375e+03 
2972050000 8.084150e+03 
2974200000 8.025650e+03 
2976350000 8.055600e+03 
2978500000 8.033825e+03 
2980650000 8.043550e+03 
2982800000 8.045850e+03 
2984950000 8.023350e+03 
2987100000 8.048175e+03 
2989250000 8.049400e+03 
2991400000 8.041800e+03 
2993550000 8.066225e+03 
2995700000 8.064975e+03 
2997850000 8.062075e+03 
3000000000 8.056800e+03 

END
