IGOR
WAVES/D/O sweep,sig(1) 
BEGIN
2570000000 8.332475e+03 
2.572150e+09 8.333375e+03 
2574300000 8.324975e+03 
2576450000 8.327750e+03 
2578600000 8.314775e+03 
2.580750e+09 8.324175e+03 
2582900000 8.329475e+03 
2585050000 8.331275e+03 
2.587200e+09 8.336750e+03 
2589350000 8.327775e+03 
2591500000 8.330600e+03 
2593650000 8.342225e+03 
2.595800e+09 8.350625e+03 
2597950000 8.320600e+03 
2600100000 8.313800e+03 
2.602250e+09 8.344075e+03 
2604400000 8.341250e+03 
2606550000 8.333850e+03 
2608700000 8.326850e+03 
2.610850e+09 8.340825e+03 
2613000000 8.335075e+03 
2615150000 8.339925e+03 
2.617300e+09 8.323850e+03 
2619450000 8.317825e+03 
2621600000 8.329725e+03 
2623750000 8343 
2.625900e+09 8.325050e+03 
2628050000 8.317025e+03 
2630200000 8.315875e+03 
2.632350e+09 8.305075e+03 
2634500000 8.298700e+03 
2636650000 8.297650e+03 
2638800000 8297 
2.640950e+09 8.300500e+03 
2643100000 8.296750e+03 
2645250000 8.318975e+03 
2.647400e+09 8.302900e+03 
2649550000 8.298950e+03 
2651700000 8.314700e+03 
2653850000 8.317200e+03 
2.656000e+09 8.334575e+03 
2658150000 8.315050e+03 
2660300000 8.302650e+03 
2.662450e+09 8.281150e+03 
2664600000 8.292825e+03 
2666750000 8.275875e+03 
2668900000 8.273925e+03 
2.671050e+09 8.256575e+03 
2673200000 8.257875e+03 
2675350000 8.273575e+03 
2677500000 8.293425e+03 
2679650000 8.307925e+03 
2681800000 8.312925e+03 
2683950000 8316 
2.686100e+09 8.308800e+03 
2688250000 8.302775e+03 
2690400000 8.337075e+03 
2692550000 8.327250e+03 
2694700000 8.328525e+03 
2696850000 8.309600e+03 
2699000000 8.303650e+03 
2.701150e+09 8.276150e+03 
2703300000 8257 
2705450000 8.251050e+03 
2707600000 8.250450e+03 
2.709750e+09 8.242025e+03 
2711900000 8.278750e+03 
2714050000 8.273300e+03 
2.716200e+09 8.298225e+03 
2718350000 8.309600e+03 
2720500000 8.316100e+03 
2722650000 8.297275e+03 
2724800000 8.315375e+03 
2726950000 8.313825e+03 
2729100000 8.299825e+03 
2.731250e+09 8.319250e+03 
2733400000 8.294350e+03 
2735550000 8.297525e+03 
2737700000 8.302700e+03 
2.739850e+09 8.313025e+03 
2742000000 8.313200e+03 
2744150000 8.295275e+03 
2.746300e+09 8.316625e+03 
2748450000 8.343875e+03 
2750600000 8320 
2752750000 8.311350e+03 
2754900000 8.313625e+03 
2757050000 8.305775e+03 
2759200000 8.318650e+03 
2.761350e+09 8.309075e+03 
2763500000 8.312850e+03 
2765650000 8.323050e+03 
2767800000 8.317200e+03 
2.769950e+09 8.312675e+03 
2772100000 8.332125e+03 
2774250000 8.330825e+03 
2.776400e+09 8.318500e+03 
2778550000 8328 
2780700000 8.341350e+03 
2782850000 8.332075e+03 
2785000000 8.326175e+03 
2787150000 8.320275e+03 
2789300000 8.310200e+03 
2791450000 8.315975e+03 
2793600000 8.350975e+03 
2795750000 8.312500e+03 
2797900000 8.343225e+03 
2.800050e+09 8.327975e+03 
2802200000 8.326225e+03 
2804350000 8.328350e+03 
2806500000 8.301575e+03 
2808650000 8.321800e+03 
2810800000 8.332500e+03 
2812950000 8.304200e+03 
2815100000 8.316575e+03 
2817250000 8.339350e+03 
2819400000 8.311850e+03 
2821550000 8.338800e+03 
2823700000 8.328100e+03 
2825850000 8.335100e+03 
2828000000 8.319925e+03 
2.830150e+09 8.334150e+03 
2832300000 8.313725e+03 
2834450000 8.308100e+03 
2836600000 8.317425e+03 
2838750000 8.313425e+03 
2840900000 8.328075e+03 
2843050000 8.313575e+03 
2845200000 8.323325e+03 
2847350000 8.329975e+03 
2849500000 8.305100e+03 
2851650000 8.302725e+03 
2853800000 8.334025e+03 
2855950000 8.304100e+03 
2858100000 8.324500e+03 
2.860250e+09 8.321450e+03 
2862400000 8.306750e+03 
2864550000 8.306450e+03 
2866700000 8317 
2868850000 8.296025e+03 
2871000000 8.316275e+03 
2873150000 8.305425e+03 
2875300000 8.322425e+03 
2877450000 8.320300e+03 
2879600000 8.315350e+03 
2881750000 8.335100e+03 
2883900000 8.321175e+03 
2886050000 8.294800e+03 
2888200000 8.334950e+03 
2.890350e+09 8.322500e+03 
2892500000 8.325300e+03 
2894650000 8.307025e+03 
2896800000 8.305125e+03 
2898950000 8.327400e+03 
2901100000 8.315975e+03 
2903250000 8.319775e+03 
2905400000 8.315550e+03 
2907550000 8.316500e+03 
2909700000 8.312175e+03 
2911850000 8.306325e+03 
2914000000 8.303725e+03 
2916150000 8.313300e+03 
2918300000 8.339075e+03 
2920450000 8.311700e+03 
2922600000 8.329250e+03 
2924750000 8.310600e+03 
2926900000 8.313100e+03 
2929050000 8.313550e+03 
2931200000 8309 
2933350000 8.306425e+03 
2935500000 8.339875e+03 
2937650000 8.326025e+03 
2939800000 8.326225e+03 
2941950000 8.310450e+03 
2.944100e+09 8.341450e+03 
2946250000 8.315075e+03 
2948400000 8.342950e+03 
2950550000 8.334075e+03 
2952700000 8.317500e+03 
2954850000 8.319150e+03 
2957000000 8.322700e+03 
2959150000 8311 
2961300000 8.313200e+03 
2963450000 8.342350e+03 
2965600000 8.313725e+03 
2967750000 8.325825e+03 
2969900000 8.330600e+03 
2972050000 8.338225e+03 
2974200000 8.328975e+03 
2976350000 8.312700e+03 
2978500000 8.309775e+03 
2980650000 8.317675e+03 
2982800000 8.296375e+03 
2984950000 8.309975e+03 
2987100000 8.319125e+03 
2989250000 8.324150e+03 
2991400000 8.316850e+03 
2993550000 8.336675e+03 
2995700000 8.332625e+03 
2997850000 8.334825e+03 
3000000000 8.332875e+03 

END
