IGOR
WAVES/D/O sweep,sig(1) 
BEGIN
2570000000 8.183100e+03 
2.572150e+09 8.157975e+03 
2574300000 8.139625e+03 
2576450000 8.130175e+03 
2578600000 8.128925e+03 
2.580750e+09 8.125800e+03 
2582900000 8.131575e+03 
2585050000 8.147025e+03 
2.587200e+09 8.163975e+03 
2589350000 8.141975e+03 
2591500000 8.122025e+03 
2593650000 8.128900e+03 
2.595800e+09 8.137475e+03 
2597950000 8.145600e+03 
2600100000 8.149375e+03 
2.602250e+09 8.142825e+03 
2604400000 8.145150e+03 
2606550000 8.145100e+03 
2608700000 8.137175e+03 
2.610850e+09 8.135450e+03 
2613000000 8.146775e+03 
2615150000 8.152175e+03 
2.617300e+09 8.149975e+03 
2619450000 8.134275e+03 
2621600000 8.138750e+03 
2623750000 8136 
2.625900e+09 8.133175e+03 
2628050000 8.145875e+03 
2630200000 8.141450e+03 
2.632350e+09 8.116675e+03 
2634500000 8.119250e+03 
2636650000 8084 
2638800000 8.098875e+03 
2.640950e+09 8.090575e+03 
2643100000 8.106550e+03 
2645250000 8.105800e+03 
2.647400e+09 8.102700e+03 
2649550000 8.143425e+03 
2651700000 8.119375e+03 
2653850000 8.128050e+03 
2.656000e+09 8.146175e+03 
2658150000 8.141075e+03 
2660300000 8.112225e+03 
2.662450e+09 8.098975e+03 
2664600000 8.091275e+03 
2666750000 8090 
2668900000 8.078250e+03 
2.671050e+09 8.057825e+03 
2673200000 8.092750e+03 
2675350000 8.097750e+03 
2677500000 8.100350e+03 
2679650000 8.119500e+03 
2681800000 8.143300e+03 
2683950000 8.131375e+03 
2.686100e+09 8.146125e+03 
2688250000 8136 
2690400000 8.161675e+03 
2692550000 8.155625e+03 
2694700000 8.132600e+03 
2696850000 8.124650e+03 
2699000000 8.121225e+03 
2.701150e+09 8.115750e+03 
2703300000 8.100450e+03 
2705450000 8.087700e+03 
2707600000 8.067500e+03 
2.709750e+09 8.066125e+03 
2711900000 8.057825e+03 
2714050000 8.083800e+03 
2.716200e+09 8080 
2718350000 8.096125e+03 
2720500000 8.146975e+03 
2722650000 8.120500e+03 
2724800000 8.125550e+03 
2726950000 8.139725e+03 
2729100000 8.144700e+03 
2.731250e+09 8.105950e+03 
2733400000 8.108150e+03 
2735550000 8.121725e+03 
2737700000 8.111025e+03 
2.739850e+09 8.092150e+03 
2742000000 8.115025e+03 
2744150000 8.123575e+03 
2.746300e+09 8.111575e+03 
2748450000 8.140750e+03 
2750600000 8.109750e+03 
2752750000 8.125850e+03 
2754900000 8.139075e+03 
2757050000 8.116425e+03 
2759200000 8.122200e+03 
2.761350e+09 8.124200e+03 
2763500000 8.143075e+03 
2765650000 8.122750e+03 
2767800000 8.145525e+03 
2.769950e+09 8.137575e+03 
2772100000 8.135550e+03 
2774250000 8.135450e+03 
2.776400e+09 8.096350e+03 
2778550000 8.115975e+03 
2780700000 8.139475e+03 
2782850000 8.120900e+03 
2785000000 8.159550e+03 
2787150000 8.107950e+03 
2789300000 8.140400e+03 
2791450000 8.113325e+03 
2793600000 8.128975e+03 
2795750000 8.119700e+03 
2797900000 8.157050e+03 
2.800050e+09 8.135750e+03 
2802200000 8.128175e+03 
2804350000 8.135450e+03 
2806500000 8.168350e+03 
2808650000 8.125425e+03 
2810800000 8.131850e+03 
2812950000 8.136125e+03 
2815100000 8.137675e+03 
2817250000 8.133025e+03 
2819400000 8.161400e+03 
2821550000 8.136175e+03 
2823700000 8.139050e+03 
2825850000 8.129550e+03 
2828000000 8.133550e+03 
2.830150e+09 8.160025e+03 
2832300000 8.131050e+03 
2834450000 8.114900e+03 
2836600000 8.119975e+03 
2838750000 8.118950e+03 
2840900000 8.125375e+03 
2843050000 8.118475e+03 
2845200000 8.116300e+03 
2847350000 8.087050e+03 
2849500000 8.131475e+03 
2851650000 8.126350e+03 
2853800000 8.126450e+03 
2855950000 8.106050e+03 
2858100000 8.110550e+03 
2.860250e+09 8.141525e+03 
2862400000 8116 
2864550000 8.118350e+03 
2866700000 8.125050e+03 
2868850000 8.117150e+03 
2871000000 8.118875e+03 
2873150000 8.144075e+03 
2875300000 8112 
2877450000 8.134850e+03 
2879600000 8.123225e+03 
2881750000 8.125625e+03 
2883900000 8.118150e+03 
2886050000 8.149700e+03 
2888200000 8.132800e+03 
2.890350e+09 8.121350e+03 
2892500000 8.137900e+03 
2894650000 8.118125e+03 
2896800000 8.120425e+03 
2898950000 8.106500e+03 
2901100000 8.111400e+03 
2903250000 8.152250e+03 
2905400000 8.125625e+03 
2907550000 8.128300e+03 
2909700000 8102 
2911850000 8.091300e+03 
2914000000 8.135250e+03 
2916150000 8.111225e+03 
2918300000 8.111700e+03 
2920450000 8.129375e+03 
2922600000 8.156675e+03 
2924750000 8140 
2926900000 8.120050e+03 
2929050000 8.111575e+03 
2931200000 8.137650e+03 
2933350000 8.123775e+03 
2935500000 8.105425e+03 
2937650000 8.127650e+03 
2939800000 8.128175e+03 
2941950000 8.109400e+03 
2.944100e+09 8.135400e+03 
2946250000 8.123225e+03 
2948400000 8.138200e+03 
2950550000 8.115075e+03 
2952700000 8.131650e+03 
2954850000 8.108400e+03 
2957000000 8.123900e+03 
2959150000 8.101950e+03 
2961300000 8.123425e+03 
2963450000 8.091525e+03 
2965600000 8.118400e+03 
2967750000 8.136225e+03 
2969900000 8.127300e+03 
2972050000 8.118775e+03 
2974200000 8.143725e+03 
2976350000 8.142625e+03 
2978500000 8.152950e+03 
2980650000 8.144525e+03 
2982800000 8.134600e+03 
2984950000 8.130225e+03 
2987100000 8.134875e+03 
2989250000 8.146125e+03 
2991400000 8.106100e+03 
2993550000 8.112200e+03 
2995700000 8.119425e+03 
2997850000 8.137450e+03 
3000000000 8.140200e+03 

END
