IGOR
WAVES/D/O sweep,sig(1) 
BEGIN
2570000000 8.186700e+03 
2.572150e+09 8.180100e+03 
2574300000 8.176850e+03 
2576450000 8.181200e+03 
2578600000 8.212650e+03 
2.580750e+09 8.183125e+03 
2582900000 8.182450e+03 
2585050000 8.188700e+03 
2.587200e+09 8.176025e+03 
2589350000 8.172650e+03 
2591500000 8.182500e+03 
2593650000 8.188900e+03 
2.595800e+09 8183 
2597950000 8.189875e+03 
2600100000 8.206025e+03 
2.602250e+09 8.203675e+03 
2604400000 8.165550e+03 
2606550000 8.191575e+03 
2608700000 8.193525e+03 
2.610850e+09 8.212400e+03 
2613000000 8.172400e+03 
2615150000 8.186200e+03 
2.617300e+09 8.201075e+03 
2619450000 8.177425e+03 
2621600000 8.201800e+03 
2623750000 8.184150e+03 
2.625900e+09 8.160750e+03 
2628050000 8.181550e+03 
2630200000 8.160625e+03 
2.632350e+09 8.159150e+03 
2634500000 8.147775e+03 
2636650000 8.153375e+03 
2638800000 8.140375e+03 
2.640950e+09 8.148400e+03 
2643100000 8.153075e+03 
2645250000 8.164975e+03 
2.647400e+09 8.190700e+03 
2649550000 8.173600e+03 
2651700000 8.181950e+03 
2653850000 8.170850e+03 
2.656000e+09 8.174825e+03 
2658150000 8.161100e+03 
2660300000 8.155025e+03 
2.662450e+09 8.156975e+03 
2664600000 8.155125e+03 
2666750000 8.114925e+03 
2668900000 8.127675e+03 
2.671050e+09 8.128950e+03 
2673200000 8.125700e+03 
2675350000 8.107375e+03 
2677500000 8.169600e+03 
2679650000 8.157425e+03 
2681800000 8.181325e+03 
2683950000 8.202075e+03 
2.686100e+09 8.208200e+03 
2688250000 8.197050e+03 
2690400000 8.196300e+03 
2692550000 8.180100e+03 
2694700000 8.185150e+03 
2696850000 8.148475e+03 
2699000000 8.155825e+03 
2.701150e+09 8.144925e+03 
2703300000 8.116375e+03 
2705450000 8.123275e+03 
2707600000 8.118950e+03 
2.709750e+09 8.114250e+03 
2711900000 8.147450e+03 
2714050000 8.124225e+03 
2.716200e+09 8.165650e+03 
2718350000 8.159750e+03 
2720500000 8.163700e+03 
2722650000 8.191650e+03 
2724800000 8.184650e+03 
2726950000 8.148850e+03 
2729100000 8.194425e+03 
2.731250e+09 8.167950e+03 
2733400000 8.168950e+03 
2735550000 8.171550e+03 
2737700000 8.153175e+03 
2.739850e+09 8.161200e+03 
2742000000 8.175325e+03 
2744150000 8.155350e+03 
2.746300e+09 8.154750e+03 
2748450000 8.186800e+03 
2750600000 8.198750e+03 
2752750000 8.191575e+03 
2754900000 8.192075e+03 
2757050000 8.188975e+03 
2759200000 8.184800e+03 
2.761350e+09 8.197375e+03 
2763500000 8.194175e+03 
2765650000 8.181725e+03 
2767800000 8.173250e+03 
2.769950e+09 8.191825e+03 
2772100000 8.170225e+03 
2774250000 8.179750e+03 
2.776400e+09 8.184250e+03 
2778550000 8.194800e+03 
2780700000 8.164600e+03 
2782850000 8.185575e+03 
2785000000 8.186550e+03 
2787150000 8.197975e+03 
2789300000 8.172875e+03 
2791450000 8.175600e+03 
2793600000 8.219550e+03 
2795750000 8.193650e+03 
2797900000 8166 
2.800050e+09 8.174400e+03 
2802200000 8.214250e+03 
2804350000 8.175525e+03 
2806500000 8.190150e+03 
2808650000 8.201250e+03 
2810800000 8.189225e+03 
2812950000 8.185525e+03 
2815100000 8.194825e+03 
2817250000 8.195475e+03 
2819400000 8.191025e+03 
2821550000 8.193050e+03 
2823700000 8.166950e+03 
2825850000 8.194950e+03 
2828000000 8.183475e+03 
2.830150e+09 8.191800e+03 
2832300000 8.197125e+03 
2834450000 8.152325e+03 
2836600000 8.190400e+03 
2838750000 8.183450e+03 
2840900000 8.179375e+03 
2843050000 8.170100e+03 
2845200000 8.174700e+03 
2847350000 8.191700e+03 
2849500000 8.167825e+03 
2851650000 8.183750e+03 
2853800000 8.173775e+03 
2855950000 8.178425e+03 
2858100000 8.178150e+03 
2.860250e+09 8.182475e+03 
2862400000 8.189675e+03 
2864550000 8.182700e+03 
2866700000 8.204025e+03 
2868850000 8.186775e+03 
2871000000 8.182900e+03 
2873150000 8.189425e+03 
2875300000 8.174250e+03 
2877450000 8.163975e+03 
2879600000 8.166525e+03 
2881750000 8.195050e+03 
2883900000 8.160375e+03 
2886050000 8.169150e+03 
2888200000 8.192300e+03 
2.890350e+09 8.182450e+03 
2892500000 8.201675e+03 
2894650000 8.170900e+03 
2896800000 8.179525e+03 
2898950000 8.185650e+03 
2901100000 8.191575e+03 
2903250000 8.194500e+03 
2905400000 8.178975e+03 
2907550000 8.179700e+03 
2909700000 8.187900e+03 
2911850000 8.180900e+03 
2914000000 8.195875e+03 
2916150000 8188 
2918300000 8.166525e+03 
2920450000 8.165825e+03 
2922600000 8.195625e+03 
2924750000 8.169800e+03 
2926900000 8.172750e+03 
2929050000 8177 
2931200000 8.172575e+03 
2933350000 8.183250e+03 
2935500000 8.195725e+03 
2937650000 8.189575e+03 
2939800000 8.195350e+03 
2941950000 8.164150e+03 
2.944100e+09 8.184650e+03 
2946250000 8.215375e+03 
2948400000 8.177925e+03 
2950550000 8.174275e+03 
2952700000 8.173125e+03 
2954850000 8.200125e+03 
2957000000 8.201075e+03 
2959150000 8.182550e+03 
2961300000 8.188250e+03 
2963450000 8.201250e+03 
2965600000 8.194775e+03 
2967750000 8.205100e+03 
2969900000 8.198150e+03 
2972050000 8.184850e+03 
2974200000 8.153925e+03 
2976350000 8.169075e+03 
2978500000 8.192275e+03 
2980650000 8.201675e+03 
2982800000 8.192350e+03 
2984950000 8.189125e+03 
2987100000 8.203275e+03 
2989250000 8.219575e+03 
2991400000 8.187075e+03 
2993550000 8.198100e+03 
2995700000 8.201225e+03 
2997850000 8.197675e+03 
3000000000 8.200350e+03 

END
