IGOR
WAVES/D/O sweep,sig(1) 
BEGIN
2570000000 8.177500e+03 
2.572150e+09 8.135100e+03 
2574300000 8.141875e+03 
2576450000 8.172375e+03 
2578600000 8.176175e+03 
2.580750e+09 8.150375e+03 
2582900000 8.146700e+03 
2585050000 8170 
2.587200e+09 8.173475e+03 
2589350000 8.140275e+03 
2591500000 8.154275e+03 
2593650000 8.132400e+03 
2.595800e+09 8.153125e+03 
2597950000 8.148150e+03 
2600100000 8.165875e+03 
2.602250e+09 8.168825e+03 
2604400000 8.140375e+03 
2606550000 8.120375e+03 
2608700000 8.111625e+03 
2.610850e+09 8.135050e+03 
2613000000 8.166575e+03 
2615150000 8.130175e+03 
2.617300e+09 8.143875e+03 
2619450000 8.145250e+03 
2621600000 8158 
2623750000 8.134700e+03 
2.625900e+09 8.154550e+03 
2628050000 8.147200e+03 
2630200000 8.168725e+03 
2.632350e+09 8.137125e+03 
2634500000 8.130200e+03 
2636650000 8.133250e+03 
2638800000 8.134700e+03 
2.640950e+09 8.107775e+03 
2643100000 8.116975e+03 
2645250000 8.121800e+03 
2.647400e+09 8.138950e+03 
2649550000 8.145250e+03 
2651700000 8.113450e+03 
2653850000 8.119375e+03 
2.656000e+09 8.114750e+03 
2658150000 8.118850e+03 
2660300000 8.121825e+03 
2.662450e+09 8.101100e+03 
2664600000 8.144250e+03 
2666750000 8.127100e+03 
2668900000 8.120225e+03 
2.671050e+09 8.138900e+03 
2673200000 8.124925e+03 
2675350000 8.154350e+03 
2677500000 8.133550e+03 
2679650000 8.124775e+03 
2681800000 8.112850e+03 
2683950000 8.129350e+03 
2.686100e+09 8.137325e+03 
2688250000 8.158350e+03 
2690400000 8.134925e+03 
2692550000 8.134500e+03 
2694700000 8.084825e+03 
2696850000 8.109600e+03 
2699000000 8.099800e+03 
2.701150e+09 8.117250e+03 
2703300000 8.105500e+03 
2705450000 8.111300e+03 
2707600000 8.114900e+03 
2.709750e+09 8.114100e+03 
2711900000 8.129400e+03 
2714050000 8.116175e+03 
2.716200e+09 8.113475e+03 
2718350000 8.134575e+03 
2720500000 8.109875e+03 
2722650000 8.121750e+03 
2724800000 8.099825e+03 
2726950000 8.108800e+03 
2729100000 8.121075e+03 
2.731250e+09 8.125450e+03 
2733400000 8.137675e+03 
2735550000 8.107475e+03 
2737700000 8.112850e+03 
2.739850e+09 8119 
2742000000 8.104550e+03 
2744150000 8.120525e+03 
2.746300e+09 8.145725e+03 
2748450000 8.097550e+03 
2750600000 8.124600e+03 
2752750000 8.100625e+03 
2754900000 8.120300e+03 
2757050000 8.099950e+03 
2759200000 8.091325e+03 
2.761350e+09 8.126825e+03 
2763500000 8.115475e+03 
2765650000 8.115450e+03 
2767800000 8.097350e+03 
2.769950e+09 8.101950e+03 
2772100000 8.087475e+03 
2774250000 8.070825e+03 
2.776400e+09 8.051275e+03 
2778550000 8.089725e+03 
2780700000 8.058725e+03 
2782850000 8.032800e+03 
2785000000 8.019300e+03 
2787150000 8.004400e+03 
2789300000 7.978450e+03 
2791450000 7.978400e+03 
2793600000 7.951900e+03 
2795750000 7.944325e+03 
2797900000 7.989350e+03 
2.800050e+09 7.996675e+03 
2802200000 7.985650e+03 
2804350000 8.024700e+03 
2806500000 8.063125e+03 
2808650000 8.067275e+03 
2810800000 8.081025e+03 
2812950000 8.098375e+03 
2815100000 8.079150e+03 
2817250000 8.111475e+03 
2819400000 8116 
2821550000 8.137700e+03 
2823700000 8.146350e+03 
2825850000 8.125525e+03 
2828000000 8.108850e+03 
2.830150e+09 8.114525e+03 
2832300000 8.129900e+03 
2834450000 8.135275e+03 
2836600000 8.126450e+03 
2838750000 8.131275e+03 
2840900000 8.121700e+03 
2843050000 8.151150e+03 
2845200000 8.135825e+03 
2847350000 8.112700e+03 
2849500000 8109 
2851650000 8.096575e+03 
2853800000 8.117700e+03 
2855950000 8.116350e+03 
2858100000 8.122450e+03 
2.860250e+09 8.142075e+03 
2862400000 8.103275e+03 
2864550000 8137 
2866700000 8.110200e+03 
2868850000 8.146625e+03 
2871000000 8.100475e+03 
2873150000 8.131375e+03 
2875300000 8.129125e+03 
2877450000 8.143525e+03 
2879600000 8.093975e+03 
2881750000 8.134650e+03 
2883900000 8.135500e+03 
2886050000 8.126900e+03 
2888200000 8.117325e+03 
2.890350e+09 8.110325e+03 
2892500000 8.125975e+03 
2894650000 8.155900e+03 
2896800000 8.133300e+03 
2898950000 8.104800e+03 
2901100000 8.115125e+03 
2903250000 8.121050e+03 
2905400000 8.130900e+03 
2907550000 8.129300e+03 
2909700000 8.146775e+03 
2911850000 8.163875e+03 
2914000000 8.135775e+03 
2916150000 8.104275e+03 
2918300000 8.137750e+03 
2920450000 8.156175e+03 
2922600000 8.146675e+03 
2924750000 8.118275e+03 
2926900000 8.132200e+03 
2929050000 8.170500e+03 
2931200000 8.134775e+03 
2933350000 8.144900e+03 
2935500000 8.129875e+03 
2937650000 8.133975e+03 
2939800000 8.129900e+03 
2941950000 8.094875e+03 
2.944100e+09 8.089775e+03 
2946250000 8.068050e+03 
2948400000 8.081700e+03 
2950550000 8.031800e+03 
2952700000 7.989925e+03 
2954850000 8.010575e+03 
2957000000 7.963475e+03 
2959150000 7.955225e+03 
2961300000 7.931450e+03 
2963450000 7.946375e+03 
2965600000 7.978350e+03 
2967750000 7.966875e+03 
2969900000 7.966825e+03 
2972050000 8.015225e+03 
2974200000 8.024850e+03 
2976350000 8.035550e+03 
2978500000 8.044150e+03 
2980650000 8.077125e+03 
2982800000 8.111400e+03 
2984950000 8.091825e+03 
2987100000 8.104325e+03 
2989250000 8.135850e+03 
2991400000 8112 
2993550000 8.116325e+03 
2995700000 8.101550e+03 
2997850000 8.087375e+03 
3000000000 8.088925e+03 

END
