IGOR
WAVES/D/O sweep,sig(1) 
BEGIN
2570000000 8.036025e+03 
2.572150e+09 8.038325e+03 
2574300000 8.031600e+03 
2576450000 8.052775e+03 
2578600000 8.036600e+03 
2.580750e+09 8.024450e+03 
2582900000 8.049450e+03 
2585050000 8.032500e+03 
2.587200e+09 8.013825e+03 
2589350000 8.046775e+03 
2591500000 8.013625e+03 
2593650000 8.019300e+03 
2.595800e+09 8.032550e+03 
2597950000 8.043575e+03 
2600100000 8.036850e+03 
2.602250e+09 8.047625e+03 
2604400000 8.003075e+03 
2606550000 8.033250e+03 
2608700000 8.039950e+03 
2.610850e+09 8.055250e+03 
2613000000 8.044100e+03 
2615150000 8047 
2.617300e+09 8.021525e+03 
2619450000 8.028025e+03 
2621600000 8.011350e+03 
2623750000 8.031625e+03 
2.625900e+09 8.022250e+03 
2628050000 8.006625e+03 
2630200000 8.024150e+03 
2.632350e+09 8.002400e+03 
2634500000 8.002175e+03 
2636650000 7.982900e+03 
2638800000 8.016850e+03 
2.640950e+09 7.975175e+03 
2643100000 8.004325e+03 
2645250000 8.017500e+03 
2.647400e+09 8.025725e+03 
2649550000 8.008925e+03 
2651700000 8.054075e+03 
2653850000 8.009675e+03 
2.656000e+09 8.016300e+03 
2658150000 8.028075e+03 
2660300000 8.040675e+03 
2.662450e+09 8.005025e+03 
2664600000 8.001075e+03 
2666750000 7.978550e+03 
2668900000 7.979850e+03 
2.671050e+09 7.979575e+03 
2673200000 7.971450e+03 
2675350000 7.987550e+03 
2677500000 7.977600e+03 
2679650000 8.004225e+03 
2681800000 8.035300e+03 
2683950000 8.028250e+03 
2.686100e+09 8.023750e+03 
2688250000 8.001450e+03 
2690400000 8.035875e+03 
2692550000 8.022025e+03 
2694700000 8.032075e+03 
2696850000 8.011875e+03 
2699000000 8.008125e+03 
2.701150e+09 7.976525e+03 
2703300000 7.988950e+03 
2705450000 7.960475e+03 
2707600000 7.969700e+03 
2.709750e+09 7.971675e+03 
2711900000 7.970150e+03 
2714050000 7.980850e+03 
2.716200e+09 7.984550e+03 
2718350000 7.998900e+03 
2720500000 8.012225e+03 
2722650000 8.029300e+03 
2724800000 8.019650e+03 
2726950000 8.028900e+03 
2729100000 8.022825e+03 
2.731250e+09 7.992875e+03 
2733400000 8.017175e+03 
2735550000 8.014225e+03 
2737700000 8.007475e+03 
2.739850e+09 7.999725e+03 
2742000000 7.996975e+03 
2744150000 8.006725e+03 
2.746300e+09 8.008800e+03 
2748450000 8.003600e+03 
2750600000 8.017800e+03 
2752750000 8.039475e+03 
2754900000 8.024350e+03 
2757050000 8.038375e+03 
2759200000 8.052300e+03 
2.761350e+09 8.015575e+03 
2763500000 8.041650e+03 
2765650000 8.020025e+03 
2767800000 8.042625e+03 
2.769950e+09 8.020275e+03 
2772100000 8.047625e+03 
2774250000 8.023200e+03 
2.776400e+09 8.031050e+03 
2778550000 8.018775e+03 
2780700000 8.009300e+03 
2782850000 8.030750e+03 
2785000000 8.023800e+03 
2787150000 8.035350e+03 
2789300000 8.043400e+03 
2791450000 8.010200e+03 
2793600000 8.032900e+03 
2795750000 8.032450e+03 
2797900000 8.032800e+03 
2.800050e+09 8.005100e+03 
2802200000 8.015650e+03 
2804350000 8.022650e+03 
2806500000 8.011975e+03 
2808650000 8.024100e+03 
2810800000 8.027950e+03 
2812950000 8.025575e+03 
2815100000 8.055400e+03 
2817250000 8.017150e+03 
2819400000 8.026100e+03 
2821550000 8.034350e+03 
2823700000 8.002925e+03 
2825850000 8.045300e+03 
2828000000 8.028350e+03 
2.830150e+09 8.045975e+03 
2832300000 8.022675e+03 
2834450000 8.033475e+03 
2836600000 8.041675e+03 
2838750000 8.039675e+03 
2840900000 8.047525e+03 
2843050000 8.032125e+03 
2845200000 8.029550e+03 
2847350000 8.027975e+03 
2849500000 8.006475e+03 
2851650000 8.027175e+03 
2853800000 8.039050e+03 
2855950000 8.043475e+03 
2858100000 8.025325e+03 
2.860250e+09 8.028425e+03 
2862400000 8.014125e+03 
2864550000 8.028200e+03 
2866700000 8.030325e+03 
2868850000 8.042975e+03 
2871000000 8.046350e+03 
2873150000 8.010575e+03 
2875300000 8.026950e+03 
2877450000 8.036250e+03 
2879600000 8.021900e+03 
2881750000 8.013225e+03 
2883900000 8.001275e+03 
2886050000 8.037100e+03 
2888200000 8.032775e+03 
2.890350e+09 8.033625e+03 
2892500000 8.013475e+03 
2894650000 8.017925e+03 
2896800000 8.046075e+03 
2898950000 8.020550e+03 
2901100000 8.038625e+03 
2903250000 8.036725e+03 
2905400000 8.036225e+03 
2907550000 8024 
2909700000 8.023950e+03 
2911850000 8.016825e+03 
2914000000 8.037525e+03 
2916150000 8.008100e+03 
2918300000 8.047625e+03 
2920450000 8.030500e+03 
2922600000 8.010800e+03 
2924750000 8.011575e+03 
2926900000 8.010525e+03 
2929050000 8.037300e+03 
2931200000 8.022625e+03 
2933350000 8.023650e+03 
2935500000 8.022400e+03 
2937650000 8.010800e+03 
2939800000 8.006325e+03 
2941950000 8.014925e+03 
2.944100e+09 8.004650e+03 
2946250000 8.025875e+03 
2948400000 8.033700e+03 
2950550000 8.039975e+03 
2952700000 8.019900e+03 
2954850000 8023 
2957000000 8.025375e+03 
2959150000 8.041550e+03 
2961300000 8.034550e+03 
2963450000 8.015575e+03 
2965600000 8.045125e+03 
2967750000 8.006825e+03 
2969900000 8.013750e+03 
2972050000 8.006250e+03 
2974200000 8.009075e+03 
2976350000 8.025875e+03 
2978500000 8.021075e+03 
2980650000 8.016250e+03 
2982800000 8.047750e+03 
2984950000 8.057875e+03 
2987100000 8.040450e+03 
2989250000 8.016850e+03 
2991400000 8.044250e+03 
2993550000 8.027800e+03 
2995700000 8.023100e+03 
2997850000 8.043525e+03 
3000000000 8031 

END
