IGOR
WAVES/D/O sweep,sig(1) 
BEGIN
2570000000 8.060250e+03 
2.572150e+09 8.050150e+03 
2574300000 8.055975e+03 
2576450000 8.070150e+03 
2578600000 8.020525e+03 
2.580750e+09 8.042300e+03 
2582900000 8.048075e+03 
2585050000 8.037875e+03 
2.587200e+09 8.064750e+03 
2589350000 8.050100e+03 
2591500000 8.034050e+03 
2593650000 8.054875e+03 
2.595800e+09 8.048475e+03 
2597950000 8.048400e+03 
2600100000 8.039100e+03 
2.602250e+09 8.047925e+03 
2604400000 8.061200e+03 
2606550000 8.063225e+03 
2608700000 8.052575e+03 
2.610850e+09 8.049475e+03 
2613000000 8.057400e+03 
2615150000 8.031100e+03 
2.617300e+09 8.040825e+03 
2619450000 8.045200e+03 
2621600000 8.042900e+03 
2623750000 8.041125e+03 
2.625900e+09 8.058725e+03 
2628050000 8.023625e+03 
2630200000 8.051375e+03 
2.632350e+09 8.059175e+03 
2634500000 8.010900e+03 
2636650000 7994 
2638800000 8.011650e+03 
2.640950e+09 7.981650e+03 
2643100000 8.007975e+03 
2645250000 8.005675e+03 
2.647400e+09 8.036425e+03 
2649550000 8.032850e+03 
2651700000 8.043125e+03 
2653850000 8.050850e+03 
2.656000e+09 8.037750e+03 
2658150000 8.048550e+03 
2660300000 8.016500e+03 
2.662450e+09 7.988850e+03 
2664600000 7.995925e+03 
2666750000 7.997200e+03 
2668900000 7.965875e+03 
2.671050e+09 7.967700e+03 
2673200000 7.966625e+03 
2675350000 7.983425e+03 
2677500000 8.013575e+03 
2679650000 8.025050e+03 
2681800000 8.020400e+03 
2683950000 8.014375e+03 
2.686100e+09 8.040075e+03 
2688250000 8.039775e+03 
2690400000 8.049075e+03 
2692550000 8.040925e+03 
2694700000 8.027125e+03 
2696850000 8.023075e+03 
2699000000 8.009075e+03 
2.701150e+09 8.011850e+03 
2703300000 7.999525e+03 
2705450000 7.974575e+03 
2707600000 7.951475e+03 
2.709750e+09 7.984175e+03 
2711900000 7.997525e+03 
2714050000 8.003950e+03 
2.716200e+09 8.014200e+03 
2718350000 8.007400e+03 
2720500000 8.043150e+03 
2722650000 8.029125e+03 
2724800000 8.023100e+03 
2726950000 8.052125e+03 
2729100000 8.020025e+03 
2.731250e+09 8.031575e+03 
2733400000 8.019225e+03 
2735550000 8.009350e+03 
2737700000 8.029975e+03 
2.739850e+09 8.002975e+03 
2742000000 8.004275e+03 
2744150000 8.015550e+03 
2.746300e+09 8.031825e+03 
2748450000 8.029150e+03 
2750600000 8.014125e+03 
2752750000 8.036325e+03 
2754900000 8.036550e+03 
2757050000 8.022700e+03 
2759200000 8.023800e+03 
2.761350e+09 8.044325e+03 
2763500000 8.037325e+03 
2765650000 8.061700e+03 
2767800000 8.038500e+03 
2.769950e+09 8.070775e+03 
2772100000 8.033300e+03 
2774250000 8.049075e+03 
2.776400e+09 8.044800e+03 
2778550000 8.045275e+03 
2780700000 8.056625e+03 
2782850000 8045 
2785000000 8.022800e+03 
2787150000 8.026175e+03 
2789300000 8.017175e+03 
2791450000 8.062325e+03 
2793600000 8.034750e+03 
2795750000 8.044400e+03 
2797900000 8.047675e+03 
2.800050e+09 8.051975e+03 
2802200000 8.043350e+03 
2804350000 8.023350e+03 
2806500000 8.046850e+03 
2808650000 8.036675e+03 
2810800000 8.046875e+03 
2812950000 8.047325e+03 
2815100000 8.041250e+03 
2817250000 8.031900e+03 
2819400000 8.033775e+03 
2821550000 8.039500e+03 
2823700000 8.024550e+03 
2825850000 8.047750e+03 
2828000000 8.035650e+03 
2.830150e+09 8.039275e+03 
2832300000 8.027150e+03 
2834450000 8.043850e+03 
2836600000 8.028700e+03 
2838750000 8.011975e+03 
2840900000 8.037400e+03 
2843050000 8.041775e+03 
2845200000 8.014750e+03 
2847350000 8.057475e+03 
2849500000 8.031750e+03 
2851650000 8.052125e+03 
2853800000 8.051875e+03 
2855950000 8.033225e+03 
2858100000 8044 
2.860250e+09 8.051500e+03 
2862400000 8.059450e+03 
2864550000 8.048600e+03 
2866700000 8.031700e+03 
2868850000 8070 
2871000000 8.031250e+03 
2873150000 8.036250e+03 
2875300000 8.026800e+03 
2877450000 8.051100e+03 
2879600000 8.043450e+03 
2881750000 8.025775e+03 
2883900000 8.035175e+03 
2886050000 8.035375e+03 
2888200000 8.042475e+03 
2.890350e+09 8.030275e+03 
2892500000 8.024625e+03 
2894650000 8.034700e+03 
2896800000 8.045325e+03 
2898950000 8.034825e+03 
2901100000 8.042225e+03 
2903250000 8.046975e+03 
2905400000 8.036600e+03 
2907550000 8.033825e+03 
2909700000 8.035225e+03 
2911850000 8.039625e+03 
2914000000 8.055325e+03 
2916150000 8068 
2918300000 8.035725e+03 
2920450000 8.029600e+03 
2922600000 8.058400e+03 
2924750000 8.028950e+03 
2926900000 8.028875e+03 
2929050000 8.056775e+03 
2931200000 8.036500e+03 
2933350000 8.045800e+03 
2935500000 8.037875e+03 
2937650000 8.010775e+03 
2939800000 8.043800e+03 
2941950000 8.019575e+03 
2.944100e+09 8.027725e+03 
2946250000 8.036200e+03 
2948400000 8.052075e+03 
2950550000 8.042550e+03 
2952700000 8.033700e+03 
2954850000 8.041450e+03 
2957000000 8.040075e+03 
2959150000 8.046950e+03 
2961300000 8.027550e+03 
2963450000 8.071675e+03 
2965600000 8.051550e+03 
2967750000 8.058025e+03 
2969900000 8.030450e+03 
2972050000 8.018325e+03 
2974200000 8.044300e+03 
2976350000 8.039875e+03 
2978500000 8.011125e+03 
2980650000 8.020875e+03 
2982800000 8.054050e+03 
2984950000 8.053950e+03 
2987100000 8.036800e+03 
2989250000 8.063825e+03 
2991400000 8.047325e+03 
2993550000 8.050975e+03 
2995700000 8.064750e+03 
2997850000 8.049050e+03 
3000000000 8.062900e+03 

END
