IGOR
WAVES/D/O sweep,sig(1) 
BEGIN
2570000000 8.078175e+03 
2.572150e+09 8.059075e+03 
2574300000 8.037750e+03 
2576450000 8.064750e+03 
2578600000 8.060675e+03 
2.580750e+09 8.099075e+03 
2582900000 8.050025e+03 
2585050000 8.045250e+03 
2.587200e+09 8.089100e+03 
2589350000 8.084775e+03 
2591500000 8.056700e+03 
2593650000 8.066725e+03 
2.595800e+09 8.068950e+03 
2597950000 8.068250e+03 
2600100000 8.048650e+03 
2.602250e+09 8.070725e+03 
2604400000 8.048375e+03 
2606550000 8.079350e+03 
2608700000 8.064975e+03 
2.610850e+09 8.074475e+03 
2613000000 8.063650e+03 
2615150000 8.078125e+03 
2.617300e+09 8.084875e+03 
2619450000 8.081325e+03 
2621600000 8.078150e+03 
2623750000 8.065450e+03 
2.625900e+09 8.071650e+03 
2628050000 8062 
2630200000 8.027275e+03 
2.632350e+09 8.033850e+03 
2634500000 8038 
2636650000 8.047450e+03 
2638800000 8.030825e+03 
2.640950e+09 8.002525e+03 
2643100000 8.010875e+03 
2645250000 8.038825e+03 
2.647400e+09 8.027025e+03 
2649550000 8.014575e+03 
2651700000 8.044075e+03 
2653850000 8.044625e+03 
2.656000e+09 8045 
2658150000 8.068625e+03 
2660300000 8.061825e+03 
2.662450e+09 8.052375e+03 
2664600000 7.999925e+03 
2666750000 8.009075e+03 
2668900000 8.011050e+03 
2.671050e+09 7.987425e+03 
2673200000 8.019950e+03 
2675350000 8.021675e+03 
2677500000 8.030875e+03 
2679650000 8.049150e+03 
2681800000 8.071125e+03 
2683950000 8.076800e+03 
2.686100e+09 8.076825e+03 
2688250000 8.077900e+03 
2690400000 8.054775e+03 
2692550000 8.064300e+03 
2694700000 8.060125e+03 
2696850000 8.036425e+03 
2699000000 8.025425e+03 
2.701150e+09 8.007625e+03 
2703300000 7.992650e+03 
2705450000 7.970100e+03 
2707600000 8.013200e+03 
2.709750e+09 8.003700e+03 
2711900000 8.009975e+03 
2714050000 8.002475e+03 
2.716200e+09 8.032950e+03 
2718350000 8.063850e+03 
2720500000 8.057750e+03 
2722650000 8.074400e+03 
2724800000 8.054800e+03 
2726950000 8.074975e+03 
2729100000 8.070700e+03 
2.731250e+09 8.040150e+03 
2733400000 8.049325e+03 
2735550000 8.036425e+03 
2737700000 8.052575e+03 
2.739850e+09 8.053325e+03 
2742000000 8.048150e+03 
2744150000 8.050300e+03 
2.746300e+09 8.058325e+03 
2748450000 8.050275e+03 
2750600000 8093 
2752750000 8.051150e+03 
2754900000 8.057625e+03 
2757050000 8.061700e+03 
2759200000 8.035275e+03 
2.761350e+09 8.076750e+03 
2763500000 8.081300e+03 
2765650000 8.084225e+03 
2767800000 8.094350e+03 
2.769950e+09 8.072775e+03 
2772100000 8.079825e+03 
2774250000 8.063300e+03 
2.776400e+09 8.103300e+03 
2778550000 8.080225e+03 
2780700000 8.087800e+03 
2782850000 8.078825e+03 
2785000000 8.083375e+03 
2787150000 8.066650e+03 
2789300000 8.067575e+03 
2791450000 8.061250e+03 
2793600000 8.084425e+03 
2795750000 8.076500e+03 
2797900000 8.064300e+03 
2.800050e+09 8.064675e+03 
2802200000 8.063075e+03 
2804350000 8.069850e+03 
2806500000 8.092775e+03 
2808650000 8.075325e+03 
2810800000 8.056275e+03 
2812950000 8.077500e+03 
2815100000 8.065300e+03 
2817250000 8.083775e+03 
2819400000 8.084500e+03 
2821550000 8.077800e+03 
2823700000 8.088100e+03 
2825850000 8.073175e+03 
2828000000 8.089575e+03 
2.830150e+09 8.093625e+03 
2832300000 8.084275e+03 
2834450000 8.062150e+03 
2836600000 8.072975e+03 
2838750000 8.060425e+03 
2840900000 8.076300e+03 
2843050000 8.068925e+03 
2845200000 8.076900e+03 
2847350000 8.071450e+03 
2849500000 8.053125e+03 
2851650000 8.058100e+03 
2853800000 8.071125e+03 
2855950000 8.076325e+03 
2858100000 8.087275e+03 
2.860250e+09 8.109350e+03 
2862400000 8.076325e+03 
2864550000 8.079950e+03 
2866700000 8.096875e+03 
2868850000 8.107050e+03 
2871000000 8.067975e+03 
2873150000 8.065900e+03 
2875300000 8.093875e+03 
2877450000 8.072250e+03 
2879600000 8.093975e+03 
2881750000 8.083275e+03 
2883900000 8.098250e+03 
2886050000 8.077325e+03 
2888200000 8.092525e+03 
2.890350e+09 8.076550e+03 
2892500000 8.089925e+03 
2894650000 8.079300e+03 
2896800000 8.084300e+03 
2898950000 8.056775e+03 
2901100000 8.075650e+03 
2903250000 8.081375e+03 
2905400000 8.098800e+03 
2907550000 8.080675e+03 
2909700000 8.091550e+03 
2911850000 8.096525e+03 
2914000000 8.078950e+03 
2916150000 8.100625e+03 
2918300000 8.076700e+03 
2920450000 8.096200e+03 
2922600000 8.080100e+03 
2924750000 8.087375e+03 
2926900000 8.092500e+03 
2929050000 8.064225e+03 
2931200000 8.098100e+03 
2933350000 8.084625e+03 
2935500000 8.086375e+03 
2937650000 8.074725e+03 
2939800000 8.095500e+03 
2941950000 8.069775e+03 
2.944100e+09 8.086950e+03 
2946250000 8.104775e+03 
2948400000 8.067900e+03 
2950550000 8071 
2952700000 8082 
2954850000 8.080350e+03 
2957000000 8.064750e+03 
2959150000 8.089875e+03 
2961300000 8.083925e+03 
2963450000 8.090725e+03 
2965600000 8.079975e+03 
2967750000 8.063875e+03 
2969900000 8.058025e+03 
2972050000 8.080675e+03 
2974200000 8.071600e+03 
2976350000 8.062800e+03 
2978500000 8.078800e+03 
2980650000 8.073600e+03 
2982800000 8.061850e+03 
2984950000 8.083650e+03 
2987100000 8.081800e+03 
2989250000 8.101450e+03 
2991400000 8.079150e+03 
2993550000 8.075975e+03 
2995700000 8.100400e+03 
2997850000 8.082175e+03 
3000000000 8.098675e+03 

END
