IGOR
WAVES/D/O sweep,sig(1) 
BEGIN
2570000000 1.621340e+04 
2574300000 1.622160e+04 
2578600000 1.619450e+04 
2582900000 1.624585e+04 
2.587200e+09 1.620790e+04 
2591500000 1.625680e+04 
2.595800e+09 1.618825e+04 
2600100000 16199 
2604400000 1.619815e+04 
2608700000 1.620075e+04 
2613000000 1.623960e+04 
2.617300e+09 1.621715e+04 
2621600000 1.618695e+04 
2.625900e+09 1.622595e+04 
2630200000 1.616295e+04 
2634500000 1.617910e+04 
2638800000 1.618475e+04 
2643100000 1.619650e+04 
2.647400e+09 1.616880e+04 
2651700000 1.617790e+04 
2.656000e+09 1.620675e+04 
2660300000 1.622325e+04 
2664600000 1.616145e+04 
2668900000 1.623205e+04 
2673200000 16187 
2677500000 1.620670e+04 
2681800000 1.622875e+04 
2.686100e+09 1.621890e+04 
2690400000 1.620655e+04 
2694700000 1.621075e+04 
2699000000 16213 
2703300000 1.624880e+04 
2707600000 1.624380e+04 
2711900000 1.624875e+04 
2.716200e+09 1.623610e+04 
2720500000 1.621040e+04 
2724800000 16197 
2729100000 1.613235e+04 
2733400000 1.607305e+04 
2737700000 1.600265e+04 
2742000000 1.595565e+04 
2.746300e+09 1.595810e+04 
2750600000 1.600515e+04 
2754900000 1.603645e+04 
2759200000 1.615125e+04 
2763500000 1.619770e+04 
2767800000 1.619385e+04 
2772100000 1.625720e+04 
2.776400e+09 1.624745e+04 
2780700000 1.613925e+04 
2785000000 1.610370e+04 
2789300000 1.612825e+04 
2793600000 1.611595e+04 
2797900000 1.602845e+04 
2802200000 1.600070e+04 
2806500000 1.602040e+04 
2810800000 1.599845e+04 
2815100000 1.598250e+04 
2819400000 1.612395e+04 
2823700000 1.610365e+04 
2828000000 1.620875e+04 
2832300000 1.617290e+04 
2836600000 1.613550e+04 
2840900000 1.615410e+04 
2845200000 1.622920e+04 
2849500000 1.622360e+04 
2853800000 1.621335e+04 
2858100000 1.617930e+04 
2862400000 1.619645e+04 
2866700000 1.619865e+04 
2871000000 1.620410e+04 
2875300000 1.619195e+04 
2879600000 1.614080e+04 
2883900000 1.612215e+04 
2888200000 1.616205e+04 
2892500000 1.617795e+04 
2896800000 1.615505e+04 
2901100000 1.620615e+04 
2905400000 1.615855e+04 
2909700000 1.618350e+04 
2914000000 1.620475e+04 
2918300000 1.618695e+04 
2922600000 1.617890e+04 
2926900000 1.619180e+04 
2931200000 1.614770e+04 
2935500000 1.608185e+04 
2939800000 1.621685e+04 
2.944100e+09 1.611020e+04 
2948400000 1.617650e+04 
2952700000 1.615460e+04 
2957000000 1.611690e+04 
2961300000 16057 
2965600000 1.603680e+04 
2969900000 1.591590e+04 
2974200000 1.592720e+04 
2978500000 1.592505e+04 
2982800000 1.598120e+04 
2987100000 1.600145e+04 
2991400000 1.607720e+04 
2995700000 1.607645e+04 
3000000000 1.611250e+04 

END
