IGOR
WAVES/D/O sweep,sig(1) 
BEGIN
2570000000 7.999475e+03 
2.572150e+09 8.020925e+03 
2574300000 8.024875e+03 
2576450000 8.044275e+03 
2578600000 8.047550e+03 
2.580750e+09 8.032675e+03 
2582900000 8.040375e+03 
2585050000 8.028550e+03 
2.587200e+09 8.008300e+03 
2589350000 8.026875e+03 
2591500000 8.038250e+03 
2593650000 8.039500e+03 
2.595800e+09 8.015650e+03 
2597950000 8.029850e+03 
2600100000 8.016875e+03 
2.602250e+09 8.020375e+03 
2604400000 8.014950e+03 
2606550000 8.037300e+03 
2608700000 8.038775e+03 
2.610850e+09 8.016975e+03 
2613000000 8.016525e+03 
2615150000 8.026400e+03 
2.617300e+09 8.014925e+03 
2619450000 8.032150e+03 
2621600000 8.018500e+03 
2623750000 8023 
2.625900e+09 8.066475e+03 
2628050000 8.024325e+03 
2630200000 8.012025e+03 
2.632350e+09 8.002525e+03 
2634500000 7.999775e+03 
2636650000 7.989650e+03 
2638800000 7.986250e+03 
2.640950e+09 8.016125e+03 
2643100000 8.001075e+03 
2645250000 7.983325e+03 
2.647400e+09 8.026350e+03 
2649550000 8.018575e+03 
2651700000 8.036350e+03 
2653850000 8.035125e+03 
2.656000e+09 8.018250e+03 
2658150000 8.032825e+03 
2660300000 8.005775e+03 
2.662450e+09 8.003350e+03 
2664600000 7.989125e+03 
2666750000 7.968700e+03 
2668900000 7.966725e+03 
2.671050e+09 7.976700e+03 
2673200000 7.965775e+03 
2675350000 7.972250e+03 
2677500000 8.005650e+03 
2679650000 7.995125e+03 
2681800000 7.998050e+03 
2683950000 8.011825e+03 
2.686100e+09 8.027150e+03 
2688250000 8.052025e+03 
2690400000 8.019175e+03 
2692550000 8.037550e+03 
2694700000 8.013550e+03 
2696850000 8.012300e+03 
2699000000 8.005550e+03 
2.701150e+09 7.983950e+03 
2703300000 7.983150e+03 
2705450000 7.958800e+03 
2707600000 7.965550e+03 
2.709750e+09 7.973675e+03 
2711900000 7.969875e+03 
2714050000 7.976625e+03 
2.716200e+09 8.000825e+03 
2718350000 8.001650e+03 
2720500000 8.028250e+03 
2722650000 8.015400e+03 
2724800000 8.021325e+03 
2726950000 8.038375e+03 
2729100000 8.017325e+03 
2.731250e+09 8.018125e+03 
2733400000 7.998625e+03 
2735550000 8.019625e+03 
2737700000 8.008100e+03 
2.739850e+09 8.014675e+03 
2742000000 8.013575e+03 
2744150000 8.021125e+03 
2.746300e+09 7.998750e+03 
2748450000 8.045375e+03 
2750600000 8.038025e+03 
2752750000 8.039750e+03 
2754900000 8.003975e+03 
2757050000 8.045900e+03 
2759200000 8.054300e+03 
2.761350e+09 8.033100e+03 
2763500000 8.050500e+03 
2765650000 8.032675e+03 
2767800000 8.046750e+03 
2.769950e+09 8.050475e+03 
2772100000 8.046600e+03 
2774250000 8.043200e+03 
2.776400e+09 8014 
2778550000 8.032950e+03 
2780700000 8.040500e+03 
2782850000 8.033025e+03 
2785000000 8.036600e+03 
2787150000 8.052075e+03 
2789300000 8.027525e+03 
2791450000 8.031025e+03 
2793600000 8.040100e+03 
2795750000 8.046150e+03 
2797900000 8.029175e+03 
2.800050e+09 8.027425e+03 
2802200000 8.016375e+03 
2804350000 8.005800e+03 
2806500000 8.021775e+03 
2808650000 8.039525e+03 
2810800000 8.005775e+03 
2812950000 8.053425e+03 
2815100000 8.045200e+03 
2817250000 8.050100e+03 
2819400000 8.056775e+03 
2821550000 8.038325e+03 
2823700000 8.049700e+03 
2825850000 8.044175e+03 
2828000000 8.046300e+03 
2.830150e+09 8.046750e+03 
2832300000 8.025600e+03 
2834450000 8.018200e+03 
2836600000 8.039150e+03 
2838750000 8.049800e+03 
2840900000 8.049950e+03 
2843050000 8.032500e+03 
2845200000 8.041075e+03 
2847350000 8.039200e+03 
2849500000 8.034400e+03 
2851650000 8.041450e+03 
2853800000 8.029950e+03 
2855950000 8.035675e+03 
2858100000 8.028900e+03 
2.860250e+09 8.016350e+03 
2862400000 8.042400e+03 
2864550000 8.019775e+03 
2866700000 8.026075e+03 
2868850000 8.040050e+03 
2871000000 8.038275e+03 
2873150000 8.056225e+03 
2875300000 8.039975e+03 
2877450000 8.041350e+03 
2879600000 8.009925e+03 
2881750000 8.024100e+03 
2883900000 8.041825e+03 
2886050000 8.011200e+03 
2888200000 8.019575e+03 
2.890350e+09 8.055850e+03 
2892500000 8.040050e+03 
2894650000 8.028200e+03 
2896800000 8.031150e+03 
2898950000 8.016850e+03 
2901100000 8.046275e+03 
2903250000 8.031375e+03 
2905400000 8.036900e+03 
2907550000 8.040375e+03 
2909700000 8.036050e+03 
2911850000 8.025350e+03 
2914000000 8.032725e+03 
2916150000 8.024125e+03 
2918300000 8.039050e+03 
2920450000 8.031625e+03 
2922600000 8.042250e+03 
2924750000 8.033725e+03 
2926900000 8.046375e+03 
2929050000 8.033700e+03 
2931200000 8.030400e+03 
2933350000 8.036675e+03 
2935500000 8.040775e+03 
2937650000 8.017275e+03 
2939800000 8.038100e+03 
2941950000 8.016925e+03 
2.944100e+09 8.044925e+03 
2946250000 8.031200e+03 
2948400000 8.035175e+03 
2950550000 8.025200e+03 
2952700000 8.045275e+03 
2954850000 8.034875e+03 
2957000000 8.034350e+03 
2959150000 8.034575e+03 
2961300000 8.017875e+03 
2963450000 8.057350e+03 
2965600000 8.016575e+03 
2967750000 8.032875e+03 
2969900000 8.051350e+03 
2972050000 8.054175e+03 
2974200000 8.028325e+03 
2976350000 8.039100e+03 
2978500000 8.029175e+03 
2980650000 8.023800e+03 
2982800000 8.010275e+03 
2984950000 8.026950e+03 
2987100000 8.030475e+03 
2989250000 8.033475e+03 
2991400000 8.026500e+03 
2993550000 8.027150e+03 
2995700000 8.025050e+03 
2997850000 8.050250e+03 
3000000000 8.001725e+03 

END
