IGOR
WAVES/D/O sweep,sig(1) 
BEGIN
2570000000 8.036200e+03 
2.572150e+09 8.024850e+03 
2574300000 8.024350e+03 
2576450000 8.045075e+03 
2578600000 8.049975e+03 
2.580750e+09 8.040100e+03 
2582900000 8.041650e+03 
2585050000 8.039200e+03 
2.587200e+09 8.053500e+03 
2589350000 8.041100e+03 
2591500000 8.049625e+03 
2593650000 8.037350e+03 
2.595800e+09 8.031375e+03 
2597950000 8.065975e+03 
2600100000 8.046650e+03 
2.602250e+09 8.017050e+03 
2604400000 8012 
2606550000 8.034250e+03 
2608700000 8.016400e+03 
2.610850e+09 8.024350e+03 
2613000000 8.037825e+03 
2615150000 8.036475e+03 
2.617300e+09 8.032500e+03 
2619450000 8.009425e+03 
2621600000 8.030825e+03 
2623750000 8.005075e+03 
2.625900e+09 8.025050e+03 
2628050000 8.025350e+03 
2630200000 8.016250e+03 
2.632350e+09 8.003475e+03 
2634500000 8.010275e+03 
2636650000 7.990900e+03 
2638800000 7981 
2.640950e+09 7.990500e+03 
2643100000 8.020300e+03 
2645250000 8.013025e+03 
2.647400e+09 8.013500e+03 
2649550000 8.018700e+03 
2651700000 8.026300e+03 
2653850000 8.009300e+03 
2.656000e+09 8.004275e+03 
2658150000 8.025775e+03 
2660300000 8.001675e+03 
2.662450e+09 7.993050e+03 
2664600000 7.990125e+03 
2666750000 7.954725e+03 
2668900000 7.954500e+03 
2.671050e+09 7.945100e+03 
2673200000 7.975800e+03 
2675350000 7.985175e+03 
2677500000 7.985975e+03 
2679650000 8.011875e+03 
2681800000 8.018275e+03 
2683950000 8.044600e+03 
2.686100e+09 8.020325e+03 
2688250000 8.023725e+03 
2690400000 8.040650e+03 
2692550000 8.035975e+03 
2694700000 8.020150e+03 
2696850000 8.020250e+03 
2699000000 8.028275e+03 
2.701150e+09 7.968800e+03 
2703300000 7.987625e+03 
2705450000 7.980900e+03 
2707600000 7.970575e+03 
2.709750e+09 7.962650e+03 
2711900000 7.956325e+03 
2714050000 7.976975e+03 
2.716200e+09 7.999225e+03 
2718350000 8.004950e+03 
2720500000 8.023100e+03 
2722650000 8.020125e+03 
2724800000 8.032575e+03 
2726950000 8.013125e+03 
2729100000 8.024700e+03 
2.731250e+09 8.032350e+03 
2733400000 8.024075e+03 
2735550000 7.995050e+03 
2737700000 7.993900e+03 
2.739850e+09 8.032900e+03 
2742000000 7.992675e+03 
2744150000 8.023150e+03 
2.746300e+09 8.011825e+03 
2748450000 8.039975e+03 
2750600000 8.021875e+03 
2752750000 8.043025e+03 
2754900000 8.038475e+03 
2757050000 8.071375e+03 
2759200000 8.047175e+03 
2.761350e+09 8046 
2763500000 8.060200e+03 
2765650000 8.042600e+03 
2767800000 8.030200e+03 
2.769950e+09 8.013050e+03 
2772100000 8.033475e+03 
2774250000 8.033075e+03 
2.776400e+09 8.028450e+03 
2778550000 8.044850e+03 
2780700000 8.021225e+03 
2782850000 8.027925e+03 
2785000000 8.048825e+03 
2787150000 8.044900e+03 
2789300000 8.044875e+03 
2791450000 8.046575e+03 
2793600000 8.050500e+03 
2795750000 8.032450e+03 
2797900000 8.031725e+03 
2.800050e+09 8.026025e+03 
2802200000 8.028175e+03 
2804350000 8.030050e+03 
2806500000 8.041825e+03 
2808650000 8.029475e+03 
2810800000 8.033625e+03 
2812950000 8.054800e+03 
2815100000 8.040450e+03 
2817250000 8.033525e+03 
2819400000 8.033825e+03 
2821550000 8.015725e+03 
2823700000 8.039500e+03 
2825850000 8.023500e+03 
2828000000 8.051700e+03 
2.830150e+09 8.047300e+03 
2832300000 8.024350e+03 
2834450000 8037 
2836600000 8034 
2838750000 8.060025e+03 
2840900000 8.027475e+03 
2843050000 8.029200e+03 
2845200000 8.052775e+03 
2847350000 8.062275e+03 
2849500000 8.057125e+03 
2851650000 8.055950e+03 
2853800000 8.035700e+03 
2855950000 8.047125e+03 
2858100000 8.047775e+03 
2.860250e+09 8.035675e+03 
2862400000 8.032800e+03 
2864550000 8.028825e+03 
2866700000 8.032775e+03 
2868850000 8.053375e+03 
2871000000 8.037650e+03 
2873150000 8.062875e+03 
2875300000 8.056150e+03 
2877450000 8.036975e+03 
2879600000 8.023850e+03 
2881750000 8.044750e+03 
2883900000 8.044100e+03 
2886050000 8.023475e+03 
2888200000 8.040100e+03 
2.890350e+09 8.032650e+03 
2892500000 8.043550e+03 
2894650000 8.023025e+03 
2896800000 8.021525e+03 
2898950000 8.032900e+03 
2901100000 8.050225e+03 
2903250000 8.033600e+03 
2905400000 8.055100e+03 
2907550000 8.038725e+03 
2909700000 8.066725e+03 
2911850000 8.020900e+03 
2914000000 8.007550e+03 
2916150000 8056 
2918300000 8.040975e+03 
2920450000 8028 
2922600000 8.043975e+03 
2924750000 8.035625e+03 
2926900000 8.027300e+03 
2929050000 8.040075e+03 
2931200000 8.031325e+03 
2933350000 8.051500e+03 
2935500000 8.050950e+03 
2937650000 8.046125e+03 
2939800000 8.039900e+03 
2941950000 8.056775e+03 
2.944100e+09 8.042600e+03 
2946250000 8.047050e+03 
2948400000 8.051650e+03 
2950550000 8.040650e+03 
2952700000 8.032275e+03 
2954850000 8.040675e+03 
2957000000 8.039275e+03 
2959150000 8006 
2961300000 8.033050e+03 
2963450000 8.038875e+03 
2965600000 8057 
2967750000 8.028975e+03 
2969900000 8.052175e+03 
2972050000 8.037950e+03 
2974200000 8.029725e+03 
2976350000 8.017425e+03 
2978500000 8.063875e+03 
2980650000 8.037025e+03 
2982800000 8.036425e+03 
2984950000 8.043350e+03 
2987100000 8.035025e+03 
2989250000 8048 
2991400000 8.031150e+03 
2993550000 8.042725e+03 
2995700000 8.066600e+03 
2997850000 8.048150e+03 
3000000000 8.057525e+03 

END
