IGOR
WAVES/D/O sweep,sig(1) 
BEGIN
2570000000 8.140375e+03 
2.572150e+09 8.142600e+03 
2574300000 8.149275e+03 
2576450000 8.156025e+03 
2578600000 8.143625e+03 
2.580750e+09 8.131425e+03 
2582900000 8.141800e+03 
2585050000 8.132500e+03 
2.587200e+09 8.132375e+03 
2589350000 8.130425e+03 
2591500000 8.143850e+03 
2593650000 8.131350e+03 
2.595800e+09 8.108775e+03 
2597950000 8.140275e+03 
2600100000 8.133375e+03 
2.602250e+09 8.162900e+03 
2604400000 8.148275e+03 
2606550000 8.115300e+03 
2608700000 8.124525e+03 
2.610850e+09 8.124500e+03 
2613000000 8.151025e+03 
2615150000 8.145900e+03 
2.617300e+09 8.138875e+03 
2619450000 8.149450e+03 
2621600000 8.127700e+03 
2623750000 8.148575e+03 
2.625900e+09 8.120275e+03 
2628050000 8.149275e+03 
2630200000 8.124550e+03 
2.632350e+09 8.113050e+03 
2634500000 8.126075e+03 
2636650000 8.106075e+03 
2638800000 8.074250e+03 
2.640950e+09 8.087725e+03 
2643100000 8.117725e+03 
2645250000 8.110675e+03 
2.647400e+09 8.126500e+03 
2649550000 8.114850e+03 
2651700000 8.138325e+03 
2653850000 8.138425e+03 
2.656000e+09 8.124400e+03 
2658150000 8.119175e+03 
2660300000 8.140125e+03 
2.662450e+09 8.113300e+03 
2664600000 8.086575e+03 
2666750000 8.066175e+03 
2668900000 8.075675e+03 
2.671050e+09 8.095650e+03 
2673200000 8.073325e+03 
2675350000 8.070900e+03 
2677500000 8.088800e+03 
2679650000 8.124175e+03 
2681800000 8.121750e+03 
2683950000 8.133325e+03 
2.686100e+09 8.110300e+03 
2688250000 8.124500e+03 
2690400000 8.142850e+03 
2692550000 8.123600e+03 
2694700000 8.136825e+03 
2696850000 8.099350e+03 
2699000000 8.094625e+03 
2.701150e+09 8.054150e+03 
2703300000 8.069475e+03 
2705450000 8.084975e+03 
2707600000 8.054075e+03 
2.709750e+09 8.053950e+03 
2711900000 8.074950e+03 
2714050000 8.083475e+03 
2.716200e+09 8.086675e+03 
2718350000 8.103225e+03 
2720500000 8.118600e+03 
2722650000 8.124275e+03 
2724800000 8.116025e+03 
2726950000 8.129375e+03 
2729100000 8.155950e+03 
2.731250e+09 8.081750e+03 
2733400000 8.117250e+03 
2735550000 8.112400e+03 
2737700000 8.095225e+03 
2.739850e+09 8.117875e+03 
2742000000 8.122175e+03 
2744150000 8.115050e+03 
2.746300e+09 8.113450e+03 
2748450000 8.151875e+03 
2750600000 8.143800e+03 
2752750000 8.136150e+03 
2754900000 8.124700e+03 
2757050000 8137 
2759200000 8.143475e+03 
2.761350e+09 8.141075e+03 
2763500000 8.131100e+03 
2765650000 8.148625e+03 
2767800000 8.147050e+03 
2.769950e+09 8.153325e+03 
2772100000 8.127625e+03 
2774250000 8.174825e+03 
2.776400e+09 8.140325e+03 
2778550000 8.137275e+03 
2780700000 8.149900e+03 
2782850000 8.153950e+03 
2785000000 8.166500e+03 
2787150000 8.141800e+03 
2789300000 8.150925e+03 
2791450000 8.129675e+03 
2793600000 8.154825e+03 
2795750000 8.169775e+03 
2797900000 8.131200e+03 
2.800050e+09 8164 
2802200000 8.153800e+03 
2804350000 8.158875e+03 
2806500000 8.142800e+03 
2808650000 8.140925e+03 
2810800000 8.175125e+03 
2812950000 8.129575e+03 
2815100000 8.135600e+03 
2817250000 8.160850e+03 
2819400000 8.136125e+03 
2821550000 8.133125e+03 
2823700000 8.151325e+03 
2825850000 8.142525e+03 
2828000000 8.159600e+03 
2.830150e+09 8.141975e+03 
2832300000 8.120550e+03 
2834450000 8.156750e+03 
2836600000 8.158925e+03 
2838750000 8.145100e+03 
2840900000 8.137425e+03 
2843050000 8.136700e+03 
2845200000 8.139700e+03 
2847350000 8.137950e+03 
2849500000 8.146150e+03 
2851650000 8.133025e+03 
2853800000 8.136100e+03 
2855950000 8.143825e+03 
2858100000 8.160825e+03 
2.860250e+09 8.135950e+03 
2862400000 8.142575e+03 
2864550000 8.121400e+03 
2866700000 8158 
2868850000 8.138825e+03 
2871000000 8.153800e+03 
2873150000 8.147700e+03 
2875300000 8.168900e+03 
2877450000 8.155325e+03 
2879600000 8.169350e+03 
2881750000 8.163625e+03 
2883900000 8.161350e+03 
2886050000 8.145025e+03 
2888200000 8.142850e+03 
2.890350e+09 8.159225e+03 
2892500000 8.151475e+03 
2894650000 8.142375e+03 
2896800000 8.147700e+03 
2898950000 8.156725e+03 
2901100000 8.139250e+03 
2903250000 8.140225e+03 
2905400000 8.157800e+03 
2907550000 8.162200e+03 
2909700000 8.177175e+03 
2911850000 8.171850e+03 
2914000000 8.170700e+03 
2916150000 8.168725e+03 
2918300000 8.173775e+03 
2920450000 8.152500e+03 
2922600000 8.147825e+03 
2924750000 8.174150e+03 
2926900000 8.161050e+03 
2929050000 8.137450e+03 
2931200000 8.148300e+03 
2933350000 8.160650e+03 
2935500000 8.151600e+03 
2937650000 8.138950e+03 
2939800000 8.141400e+03 
2941950000 8.151600e+03 
2.944100e+09 8.150900e+03 
2946250000 8.139575e+03 
2948400000 8.144050e+03 
2950550000 8.160600e+03 
2952700000 8169 
2954850000 8.141975e+03 
2957000000 8.140925e+03 
2959150000 8.147250e+03 
2961300000 8.176550e+03 
2963450000 8.149925e+03 
2965600000 8.162350e+03 
2967750000 8.130450e+03 
2969900000 8.168425e+03 
2972050000 8.160725e+03 
2974200000 8.164875e+03 
2976350000 8.151125e+03 
2978500000 8.177175e+03 
2980650000 8.140425e+03 
2982800000 8.173725e+03 
2984950000 8.137025e+03 
2987100000 8.145675e+03 
2989250000 8.144900e+03 
2991400000 8.138450e+03 
2993550000 8.117925e+03 
2995700000 8.147400e+03 
2997850000 8.144775e+03 
3000000000 8.138650e+03 

END
