IGOR
WAVES/D/O sweep,sig(1) 
BEGIN
2570000000 8.248050e+03 
2.572150e+09 8.248775e+03 
2574300000 8.238100e+03 
2576450000 8.233200e+03 
2578600000 8.252925e+03 
2.580750e+09 8.262975e+03 
2582900000 8.286475e+03 
2585050000 8.268200e+03 
2.587200e+09 8.258450e+03 
2589350000 8268 
2591500000 8.285250e+03 
2593650000 8273 
2.595800e+09 8.261925e+03 
2597950000 8.266275e+03 
2600100000 8.244550e+03 
2.602250e+09 8.238625e+03 
2604400000 8.263450e+03 
2606550000 8.246975e+03 
2608700000 8.282950e+03 
2.610850e+09 8.267350e+03 
2613000000 8.269875e+03 
2615150000 8.258800e+03 
2.617300e+09 8.255950e+03 
2619450000 8.283100e+03 
2621600000 8.257725e+03 
2623750000 8.242550e+03 
2.625900e+09 8.263875e+03 
2628050000 8.252150e+03 
2630200000 8.222550e+03 
2.632350e+09 8221 
2634500000 8.245425e+03 
2636650000 8.213675e+03 
2638800000 8.221775e+03 
2.640950e+09 8.214750e+03 
2643100000 8.200400e+03 
2645250000 8.221050e+03 
2.647400e+09 8.246075e+03 
2649550000 8.256925e+03 
2651700000 8.226050e+03 
2653850000 8.251875e+03 
2.656000e+09 8.263275e+03 
2658150000 8.237650e+03 
2660300000 8.242150e+03 
2.662450e+09 8.241025e+03 
2664600000 8.205800e+03 
2666750000 8.171150e+03 
2668900000 8.176825e+03 
2.671050e+09 8.180700e+03 
2673200000 8.182525e+03 
2675350000 8.200025e+03 
2677500000 8.208700e+03 
2679650000 8.230650e+03 
2681800000 8.229350e+03 
2683950000 8.250450e+03 
2.686100e+09 8.263050e+03 
2688250000 8.267200e+03 
2690400000 8.256475e+03 
2692550000 8.260700e+03 
2694700000 8.231825e+03 
2696850000 8.250250e+03 
2699000000 8.200600e+03 
2.701150e+09 8.207200e+03 
2703300000 8.193400e+03 
2705450000 8.194475e+03 
2707600000 8.193950e+03 
2.709750e+09 8.178950e+03 
2711900000 8.191325e+03 
2714050000 8.182275e+03 
2.716200e+09 8.221350e+03 
2718350000 8.226025e+03 
2720500000 8.258475e+03 
2722650000 8.246225e+03 
2724800000 8.258100e+03 
2726950000 8.251600e+03 
2729100000 8.259075e+03 
2.731250e+09 8255 
2733400000 8.236525e+03 
2735550000 8.262825e+03 
2737700000 8.246150e+03 
2.739850e+09 8.241750e+03 
2742000000 8.231250e+03 
2744150000 8.268125e+03 
2.746300e+09 8.253950e+03 
2748450000 8.266575e+03 
2750600000 8.286350e+03 
2752750000 8.262925e+03 
2754900000 8.245150e+03 
2757050000 8275 
2759200000 8.251775e+03 
2.761350e+09 8.273100e+03 
2763500000 8.275900e+03 
2765650000 8.259400e+03 
2767800000 8.253625e+03 
2.769950e+09 8.263150e+03 
2772100000 8.250125e+03 
2774250000 8.268300e+03 
2.776400e+09 8.260050e+03 
2778550000 8.283250e+03 
2780700000 8.282425e+03 
2782850000 8.275150e+03 
2785000000 8.263025e+03 
2787150000 8.278200e+03 
2789300000 8.274625e+03 
2791450000 8.244725e+03 
2793600000 8.266525e+03 
2795750000 8.241625e+03 
2797900000 8.251625e+03 
2.800050e+09 8.285575e+03 
2802200000 8.245325e+03 
2804350000 8.268175e+03 
2806500000 8.281525e+03 
2808650000 8.263225e+03 
2810800000 8.240650e+03 
2812950000 8.264650e+03 
2815100000 8.267550e+03 
2817250000 8.274375e+03 
2819400000 8.253850e+03 
2821550000 8.283300e+03 
2823700000 8.258125e+03 
2825850000 8.267850e+03 
2828000000 8.264475e+03 
2.830150e+09 8.265500e+03 
2832300000 8.256075e+03 
2834450000 8.273450e+03 
2836600000 8.271700e+03 
2838750000 8.286450e+03 
2840900000 8.288500e+03 
2843050000 8.315050e+03 
2845200000 8.292325e+03 
2847350000 8.281600e+03 
2849500000 8.270400e+03 
2851650000 8.303875e+03 
2853800000 8.276075e+03 
2855950000 8.291150e+03 
2858100000 8.304550e+03 
2.860250e+09 8.252650e+03 
2862400000 8.251175e+03 
2864550000 8.271225e+03 
2866700000 8.309525e+03 
2868850000 8.276275e+03 
2871000000 8.260075e+03 
2873150000 8.263875e+03 
2875300000 8.291950e+03 
2877450000 8.282300e+03 
2879600000 8.262725e+03 
2881750000 8.258600e+03 
2883900000 8.267725e+03 
2886050000 8.290650e+03 
2888200000 8.293250e+03 
2.890350e+09 8.285325e+03 
2892500000 8.258100e+03 
2894650000 8.253050e+03 
2896800000 8.276275e+03 
2898950000 8.278575e+03 
2901100000 8.272600e+03 
2903250000 8.274725e+03 
2905400000 8.268650e+03 
2907550000 8283 
2909700000 8.294725e+03 
2911850000 8.281150e+03 
2914000000 8.286700e+03 
2916150000 8.278325e+03 
2918300000 8.279075e+03 
2920450000 8.285550e+03 
2922600000 8.274125e+03 
2924750000 8.285925e+03 
2926900000 8.293475e+03 
2929050000 8.243800e+03 
2931200000 8.268575e+03 
2933350000 8.249575e+03 
2935500000 8.266650e+03 
2937650000 8.273850e+03 
2939800000 8.288125e+03 
2941950000 8.270075e+03 
2.944100e+09 8.257875e+03 
2946250000 8.259200e+03 
2948400000 8.289700e+03 
2950550000 8.239350e+03 
2952700000 8.273950e+03 
2954850000 8.258050e+03 
2957000000 8.292125e+03 
2959150000 8.260675e+03 
2961300000 8.294850e+03 
2963450000 8.266125e+03 
2965600000 8.264775e+03 
2967750000 8.284625e+03 
2969900000 8.283175e+03 
2972050000 8.266475e+03 
2974200000 8.280375e+03 
2976350000 8.261725e+03 
2978500000 8.249325e+03 
2980650000 8.267750e+03 
2982800000 8.292775e+03 
2984950000 8276 
2987100000 8.268175e+03 
2989250000 8.259825e+03 
2991400000 8.279350e+03 
2993550000 8.263600e+03 
2995700000 8.277725e+03 
2997850000 8.276525e+03 
3000000000 8.269400e+03 

END
