IGOR
WAVES/D/O sweep,sig(1) 
BEGIN
2570000000 7.986050e+03 
2.572150e+09 7.987950e+03 
2574300000 7.985475e+03 
2576450000 7.984450e+03 
2578600000 7.966225e+03 
2.580750e+09 7.979625e+03 
2582900000 7.976250e+03 
2585050000 7.992125e+03 
2.587200e+09 7.981450e+03 
2589350000 7.975675e+03 
2591500000 7.982025e+03 
2593650000 7.970575e+03 
2.595800e+09 8.013700e+03 
2597950000 7.996600e+03 
2600100000 7.999100e+03 
2.602250e+09 7.963450e+03 
2604400000 7.957375e+03 
2606550000 7.944075e+03 
2608700000 7.959700e+03 
2.610850e+09 7.963425e+03 
2613000000 7.982675e+03 
2615150000 7.975925e+03 
2.617300e+09 8.003275e+03 
2619450000 7.994950e+03 
2621600000 7.980675e+03 
2623750000 7.996600e+03 
2.625900e+09 7.982725e+03 
2628050000 7.961425e+03 
2630200000 7967 
2.632350e+09 7.943225e+03 
2634500000 7.945525e+03 
2636650000 7.957700e+03 
2638800000 7.939275e+03 
2.640950e+09 7.940350e+03 
2643100000 7.947400e+03 
2645250000 7.946375e+03 
2.647400e+09 7.968125e+03 
2649550000 7.949125e+03 
2651700000 7.980775e+03 
2653850000 7.978400e+03 
2.656000e+09 7.986600e+03 
2658150000 7.980550e+03 
2660300000 7.977625e+03 
2.662450e+09 7.962600e+03 
2664600000 7.956650e+03 
2666750000 7.917025e+03 
2668900000 7.907100e+03 
2.671050e+09 7.902225e+03 
2673200000 7.911150e+03 
2675350000 7.915575e+03 
2677500000 7.948500e+03 
2679650000 7.949100e+03 
2681800000 7.963175e+03 
2683950000 7.975325e+03 
2.686100e+09 7.987800e+03 
2688250000 7.961475e+03 
2690400000 7.981925e+03 
2692550000 8.004675e+03 
2694700000 7.958500e+03 
2696850000 7.957175e+03 
2699000000 7.933400e+03 
2.701150e+09 7.939125e+03 
2703300000 7930 
2705450000 7.923800e+03 
2707600000 7.895375e+03 
2.709750e+09 7.909350e+03 
2711900000 7.933450e+03 
2714050000 7.926825e+03 
2.716200e+09 7.932300e+03 
2718350000 7.969450e+03 
2720500000 7.975850e+03 
2722650000 7.965275e+03 
2724800000 7.966650e+03 
2726950000 7.970650e+03 
2729100000 7.969700e+03 
2.731250e+09 7.953900e+03 
2733400000 7.967675e+03 
2735550000 7.955275e+03 
2737700000 7.932150e+03 
2.739850e+09 7.946675e+03 
2742000000 7.934975e+03 
2744150000 7.977225e+03 
2.746300e+09 7958 
2748450000 7.971600e+03 
2750600000 7.980125e+03 
2752750000 7.972650e+03 
2754900000 7.976225e+03 
2757050000 7.969025e+03 
2759200000 7.950975e+03 
2.761350e+09 7.963575e+03 
2763500000 7.957750e+03 
2765650000 7.958750e+03 
2767800000 7.953475e+03 
2.769950e+09 7.966975e+03 
2772100000 7.976050e+03 
2774250000 7.977725e+03 
2.776400e+09 7.983450e+03 
2778550000 7.972900e+03 
2780700000 7.962100e+03 
2782850000 7.957375e+03 
2785000000 7.952050e+03 
2787150000 7.975975e+03 
2789300000 7.981100e+03 
2791450000 7.940650e+03 
2793600000 7.973200e+03 
2795750000 7.980325e+03 
2797900000 7.977650e+03 
2.800050e+09 7.963925e+03 
2802200000 7.981800e+03 
2804350000 7.966500e+03 
2806500000 7.964400e+03 
2808650000 7.962775e+03 
2810800000 7.974050e+03 
2812950000 7.985450e+03 
2815100000 7.944800e+03 
2817250000 7.957800e+03 
2819400000 7.963100e+03 
2821550000 7.971375e+03 
2823700000 7.978375e+03 
2825850000 7.979650e+03 
2828000000 7.980425e+03 
2.830150e+09 7.974750e+03 
2832300000 7.974125e+03 
2834450000 7.976975e+03 
2836600000 7.968450e+03 
2838750000 7.949625e+03 
2840900000 7.975775e+03 
2843050000 7.967200e+03 
2845200000 7.986150e+03 
2847350000 7.962900e+03 
2849500000 7.957225e+03 
2851650000 7.951750e+03 
2853800000 7.955575e+03 
2855950000 7.966925e+03 
2858100000 7.971100e+03 
2.860250e+09 7.966450e+03 
2862400000 7.961425e+03 
2864550000 7.957475e+03 
2866700000 7.940225e+03 
2868850000 7.971575e+03 
2871000000 7.951325e+03 
2873150000 7.961925e+03 
2875300000 7.942550e+03 
2877450000 7.957175e+03 
2879600000 7.956325e+03 
2881750000 7.966900e+03 
2883900000 7.957800e+03 
2886050000 7.947650e+03 
2888200000 7.966100e+03 
2.890350e+09 7.944850e+03 
2892500000 7.966600e+03 
2894650000 7.964975e+03 
2896800000 7.966275e+03 
2898950000 7.966475e+03 
2901100000 7.956350e+03 
2903250000 7.974800e+03 
2905400000 7.966300e+03 
2907550000 7.952525e+03 
2909700000 7.976625e+03 
2911850000 7.956375e+03 
2914000000 7.989750e+03 
2916150000 7.948650e+03 
2918300000 7.963650e+03 
2920450000 7.950800e+03 
2922600000 7.957025e+03 
2924750000 7.942750e+03 
2926900000 7.959975e+03 
2929050000 7.964625e+03 
2931200000 7.978325e+03 
2933350000 7.958625e+03 
2935500000 7.979375e+03 
2937650000 7.955900e+03 
2939800000 7.961500e+03 
2941950000 7.952275e+03 
2.944100e+09 7.982400e+03 
2946250000 7.966350e+03 
2948400000 7.964975e+03 
2950550000 7.961550e+03 
2952700000 7.946700e+03 
2954850000 7.976500e+03 
2957000000 7.968825e+03 
2959150000 7.958575e+03 
2961300000 7.939450e+03 
2963450000 7.954350e+03 
2965600000 7.976225e+03 
2967750000 7.969300e+03 
2969900000 7.958425e+03 
2972050000 7.946850e+03 
2974200000 7.974400e+03 
2976350000 7.969050e+03 
2978500000 7.962475e+03 
2980650000 7.959325e+03 
2982800000 7.945500e+03 
2984950000 7.952050e+03 
2987100000 7.970050e+03 
2989250000 7.943200e+03 
2991400000 7.946600e+03 
2993550000 7.980600e+03 
2995700000 7.979775e+03 
2997850000 7.958650e+03 
3000000000 7.980125e+03 

END
