IGOR
WAVES/D/O sweep,sig(1) 
BEGIN
2570000000 8.047575e+03 
2.572150e+09 8.067200e+03 
2574300000 8.058800e+03 
2576450000 8.069250e+03 
2578600000 8.083100e+03 
2.580750e+09 8.074300e+03 
2582900000 8.047650e+03 
2585050000 8.071475e+03 
2.587200e+09 8.067050e+03 
2589350000 8.050650e+03 
2591500000 8.041600e+03 
2593650000 8.073825e+03 
2.595800e+09 8.050700e+03 
2597950000 8.086250e+03 
2600100000 8.066875e+03 
2.602250e+09 8.043075e+03 
2604400000 8.051250e+03 
2606550000 8.070475e+03 
2608700000 8.077050e+03 
2.610850e+09 8.080375e+03 
2613000000 8.069675e+03 
2615150000 8077 
2.617300e+09 8.055475e+03 
2619450000 8.087225e+03 
2621600000 8.087800e+03 
2623750000 8.061350e+03 
2.625900e+09 8.039500e+03 
2628050000 8.039400e+03 
2630200000 8.058675e+03 
2.632350e+09 8.032150e+03 
2634500000 8.032625e+03 
2636650000 8.026950e+03 
2638800000 8.040725e+03 
2.640950e+09 8.023125e+03 
2643100000 8.015675e+03 
2645250000 8.051350e+03 
2.647400e+09 8.042700e+03 
2649550000 8.036925e+03 
2651700000 8.081525e+03 
2653850000 8.061625e+03 
2.656000e+09 8.048250e+03 
2658150000 8.048400e+03 
2660300000 8.055200e+03 
2.662450e+09 8.031800e+03 
2664600000 8.037525e+03 
2666750000 7.984675e+03 
2668900000 7.978850e+03 
2.671050e+09 7.993250e+03 
2673200000 8.000100e+03 
2675350000 8.007950e+03 
2677500000 8.023100e+03 
2679650000 8.046100e+03 
2681800000 8.043350e+03 
2683950000 8.064250e+03 
2.686100e+09 8.071575e+03 
2688250000 8.074575e+03 
2690400000 8.057825e+03 
2692550000 8.098875e+03 
2694700000 8.085550e+03 
2696850000 8.062725e+03 
2699000000 8.049675e+03 
2.701150e+09 8.060425e+03 
2703300000 8.023200e+03 
2705450000 8.019975e+03 
2707600000 8.011225e+03 
2.709750e+09 8.007950e+03 
2711900000 8.007025e+03 
2714050000 8.016700e+03 
2.716200e+09 8.025950e+03 
2718350000 8.034225e+03 
2720500000 8.042100e+03 
2722650000 8.069275e+03 
2724800000 8054 
2726950000 8.062075e+03 
2729100000 8.048200e+03 
2.731250e+09 8.047875e+03 
2733400000 8.055550e+03 
2735550000 8.047100e+03 
2737700000 8.050275e+03 
2.739850e+09 8.021900e+03 
2742000000 8.039600e+03 
2744150000 8.063975e+03 
2.746300e+09 8.033925e+03 
2748450000 8.058875e+03 
2750600000 8.069450e+03 
2752750000 8.093025e+03 
2754900000 8.073375e+03 
2757050000 8.075600e+03 
2759200000 8.062650e+03 
2.761350e+09 8.067650e+03 
2763500000 8.112175e+03 
2765650000 8.112150e+03 
2767800000 8.071800e+03 
2.769950e+09 8.103475e+03 
2772100000 8.083825e+03 
2774250000 8.073375e+03 
2.776400e+09 8107 
2778550000 8.100125e+03 
2780700000 8.064450e+03 
2782850000 8.104075e+03 
2785000000 8.070225e+03 
2787150000 8.070950e+03 
2789300000 8.094025e+03 
2791450000 8.088400e+03 
2793600000 8.095100e+03 
2795750000 8.054850e+03 
2797900000 8.066975e+03 
2.800050e+09 8.093300e+03 
2802200000 8.090500e+03 
2804350000 8.084375e+03 
2806500000 8080 
2808650000 8.087550e+03 
2810800000 8.075950e+03 
2812950000 8.074725e+03 
2815100000 8.082700e+03 
2817250000 8.080125e+03 
2819400000 8.088975e+03 
2821550000 8.098225e+03 
2823700000 8.110750e+03 
2825850000 8.077475e+03 
2828000000 8.098425e+03 
2.830150e+09 8.076725e+03 
2832300000 8.105400e+03 
2834450000 8.095500e+03 
2836600000 8.085400e+03 
2838750000 8.086025e+03 
2840900000 8.093575e+03 
2843050000 8.064550e+03 
2845200000 8.091025e+03 
2847350000 8.092300e+03 
2849500000 8.077675e+03 
2851650000 8.097475e+03 
2853800000 8.085150e+03 
2855950000 8094 
2858100000 8.095825e+03 
2.860250e+09 8.082750e+03 
2862400000 8.103450e+03 
2864550000 8.080200e+03 
2866700000 8.088075e+03 
2868850000 8.101175e+03 
2871000000 8076 
2873150000 8.074650e+03 
2875300000 8.071275e+03 
2877450000 8.071600e+03 
2879600000 8.096450e+03 
2881750000 8.074575e+03 
2883900000 8.052750e+03 
2886050000 8.097825e+03 
2888200000 8.047325e+03 
2.890350e+09 8.086675e+03 
2892500000 8.071625e+03 
2894650000 8.058725e+03 
2896800000 8.066250e+03 
2898950000 8.084700e+03 
2901100000 8.091950e+03 
2903250000 8.070275e+03 
2905400000 8.045175e+03 
2907550000 8.076975e+03 
2909700000 8.072700e+03 
2911850000 8.072925e+03 
2914000000 8.066575e+03 
2916150000 8.060425e+03 
2918300000 8.053700e+03 
2920450000 8.066175e+03 
2922600000 8.054925e+03 
2924750000 8.072325e+03 
2926900000 8.074875e+03 
2929050000 8.085125e+03 
2931200000 8.052775e+03 
2933350000 8.077625e+03 
2935500000 8.075150e+03 
2937650000 8.079125e+03 
2939800000 8.092550e+03 
2941950000 8.084800e+03 
2.944100e+09 8.077425e+03 
2946250000 8.090425e+03 
2948400000 8.076700e+03 
2950550000 8.098175e+03 
2952700000 8.073425e+03 
2954850000 8.077600e+03 
2957000000 8.077875e+03 
2959150000 8.037700e+03 
2961300000 8.055475e+03 
2963450000 8.096125e+03 
2965600000 8.062150e+03 
2967750000 8.071125e+03 
2969900000 8.070550e+03 
2972050000 8.077550e+03 
2974200000 8.085300e+03 
2976350000 8.054550e+03 
2978500000 8.040350e+03 
2980650000 8097 
2982800000 8.100125e+03 
2984950000 8.077950e+03 
2987100000 8.055425e+03 
2989250000 8.071700e+03 
2991400000 8.082175e+03 
2993550000 8.110975e+03 
2995700000 8.098600e+03 
2997850000 8.080600e+03 
3000000000 8.076900e+03 

END
