IGOR
WAVES/D/O sweep,sig(1) 
BEGIN
2570000000 1.589795e+04 
2573000000 1.591550e+04 
2.576000e+09 1.581195e+04 
2.579000e+09 1.589725e+04 
2582000000 1.587920e+04 
2585000000 1.594030e+04 
2588000000 1.592820e+04 
2.591000e+09 1.590825e+04 
2594000000 1.586870e+04 
2597000000 1.584185e+04 
2.600000e+09 1.588825e+04 
2.603000e+09 1.594860e+04 
2606000000 1.590340e+04 
2609000000 1.590385e+04 
2612000000 1.592270e+04 
2615000000 1.585930e+04 
2618000000 1.589955e+04 
2621000000 1.591005e+04 
2.624000e+09 1.592535e+04 
2627000000 1.589775e+04 
2630000000 15978 
2633000000 1.588310e+04 
2636000000 1.589480e+04 
2639000000 1.591925e+04 
2642000000 1.586915e+04 
2645000000 1.587920e+04 
2.648000e+09 1.590745e+04 
2651000000 1.595750e+04 
2654000000 1.590745e+04 
2657000000 1.584565e+04 
2.660000e+09 1.592865e+04 
2663000000 1.588005e+04 
2666000000 1.590345e+04 
2669000000 1.588935e+04 
2672000000 1.595580e+04 
2675000000 1.587745e+04 
2678000000 1.591655e+04 
2681000000 1.588915e+04 
2.684000e+09 1.590325e+04 
2687000000 1.588810e+04 
2690000000 1.589280e+04 
2693000000 1.589415e+04 
2.696000e+09 1.584435e+04 
2699000000 1.578410e+04 
2702000000 1.585510e+04 
2705000000 1.577830e+04 
2708000000 1.578745e+04 
2711000000 15794 
2714000000 1.583905e+04 
2717000000 1.584390e+04 
2.720000e+09 1.587835e+04 
2723000000 1.585075e+04 
2726000000 1.585995e+04 
2729000000 1.585745e+04 
2732000000 1.577395e+04 
2735000000 1.577420e+04 
2738000000 1.573735e+04 
2741000000 1.561910e+04 
2744000000 1.554855e+04 
2747000000 1.552795e+04 
2750000000 1.555920e+04 
2753000000 1.553250e+04 
2756000000 1.562555e+04 
2759000000 1.574425e+04 
2762000000 1.579065e+04 
2765000000 1.583605e+04 
2768000000 1.587965e+04 
2771000000 1.585605e+04 
2774000000 1.587385e+04 
2777000000 1.582960e+04 
2.780000e+09 1.572995e+04 
2783000000 1.573835e+04 
2786000000 1.575520e+04 
2789000000 1.571450e+04 
2792000000 1.581965e+04 
2795000000 1.581275e+04 
2798000000 1.581830e+04 
2801000000 1.584165e+04 
2.804000e+09 1.588925e+04 
2807000000 1.581555e+04 
2810000000 15863 
2813000000 1.586655e+04 
2816000000 1.589210e+04 
2819000000 1.585120e+04 
2822000000 1.580585e+04 
2825000000 1.585555e+04 
2.828000e+09 1.592185e+04 
2831000000 1.590285e+04 
2834000000 1.580320e+04 
2837000000 1.580445e+04 
2840000000 1.575640e+04 
2843000000 1.578920e+04 
2846000000 1.580645e+04 
2849000000 1.584560e+04 
2.852000e+09 1.583635e+04 
2855000000 1.587170e+04 
2858000000 1.584080e+04 
2861000000 1.585835e+04 
2864000000 1.583820e+04 
2867000000 1.588435e+04 
2870000000 1.587585e+04 

END
