IGOR
WAVES/D/O sweep,sig(1) 
BEGIN
2570000000 8.053225e+03 
2.572150e+09 8.080925e+03 
2574300000 8.066500e+03 
2576450000 8.065350e+03 
2578600000 8.073775e+03 
2.580750e+09 8.079600e+03 
2582900000 8.063475e+03 
2585050000 8.084800e+03 
2.587200e+09 8.038700e+03 
2589350000 8.088550e+03 
2591500000 8.037075e+03 
2593650000 8.057325e+03 
2.595800e+09 8.062100e+03 
2597950000 8.066350e+03 
2600100000 8.068050e+03 
2.602250e+09 8.054900e+03 
2604400000 8.078825e+03 
2606550000 8.071475e+03 
2608700000 8052 
2.610850e+09 8.062450e+03 
2613000000 8.066675e+03 
2615150000 8.056625e+03 
2.617300e+09 8.058150e+03 
2619450000 8.063425e+03 
2621600000 8.065925e+03 
2623750000 8.064075e+03 
2.625900e+09 8.065375e+03 
2628050000 8.039900e+03 
2630200000 8.048750e+03 
2.632350e+09 8.027425e+03 
2634500000 8.017175e+03 
2636650000 8.037900e+03 
2638800000 8.008025e+03 
2.640950e+09 8.016225e+03 
2643100000 8.030775e+03 
2645250000 8.044550e+03 
2.647400e+09 8.038475e+03 
2649550000 8.045200e+03 
2651700000 8.064925e+03 
2653850000 8.036375e+03 
2.656000e+09 8.035375e+03 
2658150000 8.047025e+03 
2660300000 8.033725e+03 
2.662450e+09 8.017600e+03 
2664600000 7.997075e+03 
2666750000 7.976700e+03 
2668900000 7.989075e+03 
2.671050e+09 7.987100e+03 
2673200000 7.988325e+03 
2675350000 7.998850e+03 
2677500000 8.015975e+03 
2679650000 8.013800e+03 
2681800000 8.055575e+03 
2683950000 8.050700e+03 
2.686100e+09 8.067325e+03 
2688250000 8.045675e+03 
2690400000 8.079775e+03 
2692550000 8.070650e+03 
2694700000 8065 
2696850000 8.035650e+03 
2699000000 8023 
2.701150e+09 8.013600e+03 
2703300000 8.016525e+03 
2705450000 8.004150e+03 
2707600000 8.013500e+03 
2.709750e+09 8.028550e+03 
2711900000 8.012875e+03 
2714050000 8.034600e+03 
2.716200e+09 8.033575e+03 
2718350000 8.029800e+03 
2720500000 8.050300e+03 
2722650000 8.055650e+03 
2724800000 8.042675e+03 
2726950000 8.028800e+03 
2729100000 8.043775e+03 
2.731250e+09 8.034975e+03 
2733400000 8.020425e+03 
2735550000 7.999600e+03 
2737700000 8006 
2.739850e+09 7.998900e+03 
2742000000 8.036225e+03 
2744150000 8.036875e+03 
2.746300e+09 8.048725e+03 
2748450000 8.044450e+03 
2750600000 8.051525e+03 
2752750000 8.036425e+03 
2754900000 8.057325e+03 
2757050000 8.048225e+03 
2759200000 8.063625e+03 
2.761350e+09 8.059475e+03 
2763500000 8.054425e+03 
2765650000 8.050050e+03 
2767800000 8.057025e+03 
2.769950e+09 8045 
2772100000 8.067600e+03 
2774250000 8.059250e+03 
2.776400e+09 8.062400e+03 
2778550000 8.056100e+03 
2780700000 8.036500e+03 
2782850000 8.053700e+03 
2785000000 8.062600e+03 
2787150000 8.045150e+03 
2789300000 8.044225e+03 
2791450000 8.029900e+03 
2793600000 8.041600e+03 
2795750000 8.054475e+03 
2797900000 8.034900e+03 
2.800050e+09 8.048475e+03 
2802200000 8.034025e+03 
2804350000 8.040525e+03 
2806500000 8.061125e+03 
2808650000 8.032700e+03 
2810800000 8.059675e+03 
2812950000 8.055200e+03 
2815100000 8.066350e+03 
2817250000 8.046750e+03 
2819400000 8.051225e+03 
2821550000 8.055625e+03 
2823700000 8.025375e+03 
2825850000 8.032600e+03 
2828000000 8.053225e+03 
2.830150e+09 8.058650e+03 
2832300000 8.048825e+03 
2834450000 8.028750e+03 
2836600000 8.044275e+03 
2838750000 8.067875e+03 
2840900000 8.032650e+03 
2843050000 8.052350e+03 
2845200000 8.042675e+03 
2847350000 8.040575e+03 
2849500000 8.034550e+03 
2851650000 8.036450e+03 
2853800000 8.050375e+03 
2855950000 8.035825e+03 
2858100000 8.059900e+03 
2.860250e+09 8.052100e+03 
2862400000 8.049200e+03 
2864550000 8.063350e+03 
2866700000 8.044300e+03 
2868850000 8.046275e+03 
2871000000 8.031800e+03 
2873150000 8.061675e+03 
2875300000 8.051850e+03 
2877450000 8.062700e+03 
2879600000 8.050775e+03 
2881750000 8.055925e+03 
2883900000 8.036625e+03 
2886050000 8.041650e+03 
2888200000 8.045725e+03 
2.890350e+09 8.021325e+03 
2892500000 8.045550e+03 
2894650000 8.025525e+03 
2896800000 8.059750e+03 
2898950000 8.044875e+03 
2901100000 8.037175e+03 
2903250000 8.030650e+03 
2905400000 8.037250e+03 
2907550000 8.055125e+03 
2909700000 8.044150e+03 
2911850000 8.030175e+03 
2914000000 8.032625e+03 
2916150000 8.023975e+03 
2918300000 8.044075e+03 
2920450000 8.051800e+03 
2922600000 8.052700e+03 
2924750000 8.060925e+03 
2926900000 8.060400e+03 
2929050000 8.032800e+03 
2931200000 8.049250e+03 
2933350000 8.040350e+03 
2935500000 8.042150e+03 
2937650000 8.039650e+03 
2939800000 8.031625e+03 
2941950000 8.036125e+03 
2.944100e+09 8.044775e+03 
2946250000 8.056550e+03 
2948400000 8.027925e+03 
2950550000 8027 
2952700000 8.037175e+03 
2954850000 8.045150e+03 
2957000000 8.041300e+03 
2959150000 8.031375e+03 
2961300000 8.044250e+03 
2963450000 8.044700e+03 
2965600000 8.041875e+03 
2967750000 8.051500e+03 
2969900000 8.029675e+03 
2972050000 8.052650e+03 
2974200000 8.039450e+03 
2976350000 8.053100e+03 
2978500000 8.056025e+03 
2980650000 8.045650e+03 
2982800000 8.043600e+03 
2984950000 8.042150e+03 
2987100000 8.042800e+03 
2989250000 8.053325e+03 
2991400000 8.033125e+03 
2993550000 8.045325e+03 
2995700000 8.040875e+03 
2997850000 8.031900e+03 
3000000000 8.018350e+03 

END
