IGOR
WAVES/D/O sweep,sig(1) 
BEGIN
2570000000 7.949675e+03 
2.572150e+09 7.958175e+03 
2574300000 7.929500e+03 
2576450000 7.943725e+03 
2578600000 7.936025e+03 
2.580750e+09 7.944175e+03 
2582900000 7.925550e+03 
2585050000 7.941700e+03 
2.587200e+09 7.931550e+03 
2589350000 7.929325e+03 
2591500000 7.923075e+03 
2593650000 7.927925e+03 
2.595800e+09 7.925600e+03 
2597950000 7.940300e+03 
2600100000 7.938650e+03 
2.602250e+09 7.935075e+03 
2604400000 7.931750e+03 
2606550000 7.930125e+03 
2608700000 7.939025e+03 
2.610850e+09 7.936750e+03 
2613000000 7.954550e+03 
2615150000 7.924125e+03 
2.617300e+09 7.955900e+03 
2619450000 7.920950e+03 
2621600000 7.950750e+03 
2623750000 7.943475e+03 
2.625900e+09 7.937900e+03 
2628050000 7.934650e+03 
2630200000 7.944475e+03 
2.632350e+09 7.961975e+03 
2634500000 7.936300e+03 
2636650000 7.941625e+03 
2638800000 7.957850e+03 
2.640950e+09 7.973300e+03 
2643100000 7.952450e+03 
2645250000 7.952150e+03 
2.647400e+09 7.946875e+03 
2649550000 7.964325e+03 
2651700000 7.959575e+03 
2653850000 7.933100e+03 
2.656000e+09 7.946500e+03 
2658150000 7.954375e+03 
2660300000 7.953050e+03 
2.662450e+09 7.963475e+03 
2664600000 7.964250e+03 
2666750000 7968 
2668900000 7.948325e+03 
2.671050e+09 7.954625e+03 
2673200000 7.974050e+03 
2675350000 7.963675e+03 
2677500000 7.942750e+03 
2679650000 7.933725e+03 
2681800000 7.942075e+03 
2683950000 7.967050e+03 
2.686100e+09 7.937475e+03 
2688250000 7.927575e+03 
2690400000 7.970450e+03 
2692550000 7.948850e+03 
2694700000 7.949975e+03 
2696850000 7.965450e+03 
2699000000 7.908050e+03 
2.701150e+09 7.964750e+03 
2703300000 7.993725e+03 
2705450000 7.942800e+03 
2707600000 7.941125e+03 
2.709750e+09 7.939400e+03 
2711900000 7.943100e+03 
2714050000 7.956650e+03 
2.716200e+09 7.939600e+03 
2718350000 7.941350e+03 
2720500000 7.951275e+03 
2722650000 7.948075e+03 
2724800000 7965 
2726950000 7.951725e+03 
2729100000 7.941875e+03 
2.731250e+09 7.942850e+03 
2733400000 7.936950e+03 
2735550000 7.963625e+03 
2737700000 7.964325e+03 
2.739850e+09 7.951900e+03 
2742000000 7947 
2744150000 7.948850e+03 
2.746300e+09 7.948675e+03 
2748450000 7.945950e+03 
2750600000 7.939500e+03 
2752750000 7.963400e+03 
2754900000 7.961650e+03 
2757050000 7.982400e+03 
2759200000 7.934625e+03 
2.761350e+09 7.959725e+03 
2763500000 7.950075e+03 
2765650000 7.943150e+03 
2767800000 7.958750e+03 
2.769950e+09 7.961175e+03 
2772100000 7.949050e+03 
2774250000 7.959700e+03 
2.776400e+09 7.920950e+03 
2778550000 7.894300e+03 
2780700000 7.890775e+03 
2782850000 7.850625e+03 
2785000000 7.844525e+03 
2787150000 7.801375e+03 
2789300000 7.788175e+03 
2791450000 7.774125e+03 
2793600000 7.777975e+03 
2795750000 7.770150e+03 
2797900000 7.767175e+03 
2.800050e+09 7.781125e+03 
2802200000 7.793050e+03 
2804350000 7.818150e+03 
2806500000 7.858300e+03 
2808650000 7.889900e+03 
2810800000 7.908625e+03 
2812950000 7.937850e+03 
2815100000 7.934825e+03 
2817250000 7.932725e+03 
2819400000 7.973850e+03 
2821550000 7.965775e+03 
2823700000 7.980850e+03 
2825850000 8.003800e+03 
2828000000 8.000575e+03 
2.830150e+09 7.950600e+03 
2832300000 7.972150e+03 
2834450000 7.976975e+03 
2836600000 7.966800e+03 
2838750000 7.955800e+03 
2840900000 7.970200e+03 
2843050000 7.988975e+03 
2845200000 7.986725e+03 
2847350000 7.956700e+03 
2849500000 7.963850e+03 
2851650000 7.949775e+03 
2853800000 7.953225e+03 
2855950000 7.987350e+03 
2858100000 7.955425e+03 
2.860250e+09 7957 
2862400000 7.960450e+03 
2864550000 7.984650e+03 
2866700000 7.959425e+03 
2868850000 7.976925e+03 
2871000000 7.967775e+03 
2873150000 7.967650e+03 
2875300000 7.960050e+03 
2877450000 7.964375e+03 
2879600000 7.966150e+03 
2881750000 7.968925e+03 
2883900000 7.975225e+03 
2886050000 7.965425e+03 
2888200000 7.963700e+03 
2.890350e+09 7.956950e+03 
2892500000 7.954375e+03 
2894650000 7.982700e+03 
2896800000 7.940175e+03 
2898950000 7.959750e+03 
2901100000 7951 
2903250000 7.959475e+03 
2905400000 7.978050e+03 
2907550000 7.981375e+03 
2909700000 7.974300e+03 
2911850000 7.996450e+03 
2914000000 7.984150e+03 
2916150000 7.971500e+03 
2918300000 7.963025e+03 
2920450000 7.993425e+03 
2922600000 7.953550e+03 
2924750000 7.968075e+03 
2926900000 7.973775e+03 
2929050000 7.990125e+03 
2931200000 7.997125e+03 
2933350000 7.974225e+03 
2935500000 7.993550e+03 
2937650000 7.993300e+03 
2939800000 7.989250e+03 
2941950000 7.979775e+03 
2.944100e+09 7.944200e+03 
2946250000 7.925225e+03 
2948400000 7.923975e+03 
2950550000 7.885825e+03 
2952700000 7.846925e+03 
2954850000 7.835800e+03 
2957000000 7.812525e+03 
2959150000 7.765300e+03 
2961300000 7.769125e+03 
2963450000 7.785550e+03 
2965600000 7.787825e+03 
2967750000 7.804850e+03 
2969900000 7.848575e+03 
2972050000 7.878225e+03 
2974200000 7.922425e+03 
2976350000 7.936625e+03 
2978500000 7.934750e+03 
2980650000 7.957125e+03 
2982800000 7.952300e+03 
2984950000 7.968275e+03 
2987100000 7.958225e+03 
2989250000 7.987625e+03 
2991400000 7.987350e+03 
2993550000 7.972150e+03 
2995700000 7971 
2997850000 7981 
3000000000 7.996250e+03 

END
