IGOR
WAVES/D/O sweep,sig(1) 
BEGIN
2570000000 8.094875e+03 
2.572150e+09 8.114050e+03 
2574300000 8.100075e+03 
2576450000 8.101350e+03 
2578600000 8.085325e+03 
2.580750e+09 8.115350e+03 
2582900000 8.099300e+03 
2585050000 8.090200e+03 
2.587200e+09 8.093125e+03 
2589350000 8.073500e+03 
2591500000 8.125125e+03 
2593650000 8.090600e+03 
2.595800e+09 8.121350e+03 
2597950000 8.104550e+03 
2600100000 8.093625e+03 
2.602250e+09 8.103625e+03 
2604400000 8.098750e+03 
2606550000 8.073875e+03 
2608700000 8.120575e+03 
2.610850e+09 8.083175e+03 
2613000000 8.111725e+03 
2615150000 8.082100e+03 
2.617300e+09 8.103375e+03 
2619450000 8.074075e+03 
2621600000 8.100475e+03 
2623750000 8.085300e+03 
2.625900e+09 8.099050e+03 
2628050000 8.084800e+03 
2630200000 8.060450e+03 
2.632350e+09 8.065325e+03 
2634500000 8.047875e+03 
2636650000 8.064775e+03 
2638800000 8.068975e+03 
2.640950e+09 8.037425e+03 
2643100000 8.064325e+03 
2645250000 8.067575e+03 
2.647400e+09 8.086650e+03 
2649550000 8.088850e+03 
2651700000 8.094675e+03 
2653850000 8.086125e+03 
2.656000e+09 8.098400e+03 
2658150000 8076 
2660300000 8.096175e+03 
2.662450e+09 8.082300e+03 
2664600000 8.056700e+03 
2666750000 8.046250e+03 
2668900000 8.061825e+03 
2.671050e+09 8.038750e+03 
2673200000 8.030925e+03 
2675350000 8036 
2677500000 8.042550e+03 
2679650000 8.069875e+03 
2681800000 8.081550e+03 
2683950000 8.079100e+03 
2.686100e+09 8.108450e+03 
2688250000 8.095250e+03 
2690400000 8.095675e+03 
2692550000 8.110750e+03 
2694700000 8.101900e+03 
2696850000 8.089050e+03 
2699000000 8.069650e+03 
2.701150e+09 8.077425e+03 
2703300000 8.052775e+03 
2705450000 8.016100e+03 
2707600000 8.015925e+03 
2.709750e+09 8.048475e+03 
2711900000 8.051575e+03 
2714050000 8.052225e+03 
2.716200e+09 8.068900e+03 
2718350000 8.076275e+03 
2720500000 8.103175e+03 
2722650000 8.111625e+03 
2724800000 8.094725e+03 
2726950000 8.099800e+03 
2729100000 8.076550e+03 
2.731250e+09 8.096800e+03 
2733400000 8.091925e+03 
2735550000 8.072700e+03 
2737700000 8.058500e+03 
2.739850e+09 8.067675e+03 
2742000000 8.077500e+03 
2744150000 8.085925e+03 
2.746300e+09 8.098250e+03 
2748450000 8.114225e+03 
2750600000 8.132850e+03 
2752750000 8.081675e+03 
2754900000 8.101775e+03 
2757050000 8.117075e+03 
2759200000 8.104075e+03 
2.761350e+09 8.106800e+03 
2763500000 8.104225e+03 
2765650000 8.087700e+03 
2767800000 8.107425e+03 
2.769950e+09 8.118625e+03 
2772100000 8.105075e+03 
2774250000 8.097500e+03 
2.776400e+09 8.098075e+03 
2778550000 8.116125e+03 
2780700000 8.079400e+03 
2782850000 8.108650e+03 
2785000000 8.111125e+03 
2787150000 8.105025e+03 
2789300000 8.105750e+03 
2791450000 8.125575e+03 
2793600000 8.104825e+03 
2795750000 8.091600e+03 
2797900000 8.117900e+03 
2.800050e+09 8.084275e+03 
2802200000 8.127850e+03 
2804350000 8.098750e+03 
2806500000 8.098400e+03 
2808650000 8103 
2810800000 8.094075e+03 
2812950000 8098 
2815100000 8.097150e+03 
2817250000 8.113900e+03 
2819400000 8.116825e+03 
2821550000 8.106075e+03 
2823700000 8.113675e+03 
2825850000 8.109600e+03 
2828000000 8.113550e+03 
2.830150e+09 8.104725e+03 
2832300000 8.096400e+03 
2834450000 8.107425e+03 
2836600000 8.107900e+03 
2838750000 8.101525e+03 
2840900000 8095 
2843050000 8.088250e+03 
2845200000 8.077525e+03 
2847350000 8.117325e+03 
2849500000 8.118025e+03 
2851650000 8.097675e+03 
2853800000 8.098700e+03 
2855950000 8.088825e+03 
2858100000 8.087300e+03 
2.860250e+09 8.088275e+03 
2862400000 8.093900e+03 
2864550000 8.090825e+03 
2866700000 8.096250e+03 
2868850000 8.113725e+03 
2871000000 8.091025e+03 
2873150000 8.115025e+03 
2875300000 8.119300e+03 
2877450000 8.078350e+03 
2879600000 8.107150e+03 
2881750000 8.103775e+03 
2883900000 8.106575e+03 
2886050000 8.112525e+03 
2888200000 8.118800e+03 
2.890350e+09 8.101700e+03 
2892500000 8.100450e+03 
2894650000 8.077450e+03 
2896800000 8.102600e+03 
2898950000 8.101425e+03 
2901100000 8.108600e+03 
2903250000 8.091025e+03 
2905400000 8.090975e+03 
2907550000 8.104600e+03 
2909700000 8.114100e+03 
2911850000 8.091500e+03 
2914000000 8.107825e+03 
2916150000 8.097525e+03 
2918300000 8.110925e+03 
2920450000 8.112950e+03 
2922600000 8092 
2924750000 8.084300e+03 
2926900000 8.082625e+03 
2929050000 8.093075e+03 
2931200000 8.108700e+03 
2933350000 8.109650e+03 
2935500000 8.119025e+03 
2937650000 8.101375e+03 
2939800000 8.101600e+03 
2941950000 8.103700e+03 
2.944100e+09 8.103375e+03 
2946250000 8.098050e+03 
2948400000 8.102450e+03 
2950550000 8.105975e+03 
2952700000 8.094775e+03 
2954850000 8116 
2957000000 8.105300e+03 
2959150000 8.099500e+03 
2961300000 8.094625e+03 
2963450000 8.104525e+03 
2965600000 8.122750e+03 
2967750000 8.107225e+03 
2969900000 8.086225e+03 
2972050000 8.103750e+03 
2974200000 8.115225e+03 
2976350000 8.106475e+03 
2978500000 8.081275e+03 
2980650000 8.125600e+03 
2982800000 8.095850e+03 
2984950000 8.090575e+03 
2987100000 8.093475e+03 
2989250000 8.096475e+03 
2991400000 8.104875e+03 
2993550000 8.099300e+03 
2995700000 8123 
2997850000 8.098400e+03 
3000000000 8.105125e+03 

END
