IGOR
WAVES/D/O sweep,sig(1) 
BEGIN
2570000000 8.020650e+03 
2.572150e+09 8.013475e+03 
2574300000 8.029775e+03 
2576450000 8.036050e+03 
2578600000 8.009925e+03 
2.580750e+09 8.006225e+03 
2582900000 8.037375e+03 
2585050000 8.027175e+03 
2.587200e+09 8.033875e+03 
2589350000 8.007850e+03 
2591500000 8.018300e+03 
2593650000 8.040050e+03 
2.595800e+09 8.000325e+03 
2597950000 8020 
2600100000 8.019075e+03 
2.602250e+09 8.017900e+03 
2604400000 8.020050e+03 
2606550000 8.021475e+03 
2608700000 7.997350e+03 
2.610850e+09 8.022750e+03 
2613000000 8.018150e+03 
2615150000 8.018950e+03 
2.617300e+09 8.001900e+03 
2619450000 7.998500e+03 
2621600000 8.032475e+03 
2623750000 8.017250e+03 
2.625900e+09 7.969400e+03 
2628050000 7.994050e+03 
2630200000 7.968275e+03 
2.632350e+09 7.987400e+03 
2634500000 7.994325e+03 
2636650000 7.968575e+03 
2638800000 7.958950e+03 
2.640950e+09 7.983475e+03 
2643100000 7952 
2645250000 7.965600e+03 
2.647400e+09 7.979625e+03 
2649550000 7.990950e+03 
2651700000 8.013900e+03 
2653850000 8.006800e+03 
2.656000e+09 8.026500e+03 
2658150000 8.010050e+03 
2660300000 8.014700e+03 
2.662450e+09 7.992250e+03 
2664600000 7.961100e+03 
2666750000 7.959950e+03 
2668900000 7.952775e+03 
2.671050e+09 7.934200e+03 
2673200000 7.957425e+03 
2675350000 7.946550e+03 
2677500000 7.970375e+03 
2679650000 7.997075e+03 
2681800000 8.006575e+03 
2683950000 8.004750e+03 
2.686100e+09 8.009525e+03 
2688250000 8.004725e+03 
2690400000 8.002350e+03 
2692550000 8.033500e+03 
2694700000 8.020900e+03 
2696850000 7.995775e+03 
2699000000 7.992175e+03 
2.701150e+09 7.958875e+03 
2703300000 7.983475e+03 
2705450000 7.972475e+03 
2707600000 7.942225e+03 
2.709750e+09 7.965975e+03 
2711900000 7.947525e+03 
2714050000 7.978625e+03 
2.716200e+09 7.977875e+03 
2718350000 7.990275e+03 
2720500000 7.972725e+03 
2722650000 8.030300e+03 
2724800000 8.005100e+03 
2726950000 8.025150e+03 
2729100000 7.990875e+03 
2.731250e+09 7.978925e+03 
2733400000 7.978250e+03 
2735550000 7.959925e+03 
2737700000 7.959425e+03 
2.739850e+09 7.979150e+03 
2742000000 7.967150e+03 
2744150000 7.989025e+03 
2.746300e+09 7.984325e+03 
2748450000 7.988950e+03 
2750600000 7.984225e+03 
2752750000 8.012100e+03 
2754900000 7.995525e+03 
2757050000 8.021650e+03 
2759200000 8.024125e+03 
2.761350e+09 7.994100e+03 
2763500000 8.006225e+03 
2765650000 8.000950e+03 
2767800000 8.001675e+03 
2.769950e+09 8.015050e+03 
2772100000 7.991475e+03 
2774250000 7974 
2.776400e+09 7.998400e+03 
2778550000 7.988125e+03 
2780700000 8.016800e+03 
2782850000 8.004175e+03 
2785000000 8.023875e+03 
2787150000 8.009025e+03 
2789300000 8.005825e+03 
2791450000 7.994025e+03 
2793600000 8.007650e+03 
2795750000 8.006850e+03 
2797900000 8.008900e+03 
2.800050e+09 8.012375e+03 
2802200000 7.994175e+03 
2804350000 8.008050e+03 
2806500000 8018 
2808650000 7.997925e+03 
2810800000 8.021150e+03 
2812950000 8.017825e+03 
2815100000 7.985225e+03 
2817250000 7.981500e+03 
2819400000 7.983200e+03 
2821550000 7.986575e+03 
2823700000 7.988150e+03 
2825850000 7.959925e+03 
2828000000 7.961725e+03 
2.830150e+09 7.974450e+03 
2832300000 7.995650e+03 
2834450000 7.957700e+03 
2836600000 7.991075e+03 
2838750000 7.995150e+03 
2840900000 7.992325e+03 
2843050000 7.982075e+03 
2845200000 7.997300e+03 
2847350000 7.987700e+03 
2849500000 7.986975e+03 
2851650000 7.996250e+03 
2853800000 7.994475e+03 
2855950000 7.991475e+03 
2858100000 7.954525e+03 
2.860250e+09 7.970425e+03 
2862400000 7.986750e+03 
2864550000 7.979775e+03 
2866700000 7.970675e+03 
2868850000 7.979800e+03 
2871000000 7.999325e+03 
2873150000 7.971350e+03 
2875300000 7.992475e+03 
2877450000 7.987500e+03 
2879600000 7.987325e+03 
2881750000 7.990850e+03 
2883900000 7.987600e+03 
2886050000 7.970925e+03 
2888200000 7.989950e+03 
2.890350e+09 7.989425e+03 
2892500000 7.982650e+03 
2894650000 7.998525e+03 
2896800000 7.979225e+03 
2898950000 7.977100e+03 
2901100000 7.987525e+03 
2903250000 7.957150e+03 
2905400000 7.969400e+03 
2907550000 7.973950e+03 
2909700000 7.961225e+03 
2911850000 7.981725e+03 
2914000000 7.975825e+03 
2916150000 7.972100e+03 
2918300000 7.992150e+03 
2920450000 7.972925e+03 
2922600000 7.972125e+03 
2924750000 7.975825e+03 
2926900000 7.962175e+03 
2929050000 7.960900e+03 
2931200000 7.957500e+03 
2933350000 7.956975e+03 
2935500000 7.975075e+03 
2937650000 7.971225e+03 
2939800000 7.954175e+03 
2941950000 7.955050e+03 
2.944100e+09 7.957100e+03 
2946250000 7.980500e+03 
2948400000 7.953250e+03 
2950550000 7.967675e+03 
2952700000 7.978375e+03 
2954850000 7.987400e+03 
2957000000 7.967150e+03 
2959150000 7.962975e+03 
2961300000 7.987050e+03 
2963450000 7.993825e+03 
2965600000 7.976500e+03 
2967750000 7.992550e+03 
2969900000 7.986850e+03 
2972050000 7.962250e+03 
2974200000 7.977425e+03 
2976350000 7.968600e+03 
2978500000 7.987775e+03 
2980650000 7.970875e+03 
2982800000 7.956300e+03 
2984950000 8.014225e+03 
2987100000 7.973225e+03 
2989250000 7.974300e+03 
2991400000 7.972775e+03 
2993550000 7.975225e+03 
2995700000 7.980475e+03 
2997850000 7.981025e+03 
3000000000 7.980450e+03 

END
