IGOR
WAVES/D/O sweep,sig(1) 
BEGIN
2570000000 8.166325e+03 
2.572150e+09 8.163475e+03 
2574300000 8.153450e+03 
2576450000 8.164025e+03 
2578600000 8.152900e+03 
2.580750e+09 8.177700e+03 
2582900000 8.164775e+03 
2585050000 8.167075e+03 
2.587200e+09 8.159450e+03 
2589350000 8.185650e+03 
2591500000 8.173875e+03 
2593650000 8.172500e+03 
2.595800e+09 8.160525e+03 
2597950000 8.165925e+03 
2600100000 8.160350e+03 
2.602250e+09 8.153850e+03 
2604400000 8164 
2606550000 8.179150e+03 
2608700000 8.176975e+03 
2.610850e+09 8.184525e+03 
2613000000 8.168075e+03 
2615150000 8.173750e+03 
2.617300e+09 8.206125e+03 
2619450000 8.164125e+03 
2621600000 8.179825e+03 
2623750000 8.191575e+03 
2.625900e+09 8.170050e+03 
2628050000 8.144500e+03 
2630200000 8.140275e+03 
2.632350e+09 8.130550e+03 
2634500000 8.175525e+03 
2636650000 8.136650e+03 
2638800000 8.129925e+03 
2.640950e+09 8.144050e+03 
2643100000 8.133600e+03 
2645250000 8.141750e+03 
2.647400e+09 8.151425e+03 
2649550000 8.178175e+03 
2651700000 8.170850e+03 
2653850000 8.154725e+03 
2.656000e+09 8.166625e+03 
2658150000 8.181125e+03 
2660300000 8.150875e+03 
2.662450e+09 8.147500e+03 
2664600000 8.140675e+03 
2666750000 8.133750e+03 
2668900000 8.119550e+03 
2.671050e+09 8.110875e+03 
2673200000 8.122550e+03 
2675350000 8.121100e+03 
2677500000 8.126075e+03 
2679650000 8.140975e+03 
2681800000 8.165800e+03 
2683950000 8.162500e+03 
2.686100e+09 8.166250e+03 
2688250000 8.177200e+03 
2690400000 8.162500e+03 
2692550000 8.167475e+03 
2694700000 8.187975e+03 
2696850000 8.182825e+03 
2699000000 8.183550e+03 
2.701150e+09 8.130400e+03 
2703300000 8.135200e+03 
2705450000 8.116525e+03 
2707600000 8.116175e+03 
2.709750e+09 8.100800e+03 
2711900000 8.106150e+03 
2714050000 8.151400e+03 
2.716200e+09 8.193250e+03 
2718350000 8.163350e+03 
2720500000 8.164325e+03 
2722650000 8.186725e+03 
2724800000 8.178125e+03 
2726950000 8.184625e+03 
2729100000 8.168175e+03 
2.731250e+09 8.193150e+03 
2733400000 8.147975e+03 
2735550000 8.163675e+03 
2737700000 8.160600e+03 
2.739850e+09 8.144275e+03 
2742000000 8.163800e+03 
2744150000 8.175375e+03 
2.746300e+09 8.199850e+03 
2748450000 8.189550e+03 
2750600000 8.177300e+03 
2752750000 8.187300e+03 
2754900000 8.186425e+03 
2757050000 8.198775e+03 
2759200000 8.198175e+03 
2.761350e+09 8.162475e+03 
2763500000 8.183500e+03 
2765650000 8.190600e+03 
2767800000 8.166750e+03 
2.769950e+09 8.187175e+03 
2772100000 8.191200e+03 
2774250000 8.185975e+03 
2.776400e+09 8.180175e+03 
2778550000 8.180850e+03 
2780700000 8.192975e+03 
2782850000 8.190225e+03 
2785000000 8.190300e+03 
2787150000 8.168775e+03 
2789300000 8.182350e+03 
2791450000 8.214725e+03 
2793600000 8.181075e+03 
2795750000 8.196200e+03 
2797900000 8.176100e+03 
2.800050e+09 8.178625e+03 
2802200000 8.187200e+03 
2804350000 8.185725e+03 
2806500000 8192 
2808650000 8.184200e+03 
2810800000 8.197450e+03 
2812950000 8.209525e+03 
2815100000 8.198475e+03 
2817250000 8.181775e+03 
2819400000 8.186250e+03 
2821550000 8.181650e+03 
2823700000 8.172350e+03 
2825850000 8.183900e+03 
2828000000 8.180125e+03 
2.830150e+09 8.175250e+03 
2832300000 8.196875e+03 
2834450000 8.186275e+03 
2836600000 8.197075e+03 
2838750000 8.211300e+03 
2840900000 8.177350e+03 
2843050000 8.160625e+03 
2845200000 8.208300e+03 
2847350000 8.201800e+03 
2849500000 8.181800e+03 
2851650000 8.184875e+03 
2853800000 8.192800e+03 
2855950000 8.215250e+03 
2858100000 8.182725e+03 
2.860250e+09 8.171750e+03 
2862400000 8.202100e+03 
2864550000 8.221950e+03 
2866700000 8.194550e+03 
2868850000 8.194625e+03 
2871000000 8.186425e+03 
2873150000 8.231200e+03 
2875300000 8.194750e+03 
2877450000 8.179100e+03 
2879600000 8.204400e+03 
2881750000 8.200550e+03 
2883900000 8.195725e+03 
2886050000 8.178450e+03 
2888200000 8.203225e+03 
2.890350e+09 8.197550e+03 
2892500000 8.186125e+03 
2894650000 8.174800e+03 
2896800000 8.172725e+03 
2898950000 8.201175e+03 
2901100000 8.208675e+03 
2903250000 8.182350e+03 
2905400000 8.178225e+03 
2907550000 8.158475e+03 
2909700000 8.175875e+03 
2911850000 8.171250e+03 
2914000000 8.193550e+03 
2916150000 8.182250e+03 
2918300000 8.211775e+03 
2920450000 8.170050e+03 
2922600000 8.172125e+03 
2924750000 8200 
2926900000 8.178425e+03 
2929050000 8.187500e+03 
2931200000 8.205625e+03 
2933350000 8191 
2935500000 8.177075e+03 
2937650000 8.182950e+03 
2939800000 8.171175e+03 
2941950000 8.218175e+03 
2.944100e+09 8.178825e+03 
2946250000 8.171550e+03 
2948400000 8.196250e+03 
2950550000 8.206175e+03 
2952700000 8.204750e+03 
2954850000 8.192875e+03 
2957000000 8.190475e+03 
2959150000 8.186475e+03 
2961300000 8.220975e+03 
2963450000 8.180575e+03 
2965600000 8.171175e+03 
2967750000 8.207150e+03 
2969900000 8.177825e+03 
2972050000 8.191400e+03 
2974200000 8.169050e+03 
2976350000 8.174225e+03 
2978500000 8.190425e+03 
2980650000 8.180025e+03 
2982800000 8.177300e+03 
2984950000 8.172250e+03 
2987100000 8.172575e+03 
2989250000 8.208025e+03 
2991400000 8.171050e+03 
2993550000 8.157075e+03 
2995700000 8.187675e+03 
2997850000 8.174925e+03 
3000000000 8.170550e+03 

END
