IGOR
WAVES/D/O sweep,sig(1) 
BEGIN
2570000000 8.105675e+03 
2.572150e+09 8.101975e+03 
2574300000 8.081100e+03 
2576450000 8.096750e+03 
2578600000 8.079950e+03 
2.580750e+09 8.102375e+03 
2582900000 8.096500e+03 
2585050000 8.073025e+03 
2.587200e+09 8.088425e+03 
2589350000 8.079600e+03 
2591500000 8.077775e+03 
2593650000 8.112200e+03 
2.595800e+09 8.104075e+03 
2597950000 8.091775e+03 
2600100000 8.091400e+03 
2.602250e+09 8.076175e+03 
2604400000 8.081450e+03 
2606550000 8.085950e+03 
2608700000 8.079700e+03 
2.610850e+09 8.113800e+03 
2613000000 8.079025e+03 
2615150000 8.093925e+03 
2.617300e+09 8.063650e+03 
2619450000 8.082525e+03 
2621600000 8.093125e+03 
2623750000 8.084525e+03 
2.625900e+09 8.056750e+03 
2628050000 8.082625e+03 
2630200000 8.070025e+03 
2.632350e+09 8.056975e+03 
2634500000 8.036400e+03 
2636650000 8.049825e+03 
2638800000 8.042475e+03 
2.640950e+09 8.054525e+03 
2643100000 8.038300e+03 
2645250000 8.065325e+03 
2.647400e+09 8.063875e+03 
2649550000 8.076050e+03 
2651700000 8.091925e+03 
2653850000 8.089975e+03 
2.656000e+09 8.085625e+03 
2658150000 8.071600e+03 
2660300000 8.058400e+03 
2.662450e+09 8.032600e+03 
2664600000 8.039025e+03 
2666750000 8.041725e+03 
2668900000 8.014800e+03 
2.671050e+09 8.026500e+03 
2673200000 8.031275e+03 
2675350000 8.018725e+03 
2677500000 8.059800e+03 
2679650000 8072 
2681800000 8.072850e+03 
2683950000 8.075975e+03 
2.686100e+09 8.091625e+03 
2688250000 8.076750e+03 
2690400000 8.100350e+03 
2692550000 8.097325e+03 
2694700000 8.092750e+03 
2696850000 8.086150e+03 
2699000000 8.085450e+03 
2.701150e+09 8.048475e+03 
2703300000 8.015700e+03 
2705450000 8.005575e+03 
2707600000 8.023575e+03 
2.709750e+09 8.018750e+03 
2711900000 8.030175e+03 
2714050000 8.067275e+03 
2.716200e+09 8.063325e+03 
2718350000 8.071225e+03 
2720500000 8.079925e+03 
2722650000 8.075975e+03 
2724800000 8.097650e+03 
2726950000 8.087625e+03 
2729100000 8.097275e+03 
2.731250e+09 8.055450e+03 
2733400000 8.056050e+03 
2735550000 8.073400e+03 
2737700000 8.042225e+03 
2.739850e+09 8.089325e+03 
2742000000 8.079825e+03 
2744150000 8.085225e+03 
2.746300e+09 8.072125e+03 
2748450000 8.084200e+03 
2750600000 8.093200e+03 
2752750000 8.109225e+03 
2754900000 8.070675e+03 
2757050000 8.091650e+03 
2759200000 8.118275e+03 
2.761350e+09 8.121725e+03 
2763500000 8.078575e+03 
2765650000 8.073675e+03 
2767800000 8.110550e+03 
2.769950e+09 8.122175e+03 
2772100000 8.096275e+03 
2774250000 8.082925e+03 
2.776400e+09 8.117125e+03 
2778550000 8.096850e+03 
2780700000 8.107400e+03 
2782850000 8.077575e+03 
2785000000 8.115650e+03 
2787150000 8.096650e+03 
2789300000 8.078925e+03 
2791450000 8.093275e+03 
2793600000 8.111525e+03 
2795750000 8.086950e+03 
2797900000 8.099775e+03 
2.800050e+09 8.109025e+03 
2802200000 8.121700e+03 
2804350000 8.101825e+03 
2806500000 8.098925e+03 
2808650000 8.088150e+03 
2810800000 8.093550e+03 
2812950000 8.101125e+03 
2815100000 8.076750e+03 
2817250000 8.073200e+03 
2819400000 8.097550e+03 
2821550000 8.096125e+03 
2823700000 8.077450e+03 
2825850000 8.092875e+03 
2828000000 8.090375e+03 
2.830150e+09 8.090850e+03 
2832300000 8.066525e+03 
2834450000 8.102050e+03 
2836600000 8.086475e+03 
2838750000 8.103275e+03 
2840900000 8.090675e+03 
2843050000 8.076675e+03 
2845200000 8.100600e+03 
2847350000 8.104025e+03 
2849500000 8.105300e+03 
2851650000 8.087875e+03 
2853800000 8.120375e+03 
2855950000 8.109925e+03 
2858100000 8.121975e+03 
2.860250e+09 8.113700e+03 
2862400000 8.112975e+03 
2864550000 8.142875e+03 
2866700000 8.101225e+03 
2868850000 8.098450e+03 
2871000000 8.095200e+03 
2873150000 8.095325e+03 
2875300000 8.091475e+03 
2877450000 8.077250e+03 
2879600000 8.106875e+03 
2881750000 8.076950e+03 
2883900000 8.087075e+03 
2886050000 8.084200e+03 
2888200000 8.089125e+03 
2.890350e+09 8.108575e+03 
2892500000 8.116700e+03 
2894650000 8.084900e+03 
2896800000 8.074325e+03 
2898950000 8.127975e+03 
2901100000 8.072150e+03 
2903250000 8.094450e+03 
2905400000 8.114125e+03 
2907550000 8.136900e+03 
2909700000 8.118225e+03 
2911850000 8.099500e+03 
2914000000 8113 
2916150000 8.073600e+03 
2918300000 8095 
2920450000 8.074625e+03 
2922600000 8.086575e+03 
2924750000 8.103275e+03 
2926900000 8.108075e+03 
2929050000 8.100525e+03 
2931200000 8.068775e+03 
2933350000 8.100525e+03 
2935500000 8.087975e+03 
2937650000 8.116750e+03 
2939800000 8.094775e+03 
2941950000 8.084375e+03 
2.944100e+09 8.080025e+03 
2946250000 8.079725e+03 
2948400000 8.076050e+03 
2950550000 8.097125e+03 
2952700000 8.092575e+03 
2954850000 8.082975e+03 
2957000000 8.094500e+03 
2959150000 8.085900e+03 
2961300000 8.108825e+03 
2963450000 8.093925e+03 
2965600000 8.092025e+03 
2967750000 8.116125e+03 
2969900000 8.092350e+03 
2972050000 8.111750e+03 
2974200000 8.094650e+03 
2976350000 8.121425e+03 
2978500000 8.117400e+03 
2980650000 8.087200e+03 
2982800000 8.107425e+03 
2984950000 8.088675e+03 
2987100000 8.114175e+03 
2989250000 8.097400e+03 
2991400000 8.107225e+03 
2993550000 8.110750e+03 
2995700000 8.121925e+03 
2997850000 8.103250e+03 
3000000000 8.101625e+03 

END
