IGOR
WAVES/D/O sweep,sig(1) 
BEGIN
2570000000 8.095950e+03 
2.572150e+09 8.058825e+03 
2574300000 8.062900e+03 
2576450000 8.051725e+03 
2578600000 8.077850e+03 
2.580750e+09 8.062325e+03 
2582900000 8.078225e+03 
2585050000 8.072475e+03 
2.587200e+09 8.064575e+03 
2589350000 8.055350e+03 
2591500000 8.073275e+03 
2593650000 8.085275e+03 
2.595800e+09 8.067100e+03 
2597950000 8.051725e+03 
2600100000 8.057975e+03 
2.602250e+09 8.062200e+03 
2604400000 8.047750e+03 
2606550000 8.062125e+03 
2608700000 8.043275e+03 
2.610850e+09 8.061975e+03 
2613000000 8.067225e+03 
2615150000 8.069050e+03 
2.617300e+09 8.088025e+03 
2619450000 8.055500e+03 
2621600000 8.052950e+03 
2623750000 8.049500e+03 
2.625900e+09 8058 
2628050000 8.045250e+03 
2630200000 8.041775e+03 
2.632350e+09 8.052050e+03 
2634500000 8.026375e+03 
2636650000 8.019075e+03 
2638800000 8.018975e+03 
2.640950e+09 8.023200e+03 
2643100000 8.023400e+03 
2645250000 8.015450e+03 
2.647400e+09 8.027950e+03 
2649550000 8023 
2651700000 8.041925e+03 
2653850000 8.056600e+03 
2.656000e+09 8.063800e+03 
2658150000 8.069500e+03 
2660300000 8.073350e+03 
2.662450e+09 8.014275e+03 
2664600000 8.006775e+03 
2666750000 7.984950e+03 
2668900000 7.994250e+03 
2.671050e+09 7.978425e+03 
2673200000 7.988300e+03 
2675350000 7.963950e+03 
2677500000 8.008850e+03 
2679650000 8.008275e+03 
2681800000 8.051975e+03 
2683950000 8.052075e+03 
2.686100e+09 8.061900e+03 
2688250000 8.045600e+03 
2690400000 8.069950e+03 
2692550000 8.044875e+03 
2694700000 8.066425e+03 
2696850000 8.049850e+03 
2699000000 8.022175e+03 
2.701150e+09 8.034775e+03 
2703300000 8.006975e+03 
2705450000 8.002950e+03 
2707600000 7.993850e+03 
2.709750e+09 7.979950e+03 
2711900000 8.006925e+03 
2714050000 8.020300e+03 
2.716200e+09 8.039425e+03 
2718350000 8.039100e+03 
2720500000 8.037425e+03 
2722650000 8.050275e+03 
2724800000 8.054550e+03 
2726950000 8.042150e+03 
2729100000 8.034675e+03 
2.731250e+09 8010 
2733400000 8.017250e+03 
2735550000 8.032400e+03 
2737700000 8.016475e+03 
2.739850e+09 8.021600e+03 
2742000000 8.045700e+03 
2744150000 8.024700e+03 
2.746300e+09 8.030500e+03 
2748450000 8051 
2750600000 8.059025e+03 
2752750000 8.054025e+03 
2754900000 8.046350e+03 
2757050000 8.056375e+03 
2759200000 8.048525e+03 
2.761350e+09 8.050525e+03 
2763500000 8.034875e+03 
2765650000 8.040600e+03 
2767800000 8.067725e+03 
2.769950e+09 8.037200e+03 
2772100000 8.045025e+03 
2774250000 8.058025e+03 
2.776400e+09 8.045525e+03 
2778550000 8.069675e+03 
2780700000 8.077575e+03 
2782850000 8.082200e+03 
2785000000 8.058550e+03 
2787150000 8.086100e+03 
2789300000 8.068625e+03 
2791450000 8.064700e+03 
2793600000 8.056200e+03 
2795750000 8.065200e+03 
2797900000 8.070800e+03 
2.800050e+09 8.073450e+03 
2802200000 8.063550e+03 
2804350000 8.073750e+03 
2806500000 8.059675e+03 
2808650000 8.084925e+03 
2810800000 8.101450e+03 
2812950000 8.056875e+03 
2815100000 8.075100e+03 
2817250000 8.062350e+03 
2819400000 8.073400e+03 
2821550000 8.084575e+03 
2823700000 8.084850e+03 
2825850000 8.088925e+03 
2828000000 8.079025e+03 
2.830150e+09 8.055775e+03 
2832300000 8.069625e+03 
2834450000 8.062650e+03 
2836600000 8.089175e+03 
2838750000 8.082150e+03 
2840900000 8.071350e+03 
2843050000 8.071950e+03 
2845200000 8.071575e+03 
2847350000 8.083600e+03 
2849500000 8.082950e+03 
2851650000 8.084425e+03 
2853800000 8.075950e+03 
2855950000 8.066725e+03 
2858100000 8.105300e+03 
2.860250e+09 8.067725e+03 
2862400000 8.075125e+03 
2864550000 8.081475e+03 
2866700000 8.079250e+03 
2868850000 8.071225e+03 
2871000000 8.045900e+03 
2873150000 8.084600e+03 
2875300000 8.066725e+03 
2877450000 8.099325e+03 
2879600000 8.078500e+03 
2881750000 8.080750e+03 
2883900000 8.066900e+03 
2886050000 8.080750e+03 
2888200000 8.061775e+03 
2.890350e+09 8.067650e+03 
2892500000 8.065475e+03 
2894650000 8.085600e+03 
2896800000 8.064300e+03 
2898950000 8.045800e+03 
2901100000 8.068775e+03 
2903250000 8.082575e+03 
2905400000 8.058200e+03 
2907550000 8.058925e+03 
2909700000 8.066750e+03 
2911850000 8.073625e+03 
2914000000 8.060175e+03 
2916150000 8.089725e+03 
2918300000 8.087800e+03 
2920450000 8.069625e+03 
2922600000 8.052175e+03 
2924750000 8.079900e+03 
2926900000 8.053250e+03 
2929050000 8.085200e+03 
2931200000 8.052125e+03 
2933350000 8.099100e+03 
2935500000 8.077250e+03 
2937650000 8.083300e+03 
2939800000 8.079350e+03 
2941950000 8.064975e+03 
2.944100e+09 8.054050e+03 
2946250000 8.079350e+03 
2948400000 8.078150e+03 
2950550000 8.046575e+03 
2952700000 8.053725e+03 
2954850000 8.044400e+03 
2957000000 8.077200e+03 
2959150000 8.045750e+03 
2961300000 8.065825e+03 
2963450000 8.043625e+03 
2965600000 8.051225e+03 
2967750000 8.097575e+03 
2969900000 8.057075e+03 
2972050000 8.077450e+03 
2974200000 8.065225e+03 
2976350000 8.050625e+03 
2978500000 8.073675e+03 
2980650000 8.052775e+03 
2982800000 8.075100e+03 
2984950000 8.093475e+03 
2987100000 8.055275e+03 
2989250000 8.061025e+03 
2991400000 8.074500e+03 
2993550000 8.071325e+03 
2995700000 8.090300e+03 
2997850000 8.060350e+03 
3000000000 8.045225e+03 

END
