IGOR
WAVES/D/O sweep,sig(1) 
BEGIN
2570000000 8.219175e+03 
2.572150e+09 8.232850e+03 
2574300000 8.209650e+03 
2576450000 8.219350e+03 
2578600000 8.236825e+03 
2.580750e+09 8.199075e+03 
2582900000 8.203300e+03 
2585050000 8.216825e+03 
2.587200e+09 8.200500e+03 
2589350000 8.221975e+03 
2591500000 8.188775e+03 
2593650000 8.218275e+03 
2.595800e+09 8.200950e+03 
2597950000 8.211125e+03 
2600100000 8.192375e+03 
2.602250e+09 8.209875e+03 
2604400000 8.223975e+03 
2606550000 8.203150e+03 
2608700000 8.209325e+03 
2.610850e+09 8.186350e+03 
2613000000 8.217075e+03 
2615150000 8.231225e+03 
2.617300e+09 8.219050e+03 
2619450000 8.193600e+03 
2621600000 8.224225e+03 
2623750000 8.227975e+03 
2.625900e+09 8.205575e+03 
2628050000 8.194150e+03 
2630200000 8.208400e+03 
2.632350e+09 8.157475e+03 
2634500000 8175 
2636650000 8.191100e+03 
2638800000 8.170525e+03 
2.640950e+09 8.170700e+03 
2643100000 8.159925e+03 
2645250000 8.169025e+03 
2.647400e+09 8.193225e+03 
2649550000 8.207100e+03 
2651700000 8.214475e+03 
2653850000 8.214275e+03 
2.656000e+09 8.212950e+03 
2658150000 8.209525e+03 
2660300000 8.189125e+03 
2.662450e+09 8.175900e+03 
2664600000 8.144075e+03 
2666750000 8.150925e+03 
2668900000 8.164500e+03 
2.671050e+09 8.174250e+03 
2673200000 8.161725e+03 
2675350000 8.160475e+03 
2677500000 8.166225e+03 
2679650000 8.192200e+03 
2681800000 8.197600e+03 
2683950000 8.202625e+03 
2.686100e+09 8.220400e+03 
2688250000 8.205325e+03 
2690400000 8.222275e+03 
2692550000 8.217850e+03 
2694700000 8.215125e+03 
2696850000 8185 
2699000000 8.170675e+03 
2.701150e+09 8.177375e+03 
2703300000 8.170450e+03 
2705450000 8.141400e+03 
2707600000 8.144200e+03 
2.709750e+09 8.147550e+03 
2711900000 8.154275e+03 
2714050000 8.160975e+03 
2.716200e+09 8.202575e+03 
2718350000 8.217800e+03 
2720500000 8.194450e+03 
2722650000 8228 
2724800000 8.219900e+03 
2726950000 8.198025e+03 
2729100000 8.204475e+03 
2.731250e+09 8.202400e+03 
2733400000 8.185525e+03 
2735550000 8.198725e+03 
2737700000 8.181575e+03 
2.739850e+09 8.199475e+03 
2742000000 8.202875e+03 
2744150000 8.213125e+03 
2.746300e+09 8228 
2748450000 8.221025e+03 
2750600000 8.212700e+03 
2752750000 8.238250e+03 
2754900000 8.208250e+03 
2757050000 8.223750e+03 
2759200000 8.219675e+03 
2.761350e+09 8.230900e+03 
2763500000 8.216725e+03 
2765650000 8.225225e+03 
2767800000 8.217400e+03 
2.769950e+09 8.229150e+03 
2772100000 8.237175e+03 
2774250000 8.227225e+03 
2.776400e+09 8.196800e+03 
2778550000 8.221225e+03 
2780700000 8.236700e+03 
2782850000 8.193100e+03 
2785000000 8.205150e+03 
2787150000 8.216375e+03 
2789300000 8.208775e+03 
2791450000 8218 
2793600000 8.229550e+03 
2795750000 8.202800e+03 
2797900000 8.241900e+03 
2.800050e+09 8.242425e+03 
2802200000 8.212300e+03 
2804350000 8.238975e+03 
2806500000 8.217975e+03 
2808650000 8.252400e+03 
2810800000 8.230875e+03 
2812950000 8.208050e+03 
2815100000 8.221475e+03 
2817250000 8.228500e+03 
2819400000 8.228650e+03 
2821550000 8.221975e+03 
2823700000 8.239750e+03 
2825850000 8.237475e+03 
2828000000 8.207025e+03 
2.830150e+09 8.237825e+03 
2832300000 8.226350e+03 
2834450000 8.227825e+03 
2836600000 8.224450e+03 
2838750000 8.211575e+03 
2840900000 8.232975e+03 
2843050000 8.234875e+03 
2845200000 8.205325e+03 
2847350000 8.212950e+03 
2849500000 8.238900e+03 
2851650000 8.241450e+03 
2853800000 8.233375e+03 
2855950000 8.219825e+03 
2858100000 8.219950e+03 
2.860250e+09 8.229425e+03 
2862400000 8.232625e+03 
2864550000 8.237500e+03 
2866700000 8.249350e+03 
2868850000 8.215950e+03 
2871000000 8.255875e+03 
2873150000 8.234800e+03 
2875300000 8.231025e+03 
2877450000 8.230675e+03 
2879600000 8.210975e+03 
2881750000 8.246175e+03 
2883900000 8.243725e+03 
2886050000 8.238275e+03 
2888200000 8.223475e+03 
2.890350e+09 8.238575e+03 
2892500000 8.253725e+03 
2894650000 8.225100e+03 
2896800000 8.223600e+03 
2898950000 8.246100e+03 
2901100000 8.246600e+03 
2903250000 8.235275e+03 
2905400000 8.233525e+03 
2907550000 8.232375e+03 
2909700000 8.236500e+03 
2911850000 8.216725e+03 
2914000000 8.214500e+03 
2916150000 8.251675e+03 
2918300000 8.227700e+03 
2920450000 8.220575e+03 
2922600000 8.234625e+03 
2924750000 8.246225e+03 
2926900000 8.234325e+03 
2929050000 8.222550e+03 
2931200000 8.210775e+03 
2933350000 8.218100e+03 
2935500000 8.215700e+03 
2937650000 8.237475e+03 
2939800000 8.223125e+03 
2941950000 8.227175e+03 
2.944100e+09 8.238250e+03 
2946250000 8.228050e+03 
2948400000 8.227325e+03 
2950550000 8.231325e+03 
2952700000 8.240725e+03 
2954850000 8.215925e+03 
2957000000 8.226575e+03 
2959150000 8.240825e+03 
2961300000 8.236400e+03 
2963450000 8.222300e+03 
2965600000 8.211700e+03 
2967750000 8.215600e+03 
2969900000 8.218800e+03 
2972050000 8.213225e+03 
2974200000 8.211900e+03 
2976350000 8.225775e+03 
2978500000 8.245425e+03 
2980650000 8.228625e+03 
2982800000 8.237075e+03 
2984950000 8.233850e+03 
2987100000 8.241750e+03 
2989250000 8.230975e+03 
2991400000 8.212325e+03 
2993550000 8.231675e+03 
2995700000 8.234850e+03 
2997850000 8.216750e+03 
3000000000 8.235050e+03 

END
