IGOR
WAVES/D/O sweep,sig(1) 
BEGIN
2570000000 7.910775e+03 
2.572150e+09 7.901075e+03 
2574300000 7.897300e+03 
2576450000 7883 
2578600000 7.896725e+03 
2.580750e+09 7.933975e+03 
2582900000 7.916050e+03 
2585050000 7.914675e+03 
2.587200e+09 7.907425e+03 
2589350000 7.919475e+03 
2591500000 7.927125e+03 
2593650000 7.903300e+03 
2.595800e+09 7.911475e+03 
2597950000 7.913300e+03 
2600100000 7.905725e+03 
2.602250e+09 7.932600e+03 
2604400000 7.900425e+03 
2606550000 7.919025e+03 
2608700000 7.933275e+03 
2.610850e+09 7.921825e+03 
2613000000 7.892900e+03 
2615150000 7.916125e+03 
2.617300e+09 7.905800e+03 
2619450000 7.916150e+03 
2621600000 7.892275e+03 
2623750000 7.927700e+03 
2.625900e+09 7.904125e+03 
2628050000 7.873500e+03 
2630200000 7913 
2.632350e+09 7.890275e+03 
2634500000 7.892675e+03 
2636650000 7862 
2638800000 7.872525e+03 
2.640950e+09 7.866200e+03 
2643100000 7.884775e+03 
2645250000 7.872300e+03 
2.647400e+09 7.904600e+03 
2649550000 7.910100e+03 
2651700000 7.915100e+03 
2653850000 7.892200e+03 
2.656000e+09 7.921375e+03 
2658150000 7.907100e+03 
2660300000 7.877250e+03 
2.662450e+09 7.891725e+03 
2664600000 7.866150e+03 
2666750000 7.852125e+03 
2668900000 7.846950e+03 
2.671050e+09 7.843550e+03 
2673200000 7.833275e+03 
2675350000 7.853425e+03 
2677500000 7.895325e+03 
2679650000 7.895275e+03 
2681800000 7.907925e+03 
2683950000 7.908500e+03 
2.686100e+09 7.910450e+03 
2688250000 7.905350e+03 
2690400000 7.922400e+03 
2692550000 7.935100e+03 
2694700000 7.887250e+03 
2696850000 7.879100e+03 
2699000000 7.872800e+03 
2.701150e+09 7.868850e+03 
2703300000 7.860400e+03 
2705450000 7.837500e+03 
2707600000 7.854150e+03 
2.709750e+09 7.838850e+03 
2711900000 7.865175e+03 
2714050000 7.851750e+03 
2.716200e+09 7.865225e+03 
2718350000 7.872900e+03 
2720500000 7.886600e+03 
2722650000 7.880725e+03 
2724800000 7.921100e+03 
2726950000 7.901250e+03 
2729100000 7.869650e+03 
2.731250e+09 7.868725e+03 
2733400000 7.850250e+03 
2735550000 7.873475e+03 
2737700000 7.872850e+03 
2.739850e+09 7.870275e+03 
2742000000 7.849400e+03 
2744150000 7.873500e+03 
2.746300e+09 7.874675e+03 
2748450000 7.876025e+03 
2750600000 7.893075e+03 
2752750000 7.880325e+03 
2754900000 7.898425e+03 
2757050000 7.877425e+03 
2759200000 7.905925e+03 
2.761350e+09 7.895550e+03 
2763500000 7.890425e+03 
2765650000 7.881800e+03 
2767800000 7.872500e+03 
2.769950e+09 7.900075e+03 
2772100000 7.917600e+03 
2774250000 7.896375e+03 
2.776400e+09 7.886800e+03 
2778550000 7.900650e+03 
2780700000 7.886875e+03 
2782850000 7.904550e+03 
2785000000 7.860725e+03 
2787150000 7.873300e+03 
2789300000 7.890050e+03 
2791450000 7.891025e+03 
2793600000 7.888925e+03 
2795750000 7.897175e+03 
2797900000 7.886725e+03 
2.800050e+09 7.890650e+03 
2802200000 7.890125e+03 
2804350000 7.907400e+03 
2806500000 7.904675e+03 
2808650000 7.907025e+03 
2810800000 7.895625e+03 
2812950000 7.909425e+03 
2815100000 7.881050e+03 
2817250000 7.899675e+03 
2819400000 7.883825e+03 
2821550000 7.902225e+03 
2823700000 7.886825e+03 
2825850000 7.894800e+03 
2828000000 7.902550e+03 
2.830150e+09 7.887500e+03 
2832300000 7.893975e+03 
2834450000 7.908475e+03 
2836600000 7.904700e+03 
2838750000 7.898475e+03 
2840900000 7.911050e+03 
2843050000 7.920800e+03 
2845200000 7.906025e+03 
2847350000 7.888825e+03 
2849500000 7.907300e+03 
2851650000 7.891250e+03 
2853800000 7.916875e+03 
2855950000 7.909175e+03 
2858100000 7.914600e+03 
2.860250e+09 7.904425e+03 
2862400000 7.909300e+03 
2864550000 7.906325e+03 
2866700000 7.902950e+03 
2868850000 7.907550e+03 
2871000000 7.912250e+03 
2873150000 7.905450e+03 
2875300000 7.908600e+03 
2877450000 7.927575e+03 
2879600000 7.910275e+03 
2881750000 7.869275e+03 
2883900000 7.900050e+03 
2886050000 7.907175e+03 
2888200000 7.904375e+03 
2.890350e+09 7.907400e+03 
2892500000 7.880800e+03 
2894650000 7.892825e+03 
2896800000 7.918450e+03 
2898950000 7.899825e+03 
2901100000 7.901075e+03 
2903250000 7.918575e+03 
2905400000 7.906325e+03 
2907550000 7.907175e+03 
2909700000 7.904425e+03 
2911850000 7.902625e+03 
2914000000 7.909375e+03 
2916150000 7.893300e+03 
2918300000 7.916575e+03 
2920450000 7.899975e+03 
2922600000 7.937025e+03 
2924750000 7.923675e+03 
2926900000 7.921750e+03 
2929050000 7915 
2931200000 7.892475e+03 
2933350000 7.911850e+03 
2935500000 7.920225e+03 
2937650000 7.905500e+03 
2939800000 7.916175e+03 
2941950000 7.903575e+03 
2.944100e+09 7.916600e+03 
2946250000 7.921750e+03 
2948400000 7.904975e+03 
2950550000 7.920050e+03 
2952700000 7.916900e+03 
2954850000 7.923225e+03 
2957000000 7.916475e+03 
2959150000 7.914975e+03 
2961300000 7.916525e+03 
2963450000 7.940900e+03 
2965600000 7.909250e+03 
2967750000 7.900550e+03 
2969900000 7.915525e+03 
2972050000 7.879525e+03 
2974200000 7929 
2976350000 7.908950e+03 
2978500000 7.928075e+03 
2980650000 7.950400e+03 
2982800000 7.932575e+03 
2984950000 7.933950e+03 
2987100000 7.913075e+03 
2989250000 7.901825e+03 
2991400000 7.931400e+03 
2993550000 7.900125e+03 
2995700000 7.931975e+03 
2997850000 7.930025e+03 
3000000000 7.909025e+03 

END
