IGOR
WAVES/D/O sweep,sig(1) 
BEGIN
2570000000 8.107400e+03 
2.572150e+09 8.136025e+03 
2574300000 8.102150e+03 
2576450000 8.126175e+03 
2578600000 8.108950e+03 
2.580750e+09 8.110875e+03 
2582900000 8.104775e+03 
2585050000 8.126200e+03 
2.587200e+09 8.101350e+03 
2589350000 8.101475e+03 
2591500000 8.088425e+03 
2593650000 8.112650e+03 
2.595800e+09 8.101475e+03 
2597950000 8.115650e+03 
2600100000 8.099175e+03 
2.602250e+09 8.096775e+03 
2604400000 8.103200e+03 
2606550000 8.110500e+03 
2608700000 8.100775e+03 
2.610850e+09 8.128025e+03 
2613000000 8.122750e+03 
2615150000 8.116150e+03 
2.617300e+09 8.106825e+03 
2619450000 8.093725e+03 
2621600000 8.096600e+03 
2623750000 8.112650e+03 
2.625900e+09 8.115725e+03 
2628050000 8.084325e+03 
2630200000 8.107300e+03 
2.632350e+09 8.058550e+03 
2634500000 8.077400e+03 
2636650000 8.080875e+03 
2638800000 8.059525e+03 
2.640950e+09 8.077450e+03 
2643100000 8.068950e+03 
2645250000 8.091175e+03 
2.647400e+09 8.082425e+03 
2649550000 8.083725e+03 
2651700000 8.095525e+03 
2653850000 8.091450e+03 
2.656000e+09 8.119500e+03 
2658150000 8.093675e+03 
2660300000 8.085200e+03 
2.662450e+09 8.066625e+03 
2664600000 8.041875e+03 
2666750000 8.052750e+03 
2668900000 8.036575e+03 
2.671050e+09 8.037950e+03 
2673200000 8.017975e+03 
2675350000 8.057275e+03 
2677500000 8.067950e+03 
2679650000 8.074900e+03 
2681800000 8.074125e+03 
2683950000 8.095925e+03 
2.686100e+09 8.114825e+03 
2688250000 8.084800e+03 
2690400000 8.097400e+03 
2692550000 8.098925e+03 
2694700000 8.094450e+03 
2696850000 8.054275e+03 
2699000000 8.066925e+03 
2.701150e+09 8.062625e+03 
2703300000 8.057225e+03 
2705450000 8.026725e+03 
2707600000 8.062600e+03 
2.709750e+09 8.051300e+03 
2711900000 8.061625e+03 
2714050000 8.066375e+03 
2.716200e+09 8.088325e+03 
2718350000 8.089050e+03 
2720500000 8.128850e+03 
2722650000 8.132725e+03 
2724800000 8.086475e+03 
2726950000 8.090425e+03 
2729100000 8.099025e+03 
2.731250e+09 8.090450e+03 
2733400000 8.054500e+03 
2735550000 8.061275e+03 
2737700000 8.066575e+03 
2.739850e+09 8.086725e+03 
2742000000 8.075400e+03 
2744150000 8.109975e+03 
2.746300e+09 8.098450e+03 
2748450000 8.115600e+03 
2750600000 8.109300e+03 
2752750000 8.133025e+03 
2754900000 8.123625e+03 
2757050000 8.124875e+03 
2759200000 8.110150e+03 
2.761350e+09 8.118075e+03 
2763500000 8.125325e+03 
2765650000 8.106350e+03 
2767800000 8.133750e+03 
2.769950e+09 8.097075e+03 
2772100000 8.130175e+03 
2774250000 8.092375e+03 
2.776400e+09 8.120350e+03 
2778550000 8.113300e+03 
2780700000 8.124950e+03 
2782850000 8.117750e+03 
2785000000 8.145375e+03 
2787150000 8.146650e+03 
2789300000 8.116800e+03 
2791450000 8.118225e+03 
2793600000 8.102625e+03 
2795750000 8.095175e+03 
2797900000 8.106500e+03 
2.800050e+09 8.113550e+03 
2802200000 8.129875e+03 
2804350000 8.080800e+03 
2806500000 8.106225e+03 
2808650000 8.142975e+03 
2810800000 8.130625e+03 
2812950000 8.123800e+03 
2815100000 8.134275e+03 
2817250000 8.133875e+03 
2819400000 8.109500e+03 
2821550000 8.112750e+03 
2823700000 8.082250e+03 
2825850000 8.122325e+03 
2828000000 8.104250e+03 
2.830150e+09 8.127150e+03 
2832300000 8.094425e+03 
2834450000 8.120850e+03 
2836600000 8.135475e+03 
2838750000 8.100575e+03 
2840900000 8.128175e+03 
2843050000 8.149450e+03 
2845200000 8.116700e+03 
2847350000 8.121550e+03 
2849500000 8.142325e+03 
2851650000 8.114550e+03 
2853800000 8.153900e+03 
2855950000 8.135525e+03 
2858100000 8.104500e+03 
2.860250e+09 8.152525e+03 
2862400000 8.110525e+03 
2864550000 8.133775e+03 
2866700000 8.137250e+03 
2868850000 8.121950e+03 
2871000000 8.116975e+03 
2873150000 8.133350e+03 
2875300000 8.138875e+03 
2877450000 8.138800e+03 
2879600000 8.132375e+03 
2881750000 8.128750e+03 
2883900000 8.126600e+03 
2886050000 8.122775e+03 
2888200000 8.141700e+03 
2.890350e+09 8.133050e+03 
2892500000 8.116125e+03 
2894650000 8.121750e+03 
2896800000 8.138675e+03 
2898950000 8.132850e+03 
2901100000 8.140075e+03 
2903250000 8.150875e+03 
2905400000 8.141650e+03 
2907550000 8.127925e+03 
2909700000 8.115300e+03 
2911850000 8.121725e+03 
2914000000 8.130550e+03 
2916150000 8.141100e+03 
2918300000 8.138225e+03 
2920450000 8121 
2922600000 8.126875e+03 
2924750000 8.122575e+03 
2926900000 8.131800e+03 
2929050000 8.131950e+03 
2931200000 8.144075e+03 
2933350000 8.128325e+03 
2935500000 8.124325e+03 
2937650000 8.128725e+03 
2939800000 8.114825e+03 
2941950000 8.121225e+03 
2.944100e+09 8.119200e+03 
2946250000 8.128175e+03 
2948400000 8.101625e+03 
2950550000 8.142225e+03 
2952700000 8.145350e+03 
2954850000 8.107800e+03 
2957000000 8.162425e+03 
2959150000 8.142850e+03 
2961300000 8.152425e+03 
2963450000 8.160025e+03 
2965600000 8.144750e+03 
2967750000 8.159650e+03 
2969900000 8.138475e+03 
2972050000 8.151850e+03 
2974200000 8.126225e+03 
2976350000 8.157575e+03 
2978500000 8.135600e+03 
2980650000 8.145375e+03 
2982800000 8.137350e+03 
2984950000 8.148925e+03 
2987100000 8.137275e+03 
2989250000 8107 
2991400000 8.128625e+03 
2993550000 8.114525e+03 
2995700000 8.110275e+03 
2997850000 8.114775e+03 
3000000000 8.112400e+03 

END
