IGOR
WAVES/D/O sweep,sig(1) 
BEGIN
2570000000 8.061125e+03 
2.572150e+09 8.042825e+03 
2574300000 8.035075e+03 
2576450000 8.053650e+03 
2578600000 8.086750e+03 
2.580750e+09 8.065775e+03 
2582900000 8.085800e+03 
2585050000 8.075950e+03 
2.587200e+09 8.051500e+03 
2589350000 8.073575e+03 
2591500000 8.080100e+03 
2593650000 8.027775e+03 
2.595800e+09 8.075725e+03 
2597950000 8.045150e+03 
2600100000 8.051525e+03 
2.602250e+09 8.052925e+03 
2604400000 8.055525e+03 
2606550000 8.051325e+03 
2608700000 8.043875e+03 
2.610850e+09 8.076525e+03 
2613000000 8.044650e+03 
2615150000 8.067225e+03 
2.617300e+09 8.072250e+03 
2619450000 8.059575e+03 
2621600000 8.087900e+03 
2623750000 8.069925e+03 
2.625900e+09 8.049600e+03 
2628050000 8.049925e+03 
2630200000 8.052075e+03 
2.632350e+09 8.062025e+03 
2634500000 8056 
2636650000 8.012525e+03 
2638800000 8.030300e+03 
2.640950e+09 8.042150e+03 
2643100000 8.039650e+03 
2645250000 8.054300e+03 
2.647400e+09 8.070100e+03 
2649550000 8.082650e+03 
2651700000 8.067850e+03 
2653850000 8.059950e+03 
2.656000e+09 8.054975e+03 
2658150000 8.058450e+03 
2660300000 8.047300e+03 
2.662450e+09 8.066550e+03 
2664600000 8.054950e+03 
2666750000 8.015550e+03 
2668900000 8.028175e+03 
2.671050e+09 7.995675e+03 
2673200000 7.988300e+03 
2675350000 7.993450e+03 
2677500000 8.018700e+03 
2679650000 8.062525e+03 
2681800000 8.042075e+03 
2683950000 8.061375e+03 
2.686100e+09 8.066600e+03 
2688250000 8.086350e+03 
2690400000 8.063675e+03 
2692550000 8.055425e+03 
2694700000 8.050325e+03 
2696850000 8.043925e+03 
2699000000 8.041400e+03 
2.701150e+09 8.007075e+03 
2703300000 8.021575e+03 
2705450000 8.022150e+03 
2707600000 8.015150e+03 
2.709750e+09 7.997600e+03 
2711900000 8.023200e+03 
2714050000 8.016650e+03 
2.716200e+09 8.036525e+03 
2718350000 8.028900e+03 
2720500000 8.063175e+03 
2722650000 8.055525e+03 
2724800000 8.047525e+03 
2726950000 8.035900e+03 
2729100000 8.048175e+03 
2.731250e+09 8.050200e+03 
2733400000 8.042400e+03 
2735550000 8.041750e+03 
2737700000 8.031550e+03 
2.739850e+09 8.040250e+03 
2742000000 8.029950e+03 
2744150000 8.000050e+03 
2.746300e+09 8.040925e+03 
2748450000 8.039475e+03 
2750600000 8054 
2752750000 8.058575e+03 
2754900000 8.052075e+03 
2757050000 8.056825e+03 
2759200000 8.051600e+03 
2.761350e+09 8.051575e+03 
2763500000 8.060400e+03 
2765650000 8.046400e+03 
2767800000 8.057200e+03 
2.769950e+09 8.070525e+03 
2772100000 8.044050e+03 
2774250000 8.063550e+03 
2.776400e+09 8.079425e+03 
2778550000 8.027350e+03 
2780700000 8.034450e+03 
2782850000 8.058175e+03 
2785000000 8.040900e+03 
2787150000 8.064025e+03 
2789300000 8.028600e+03 
2791450000 8.058800e+03 
2793600000 8.038950e+03 
2795750000 8.064500e+03 
2797900000 8.057525e+03 
2.800050e+09 8.093200e+03 
2802200000 8.080525e+03 
2804350000 8.044450e+03 
2806500000 8.067450e+03 
2808650000 8.045850e+03 
2810800000 8.084375e+03 
2812950000 8.070100e+03 
2815100000 8.067325e+03 
2817250000 8.058325e+03 
2819400000 8.049850e+03 
2821550000 8.057450e+03 
2823700000 8.067725e+03 
2825850000 8.063175e+03 
2828000000 8.067600e+03 
2.830150e+09 8.065775e+03 
2832300000 8.045725e+03 
2834450000 8.086350e+03 
2836600000 8.090325e+03 
2838750000 8.077550e+03 
2840900000 8.086550e+03 
2843050000 8.059250e+03 
2845200000 8.088800e+03 
2847350000 8.079450e+03 
2849500000 8.053900e+03 
2851650000 8.082775e+03 
2853800000 8.070450e+03 
2855950000 8.057900e+03 
2858100000 8.069950e+03 
2.860250e+09 8.039675e+03 
2862400000 8.040925e+03 
2864550000 8.060125e+03 
2866700000 8.054025e+03 
2868850000 8.036250e+03 
2871000000 8.043200e+03 
2873150000 8.048775e+03 
2875300000 8.074400e+03 
2877450000 8.044525e+03 
2879600000 8.050425e+03 
2881750000 8.080050e+03 
2883900000 8.062875e+03 
2886050000 8.058100e+03 
2888200000 8.051625e+03 
2.890350e+09 8.087200e+03 
2892500000 8.064475e+03 
2894650000 8.057500e+03 
2896800000 8.079225e+03 
2898950000 8.066900e+03 
2901100000 8.047650e+03 
2903250000 8.070825e+03 
2905400000 8.061425e+03 
2907550000 8.081050e+03 
2909700000 8.056250e+03 
2911850000 8.044775e+03 
2914000000 8.033225e+03 
2916150000 8.062425e+03 
2918300000 8.076325e+03 
2920450000 8.099900e+03 
2922600000 8.042875e+03 
2924750000 8.057050e+03 
2926900000 8.032850e+03 
2929050000 8.041750e+03 
2931200000 8.072525e+03 
2933350000 8.063175e+03 
2935500000 8.078875e+03 
2937650000 8.066850e+03 
2939800000 8.054525e+03 
2941950000 8.080250e+03 
2.944100e+09 8.058975e+03 
2946250000 8.071800e+03 
2948400000 8.043800e+03 
2950550000 8.037575e+03 
2952700000 8.052875e+03 
2954850000 8.068550e+03 
2957000000 8.059600e+03 
2959150000 8.057575e+03 
2961300000 8.053575e+03 
2963450000 8.065575e+03 
2965600000 8.056925e+03 
2967750000 8.059600e+03 
2969900000 8.073750e+03 
2972050000 8.086700e+03 
2974200000 8.070600e+03 
2976350000 8.069725e+03 
2978500000 8.061525e+03 
2980650000 8.063450e+03 
2982800000 8.070825e+03 
2984950000 8.061525e+03 
2987100000 8.045600e+03 
2989250000 8.083450e+03 
2991400000 8.088825e+03 
2993550000 8.087350e+03 
2995700000 8.070550e+03 
2997850000 8.057750e+03 
3000000000 8.021725e+03 

END
