IGOR
WAVES/D/O sweep,sig(1) 
BEGIN
2570000000 7.949575e+03 
2.572150e+09 7.956950e+03 
2574300000 7.963825e+03 
2576450000 7.956775e+03 
2578600000 7.955500e+03 
2.580750e+09 7.935450e+03 
2582900000 7.932850e+03 
2585050000 7.955475e+03 
2.587200e+09 7.951975e+03 
2589350000 7.953925e+03 
2591500000 7.935375e+03 
2593650000 7.957725e+03 
2.595800e+09 7.946050e+03 
2597950000 7.939925e+03 
2600100000 7.942925e+03 
2.602250e+09 7.935100e+03 
2604400000 7.916225e+03 
2606550000 7.933275e+03 
2608700000 7.947075e+03 
2.610850e+09 7.977950e+03 
2613000000 7.939700e+03 
2615150000 7.935700e+03 
2.617300e+09 7.931925e+03 
2619450000 7.959875e+03 
2621600000 7941 
2623750000 7946 
2.625900e+09 7.951075e+03 
2628050000 7.923550e+03 
2630200000 7.946075e+03 
2.632350e+09 7.929575e+03 
2634500000 7.918275e+03 
2636650000 7.922475e+03 
2638800000 7.928175e+03 
2.640950e+09 7.904550e+03 
2643100000 7.910600e+03 
2645250000 7.915525e+03 
2.647400e+09 7.938450e+03 
2649550000 7.954950e+03 
2651700000 7.940375e+03 
2653850000 7.958200e+03 
2.656000e+09 7.953100e+03 
2658150000 7.954550e+03 
2660300000 7.946050e+03 
2.662450e+09 7.928525e+03 
2664600000 7.904475e+03 
2666750000 7.896700e+03 
2668900000 7.892175e+03 
2.671050e+09 7.883250e+03 
2673200000 7.912125e+03 
2675350000 7.910075e+03 
2677500000 7.930625e+03 
2679650000 7.929150e+03 
2681800000 7.934550e+03 
2683950000 7.939125e+03 
2.686100e+09 7.956550e+03 
2688250000 7.947450e+03 
2690400000 7.951975e+03 
2692550000 7.962500e+03 
2694700000 7.932325e+03 
2696850000 7.939725e+03 
2699000000 7934 
2.701150e+09 7.896350e+03 
2703300000 7.884125e+03 
2705450000 7.910300e+03 
2707600000 7.886075e+03 
2.709750e+09 7.884550e+03 
2711900000 7.898300e+03 
2714050000 7.901025e+03 
2.716200e+09 7.903100e+03 
2718350000 7.912275e+03 
2720500000 7.938600e+03 
2722650000 7.949600e+03 
2724800000 7.958925e+03 
2726950000 7.934175e+03 
2729100000 7.958625e+03 
2.731250e+09 7.915975e+03 
2733400000 7.919900e+03 
2735550000 7922 
2737700000 7.928850e+03 
2.739850e+09 7.890600e+03 
2742000000 7.926225e+03 
2744150000 7.921275e+03 
2.746300e+09 7.920050e+03 
2748450000 7.931850e+03 
2750600000 7.944800e+03 
2752750000 7.954675e+03 
2754900000 7.931950e+03 
2757050000 7.933550e+03 
2759200000 7.935275e+03 
2.761350e+09 7.942375e+03 
2763500000 7.965125e+03 
2765650000 7.948900e+03 
2767800000 7.914250e+03 
2.769950e+09 7.941875e+03 
2772100000 7.942875e+03 
2774250000 7.924800e+03 
2.776400e+09 7.923700e+03 
2778550000 7.935125e+03 
2780700000 7.927825e+03 
2782850000 7.943675e+03 
2785000000 7.940775e+03 
2787150000 7.939025e+03 
2789300000 7.930025e+03 
2791450000 7.937450e+03 
2793600000 7.939975e+03 
2795750000 7.946975e+03 
2797900000 7.942175e+03 
2.800050e+09 7.955125e+03 
2802200000 7.941500e+03 
2804350000 7.937350e+03 
2806500000 7.924175e+03 
2808650000 7.926400e+03 
2810800000 7.941575e+03 
2812950000 7.950825e+03 
2815100000 7.949575e+03 
2817250000 7.940900e+03 
2819400000 7.940275e+03 
2821550000 7.945400e+03 
2823700000 7.949350e+03 
2825850000 7.950700e+03 
2828000000 7.928650e+03 
2.830150e+09 7.948325e+03 
2832300000 7.936450e+03 
2834450000 7.965500e+03 
2836600000 7.935975e+03 
2838750000 7.954600e+03 
2840900000 7.943875e+03 
2843050000 7.950825e+03 
2845200000 7.948825e+03 
2847350000 7.945550e+03 
2849500000 7.960950e+03 
2851650000 7.944525e+03 
2853800000 7.936450e+03 
2855950000 7.930525e+03 
2858100000 7.956950e+03 
2.860250e+09 7.932450e+03 
2862400000 7.956025e+03 
2864550000 7.950300e+03 
2866700000 7.917750e+03 
2868850000 7934 
2871000000 7.958725e+03 
2873150000 7.958850e+03 
2875300000 7.947875e+03 
2877450000 7.918025e+03 
2879600000 7.918375e+03 
2881750000 7.910500e+03 
2883900000 7.955775e+03 
2886050000 7.928300e+03 
2888200000 7.915275e+03 
2.890350e+09 7.931925e+03 
2892500000 7.955900e+03 
2894650000 7.962850e+03 
2896800000 7.950775e+03 
2898950000 7.957975e+03 
2901100000 7961 
2903250000 7.944050e+03 
2905400000 7.929500e+03 
2907550000 7.920925e+03 
2909700000 7.942625e+03 
2911850000 7.946225e+03 
2914000000 7.928775e+03 
2916150000 7.934750e+03 
2918300000 7.936575e+03 
2920450000 7.936825e+03 
2922600000 7.923100e+03 
2924750000 7.944175e+03 
2926900000 7.943300e+03 
2929050000 7.921650e+03 
2931200000 7.947725e+03 
2933350000 7.957975e+03 
2935500000 7.923850e+03 
2937650000 7.922725e+03 
2939800000 7.947675e+03 
2941950000 7.931125e+03 
2.944100e+09 7.941750e+03 
2946250000 7.958425e+03 
2948400000 7.960450e+03 
2950550000 7.933750e+03 
2952700000 7.949050e+03 
2954850000 7.963550e+03 
2957000000 7.934600e+03 
2959150000 7.949350e+03 
2961300000 7.953100e+03 
2963450000 7.953950e+03 
2965600000 7.913800e+03 
2967750000 7.938500e+03 
2969900000 7.939900e+03 
2972050000 7.961250e+03 
2974200000 7.950750e+03 
2976350000 7.945175e+03 
2978500000 7945 
2980650000 7.964600e+03 
2982800000 7.931550e+03 
2984950000 7.952325e+03 
2987100000 7.925400e+03 
2989250000 7.954250e+03 
2991400000 7.960125e+03 
2993550000 7.927225e+03 
2995700000 7.945375e+03 
2997850000 7.935075e+03 
3000000000 7.924250e+03 

END
