IGOR
WAVES/D/O sweep,sig(1) 
BEGIN
2570000000 8.296725e+03 
2.572150e+09 8.304775e+03 
2574300000 8.298925e+03 
2576450000 8.318800e+03 
2578600000 8.276425e+03 
2.580750e+09 8.286950e+03 
2582900000 8.301450e+03 
2585050000 8.303300e+03 
2.587200e+09 8.317200e+03 
2589350000 8.269450e+03 
2591500000 8.314875e+03 
2593650000 8.288575e+03 
2.595800e+09 8.297425e+03 
2597950000 8.301175e+03 
2600100000 8.320450e+03 
2.602250e+09 8.279350e+03 
2604400000 8.308525e+03 
2606550000 8.302150e+03 
2608700000 8.307225e+03 
2.610850e+09 8.304550e+03 
2613000000 8.283425e+03 
2615150000 8.265275e+03 
2.617300e+09 8.301100e+03 
2619450000 8.288750e+03 
2621600000 8.277725e+03 
2623750000 8.288700e+03 
2.625900e+09 8.286850e+03 
2628050000 8.274200e+03 
2630200000 8.269650e+03 
2.632350e+09 8.270325e+03 
2634500000 8.282575e+03 
2636650000 8.246625e+03 
2638800000 8.261400e+03 
2.640950e+09 8.265200e+03 
2643100000 8.269525e+03 
2645250000 8.254250e+03 
2.647400e+09 8.262325e+03 
2649550000 8.273275e+03 
2651700000 8.273800e+03 
2653850000 8.325375e+03 
2.656000e+09 8.271700e+03 
2658150000 8.260600e+03 
2660300000 8.307425e+03 
2.662450e+09 8.263150e+03 
2664600000 8.277925e+03 
2666750000 8.228750e+03 
2668900000 8.243775e+03 
2.671050e+09 8.242525e+03 
2673200000 8.265500e+03 
2675350000 8.268175e+03 
2677500000 8.252200e+03 
2679650000 8.289550e+03 
2681800000 8.293825e+03 
2683950000 8.278625e+03 
2.686100e+09 8.293525e+03 
2688250000 8.303425e+03 
2690400000 8.283825e+03 
2692550000 8.285825e+03 
2694700000 8.293225e+03 
2696850000 8.331250e+03 
2699000000 8.271675e+03 
2.701150e+09 8.275725e+03 
2703300000 8.262525e+03 
2705450000 8.216575e+03 
2707600000 8.250950e+03 
2.709750e+09 8.257125e+03 
2711900000 8.235550e+03 
2714050000 8.278525e+03 
2.716200e+09 8.294525e+03 
2718350000 8.319900e+03 
2720500000 8.292475e+03 
2722650000 8.302475e+03 
2724800000 8.307950e+03 
2726950000 8.302975e+03 
2729100000 8.292225e+03 
2.731250e+09 8.287975e+03 
2733400000 8.277075e+03 
2735550000 8.271400e+03 
2737700000 8.274175e+03 
2.739850e+09 8.295250e+03 
2742000000 8.291075e+03 
2744150000 8.310875e+03 
2.746300e+09 8.314475e+03 
2748450000 8.301750e+03 
2750600000 8.305375e+03 
2752750000 8.267375e+03 
2754900000 8.322525e+03 
2757050000 8.335300e+03 
2759200000 8.328075e+03 
2.761350e+09 8.315575e+03 
2763500000 8.323725e+03 
2765650000 8.312825e+03 
2767800000 8.296575e+03 
2.769950e+09 8.286100e+03 
2772100000 8.319450e+03 
2774250000 8.321300e+03 
2.776400e+09 8.332375e+03 
2778550000 8.302300e+03 
2780700000 8.283825e+03 
2782850000 8.310925e+03 
2785000000 8.295125e+03 
2787150000 8.327375e+03 
2789300000 8.302650e+03 
2791450000 8.304225e+03 
2793600000 8.325525e+03 
2795750000 8.314650e+03 
2797900000 8.287650e+03 
2.800050e+09 8.296950e+03 
2802200000 8.327025e+03 
2804350000 8.324900e+03 
2806500000 8.300200e+03 
2808650000 8.316150e+03 
2810800000 8.305450e+03 
2812950000 8.304875e+03 
2815100000 8.283350e+03 
2817250000 8.321200e+03 
2819400000 8.306925e+03 
2821550000 8.322775e+03 
2823700000 8.294950e+03 
2825850000 8.316050e+03 
2828000000 8.309700e+03 
2.830150e+09 8.352250e+03 
2832300000 8.297025e+03 
2834450000 8.306375e+03 
2836600000 8.310950e+03 
2838750000 8301 
2840900000 8.300550e+03 
2843050000 8.308050e+03 
2845200000 8.312175e+03 
2847350000 8.319800e+03 
2849500000 8.325200e+03 
2851650000 8.303400e+03 
2853800000 8.293700e+03 
2855950000 8.283525e+03 
2858100000 8.323250e+03 
2.860250e+09 8.320500e+03 
2862400000 8.308400e+03 
2864550000 8.287900e+03 
2866700000 8.342275e+03 
2868850000 8.309400e+03 
2871000000 8.287075e+03 
2873150000 8.328725e+03 
2875300000 8.308750e+03 
2877450000 8.302650e+03 
2879600000 8.278250e+03 
2881750000 8.293750e+03 
2883900000 8.307300e+03 
2886050000 8.281825e+03 
2888200000 8.312750e+03 
2.890350e+09 8.297725e+03 
2892500000 8.317350e+03 
2894650000 8.319350e+03 
2896800000 8.310050e+03 
2898950000 8.304575e+03 
2901100000 8.340200e+03 
2903250000 8.287925e+03 
2905400000 8.333900e+03 
2907550000 8.317400e+03 
2909700000 8.316650e+03 
2911850000 8336 
2914000000 8.304775e+03 
2916150000 8.315800e+03 
2918300000 8.321950e+03 
2920450000 8.279375e+03 
2922600000 8.337325e+03 
2924750000 8.329700e+03 
2926900000 8.340475e+03 
2929050000 8.313800e+03 
2931200000 8.299250e+03 
2933350000 8.328650e+03 
2935500000 8.335300e+03 
2937650000 8.310150e+03 
2939800000 8.306625e+03 
2941950000 8.326375e+03 
2.944100e+09 8.331400e+03 
2946250000 8.319400e+03 
2948400000 8.336950e+03 
2950550000 8.325075e+03 
2952700000 8324 
2954850000 8.341625e+03 
2957000000 8.304600e+03 
2959150000 8.285800e+03 
2961300000 8.313125e+03 
2963450000 8.315175e+03 
2965600000 8.303750e+03 
2967750000 8.277175e+03 
2969900000 8.315300e+03 
2972050000 8.306725e+03 
2974200000 8290 
2976350000 8.306625e+03 
2978500000 8.306925e+03 
2980650000 8.303225e+03 
2982800000 8.291150e+03 
2984950000 8.291400e+03 
2987100000 8.311625e+03 
2989250000 8.290700e+03 
2991400000 8.319750e+03 
2993550000 8.297350e+03 
2995700000 8.294575e+03 
2997850000 8.318800e+03 
3000000000 8.303925e+03 

END
