IGOR
WAVES/D/O sweep,sig(1) 
BEGIN
2570000000 8.109950e+03 
2.572150e+09 8.093550e+03 
2574300000 8100 
2576450000 8.077275e+03 
2578600000 8.094275e+03 
2.580750e+09 8.095075e+03 
2582900000 8.124125e+03 
2585050000 8.101575e+03 
2.587200e+09 8.096925e+03 
2589350000 8.108900e+03 
2591500000 8.094075e+03 
2593650000 8.107900e+03 
2.595800e+09 8.087075e+03 
2597950000 8.088500e+03 
2600100000 8.091025e+03 
2.602250e+09 8.073500e+03 
2604400000 8.114775e+03 
2606550000 8.095425e+03 
2608700000 8.100075e+03 
2.610850e+09 8.110150e+03 
2613000000 8106 
2615150000 8.093100e+03 
2.617300e+09 8.105275e+03 
2619450000 8.073125e+03 
2621600000 8.082250e+03 
2623750000 8.117100e+03 
2.625900e+09 8.116875e+03 
2628050000 8.107175e+03 
2630200000 8.077525e+03 
2.632350e+09 8073 
2634500000 8.066550e+03 
2636650000 8.041575e+03 
2638800000 8.058650e+03 
2.640950e+09 8.043900e+03 
2643100000 8.093025e+03 
2645250000 8.100975e+03 
2.647400e+09 8.099075e+03 
2649550000 8.093375e+03 
2651700000 8.102100e+03 
2653850000 8.122625e+03 
2.656000e+09 8.123550e+03 
2658150000 8.097875e+03 
2660300000 8.089425e+03 
2.662450e+09 8.047275e+03 
2664600000 8.059900e+03 
2666750000 8.054325e+03 
2668900000 8.028825e+03 
2.671050e+09 8022 
2673200000 8.021600e+03 
2675350000 8.051900e+03 
2677500000 8.098675e+03 
2679650000 8.064500e+03 
2681800000 8.116575e+03 
2683950000 8.097850e+03 
2.686100e+09 8.124275e+03 
2688250000 8.100900e+03 
2690400000 8.127775e+03 
2692550000 8.125075e+03 
2694700000 8.122050e+03 
2696850000 8.086175e+03 
2699000000 8.091800e+03 
2.701150e+09 8.061525e+03 
2703300000 8068 
2705450000 8.035625e+03 
2707600000 8.048075e+03 
2.709750e+09 8.006250e+03 
2711900000 8.048125e+03 
2714050000 8.067575e+03 
2.716200e+09 8.084225e+03 
2718350000 8.090450e+03 
2720500000 8.104700e+03 
2722650000 8.123250e+03 
2724800000 8.103625e+03 
2726950000 8.080875e+03 
2729100000 8.093325e+03 
2.731250e+09 8.082725e+03 
2733400000 8.080750e+03 
2735550000 8066 
2737700000 8.062300e+03 
2.739850e+09 8.091200e+03 
2742000000 8.084400e+03 
2744150000 8.086225e+03 
2.746300e+09 8.074800e+03 
2748450000 8.108800e+03 
2750600000 8.120950e+03 
2752750000 8.094150e+03 
2754900000 8.120575e+03 
2757050000 8.126300e+03 
2759200000 8.115775e+03 
2.761350e+09 8.084250e+03 
2763500000 8.121175e+03 
2765650000 8.093975e+03 
2767800000 8.113675e+03 
2.769950e+09 8.117925e+03 
2772100000 8.110225e+03 
2774250000 8.101775e+03 
2.776400e+09 8.118400e+03 
2778550000 8.133525e+03 
2780700000 8.108525e+03 
2782850000 8.126625e+03 
2785000000 8.129800e+03 
2787150000 8.115925e+03 
2789300000 8.095075e+03 
2791450000 8.125850e+03 
2793600000 8.102075e+03 
2795750000 8.134525e+03 
2797900000 8.099275e+03 
2.800050e+09 8.088350e+03 
2802200000 8.111225e+03 
2804350000 8.129025e+03 
2806500000 8.093675e+03 
2808650000 8.126925e+03 
2810800000 8.112700e+03 
2812950000 8.128675e+03 
2815100000 8.124850e+03 
2817250000 8.085300e+03 
2819400000 8.121575e+03 
2821550000 8.093900e+03 
2823700000 8.122650e+03 
2825850000 8.130475e+03 
2828000000 8.100050e+03 
2.830150e+09 8.085675e+03 
2832300000 8.102675e+03 
2834450000 8.096550e+03 
2836600000 8.100750e+03 
2838750000 8.132025e+03 
2840900000 8.098525e+03 
2843050000 8.108175e+03 
2845200000 8.121225e+03 
2847350000 8.111050e+03 
2849500000 8.099400e+03 
2851650000 8.132425e+03 
2853800000 8.121500e+03 
2855950000 8.120025e+03 
2858100000 8.102900e+03 
2.860250e+09 8.130300e+03 
2862400000 8.130225e+03 
2864550000 8.122850e+03 
2866700000 8.096050e+03 
2868850000 8.103800e+03 
2871000000 8.092825e+03 
2873150000 8.106150e+03 
2875300000 8.125750e+03 
2877450000 8.088150e+03 
2879600000 8.113100e+03 
2881750000 8.123100e+03 
2883900000 8.119825e+03 
2886050000 8.123525e+03 
2888200000 8.093875e+03 
2.890350e+09 8.138475e+03 
2892500000 8.110600e+03 
2894650000 8.075500e+03 
2896800000 8.132225e+03 
2898950000 8.094850e+03 
2901100000 8.116100e+03 
2903250000 8.113775e+03 
2905400000 8.108200e+03 
2907550000 8.133975e+03 
2909700000 8.090125e+03 
2911850000 8.136250e+03 
2914000000 8.138175e+03 
2916150000 8.101775e+03 
2918300000 8.112225e+03 
2920450000 8.081525e+03 
2922600000 8.099700e+03 
2924750000 8.119700e+03 
2926900000 8.125425e+03 
2929050000 8.108800e+03 
2931200000 8.105775e+03 
2933350000 8.110550e+03 
2935500000 8.137300e+03 
2937650000 8.129275e+03 
2939800000 8.105825e+03 
2941950000 8.089975e+03 
2.944100e+09 8.134325e+03 
2946250000 8.118450e+03 
2948400000 8.097025e+03 
2950550000 8.121400e+03 
2952700000 8.127875e+03 
2954850000 8.125925e+03 
2957000000 8.121300e+03 
2959150000 8.144550e+03 
2961300000 8.122025e+03 
2963450000 8.115650e+03 
2965600000 8.120375e+03 
2967750000 8.139025e+03 
2969900000 8.123825e+03 
2972050000 8.125650e+03 
2974200000 8.122900e+03 
2976350000 8.115175e+03 
2978500000 8.097900e+03 
2980650000 8.113700e+03 
2982800000 8.088200e+03 
2984950000 8.100625e+03 
2987100000 8.098650e+03 
2989250000 8.112925e+03 
2991400000 8117 
2993550000 8102 
2995700000 8.120700e+03 
2997850000 8.120250e+03 
3000000000 8.118425e+03 

END
