IGOR
WAVES/D/O sweep,sig(1) 
BEGIN
2570000000 8007 
2.572150e+09 8.038950e+03 
2574300000 8.025125e+03 
2576450000 8.017500e+03 
2578600000 8.012025e+03 
2.580750e+09 8.009550e+03 
2582900000 8.011250e+03 
2585050000 8008 
2.587200e+09 8.039700e+03 
2589350000 8.016150e+03 
2591500000 7.991450e+03 
2593650000 8.004650e+03 
2.595800e+09 8.004275e+03 
2597950000 8.020225e+03 
2600100000 7.998225e+03 
2.602250e+09 8.032200e+03 
2604400000 8.045350e+03 
2606550000 8.015550e+03 
2608700000 8.036725e+03 
2.610850e+09 8.004650e+03 
2613000000 8.025025e+03 
2615150000 8.026550e+03 
2.617300e+09 8.025775e+03 
2619450000 7.994450e+03 
2621600000 8.001075e+03 
2623750000 8.009250e+03 
2.625900e+09 8.021750e+03 
2628050000 8.003475e+03 
2630200000 7.983375e+03 
2.632350e+09 8.010175e+03 
2634500000 7.983800e+03 
2636650000 7.986100e+03 
2638800000 8.010400e+03 
2.640950e+09 7.984100e+03 
2643100000 7.977875e+03 
2645250000 7.982850e+03 
2.647400e+09 7.980325e+03 
2649550000 8.016475e+03 
2651700000 8.015475e+03 
2653850000 8.008525e+03 
2.656000e+09 7.989675e+03 
2658150000 8.015575e+03 
2660300000 8.000675e+03 
2.662450e+09 7.969700e+03 
2664600000 7.978500e+03 
2666750000 7.951550e+03 
2668900000 7.955150e+03 
2.671050e+09 7.951275e+03 
2673200000 7.926650e+03 
2675350000 7.969725e+03 
2677500000 7.977475e+03 
2679650000 7993 
2681800000 8.000675e+03 
2683950000 8.009275e+03 
2.686100e+09 8.019150e+03 
2688250000 8.013900e+03 
2690400000 8.010425e+03 
2692550000 8.014150e+03 
2694700000 8.027850e+03 
2696850000 7.981950e+03 
2699000000 7.986975e+03 
2.701150e+09 7.992250e+03 
2703300000 7.956525e+03 
2705450000 7.954250e+03 
2707600000 7.942375e+03 
2.709750e+09 7.960850e+03 
2711900000 7.956750e+03 
2714050000 7973 
2.716200e+09 7.971825e+03 
2718350000 7.999400e+03 
2720500000 7.991175e+03 
2722650000 8.013275e+03 
2724800000 8.015475e+03 
2726950000 8.004800e+03 
2729100000 7.976050e+03 
2.731250e+09 7.974925e+03 
2733400000 7.982150e+03 
2735550000 7.950200e+03 
2737700000 7.942475e+03 
2.739850e+09 7.973225e+03 
2742000000 7.958275e+03 
2744150000 7.981650e+03 
2.746300e+09 7.984675e+03 
2748450000 7.960200e+03 
2750600000 8.004250e+03 
2752750000 7.991250e+03 
2754900000 7.988100e+03 
2757050000 7.987100e+03 
2759200000 7.998825e+03 
2.761350e+09 7.991700e+03 
2763500000 8.010050e+03 
2765650000 7.996125e+03 
2767800000 7.972425e+03 
2.769950e+09 8.012225e+03 
2772100000 8.006700e+03 
2774250000 8.004700e+03 
2.776400e+09 8.007225e+03 
2778550000 8.018125e+03 
2780700000 7.986725e+03 
2782850000 8.008050e+03 
2785000000 8.008475e+03 
2787150000 8018 
2789300000 7.984925e+03 
2791450000 7.982850e+03 
2793600000 8.000025e+03 
2795750000 8.003800e+03 
2797900000 8.011725e+03 
2.800050e+09 8.013425e+03 
2802200000 8.004475e+03 
2804350000 7.995875e+03 
2806500000 8.018025e+03 
2808650000 7.984150e+03 
2810800000 7.965800e+03 
2812950000 8.007050e+03 
2815100000 7.998150e+03 
2817250000 7.984625e+03 
2819400000 7.997450e+03 
2821550000 8.017200e+03 
2823700000 7.998425e+03 
2825850000 8.026125e+03 
2828000000 7.986600e+03 
2.830150e+09 7.982800e+03 
2832300000 8005 
2834450000 7.985950e+03 
2836600000 7.994650e+03 
2838750000 8.025975e+03 
2840900000 7.998075e+03 
2843050000 8.022100e+03 
2845200000 8.017700e+03 
2847350000 8.004350e+03 
2849500000 7.995750e+03 
2851650000 8.014525e+03 
2853800000 7.998325e+03 
2855950000 8.023050e+03 
2858100000 8.014350e+03 
2.860250e+09 8.003050e+03 
2862400000 7.980550e+03 
2864550000 8.010875e+03 
2866700000 8.002325e+03 
2868850000 8.007825e+03 
2871000000 8.000600e+03 
2873150000 7.968450e+03 
2875300000 7.984325e+03 
2877450000 7.967525e+03 
2879600000 7.987150e+03 
2881750000 7.997525e+03 
2883900000 7.997800e+03 
2886050000 8.021875e+03 
2888200000 8.000250e+03 
2.890350e+09 8.009175e+03 
2892500000 7.996025e+03 
2894650000 8.016225e+03 
2896800000 8.001200e+03 
2898950000 7.987575e+03 
2901100000 7.998275e+03 
2903250000 8.012800e+03 
2905400000 7.996400e+03 
2907550000 7.984700e+03 
2909700000 7.965125e+03 
2911850000 7.993525e+03 
2914000000 8.009875e+03 
2916150000 7.984525e+03 
2918300000 8.013725e+03 
2920450000 7.994300e+03 
2922600000 7.975950e+03 
2924750000 7.983925e+03 
2926900000 8.005500e+03 
2929050000 7.996300e+03 
2931200000 7.990300e+03 
2933350000 8.007625e+03 
2935500000 7.997600e+03 
2937650000 7.991200e+03 
2939800000 7.955500e+03 
2941950000 7.980425e+03 
2.944100e+09 7.989200e+03 
2946250000 7.986025e+03 
2948400000 7.978675e+03 
2950550000 7.995025e+03 
2952700000 7.972125e+03 
2954850000 7.972350e+03 
2957000000 7.974350e+03 
2959150000 7.962625e+03 
2961300000 7.984450e+03 
2963450000 7.957850e+03 
2965600000 7.984375e+03 
2967750000 7.979450e+03 
2969900000 7.996325e+03 
2972050000 7.972850e+03 
2974200000 7.978900e+03 
2976350000 7.971100e+03 
2978500000 7.990825e+03 
2980650000 7.980525e+03 
2982800000 7.968300e+03 
2984950000 7.968925e+03 
2987100000 7.971300e+03 
2989250000 7.970750e+03 
2991400000 7.964925e+03 
2993550000 7.978450e+03 
2995700000 7.983175e+03 
2997850000 7.976875e+03 
3000000000 7.960900e+03 

END
