IGOR
WAVES/D/O sweep,sig(1) 
BEGIN
2570000000 7.875750e+03 
2.572150e+09 7.841600e+03 
2574300000 7832 
2576450000 7.874900e+03 
2578600000 7.872075e+03 
2.580750e+09 7.879925e+03 
2582900000 7.845650e+03 
2585050000 7875 
2.587200e+09 7.865625e+03 
2589350000 7.879275e+03 
2591500000 7.857075e+03 
2593650000 7.879925e+03 
2.595800e+09 7.869500e+03 
2597950000 7.862925e+03 
2600100000 7.876700e+03 
2.602250e+09 7.864725e+03 
2604400000 7.855575e+03 
2606550000 7.857050e+03 
2608700000 7.866150e+03 
2.610850e+09 7.857875e+03 
2613000000 7.880225e+03 
2615150000 7.853925e+03 
2.617300e+09 7.840925e+03 
2619450000 7.844700e+03 
2621600000 7.875925e+03 
2623750000 7.883575e+03 
2.625900e+09 7.848625e+03 
2628050000 7.803200e+03 
2630200000 7.855400e+03 
2.632350e+09 7.826975e+03 
2634500000 7.836625e+03 
2636650000 7.802975e+03 
2638800000 7.845425e+03 
2.640950e+09 7.813750e+03 
2643100000 7823 
2645250000 7.844075e+03 
2.647400e+09 7.855650e+03 
2649550000 7.902375e+03 
2651700000 7.855675e+03 
2653850000 7.833875e+03 
2.656000e+09 7.902125e+03 
2658150000 7.887300e+03 
2660300000 7.826500e+03 
2.662450e+09 7.819525e+03 
2664600000 7.831200e+03 
2666750000 7.838050e+03 
2668900000 7.798050e+03 
2.671050e+09 7.797125e+03 
2673200000 7.811625e+03 
2675350000 7.835950e+03 
2677500000 7.837825e+03 
2679650000 7.844450e+03 
2681800000 7.851350e+03 
2683950000 7.894900e+03 
2.686100e+09 7.860400e+03 
2688250000 7.837850e+03 
2690400000 7.861875e+03 
2692550000 7.874650e+03 
2694700000 7.851225e+03 
2696850000 7.846550e+03 
2699000000 7.825900e+03 
2.701150e+09 7.821275e+03 
2703300000 7.825750e+03 
2705450000 7.792750e+03 
2707600000 7.796050e+03 
2.709750e+09 7.811525e+03 
2711900000 7.831400e+03 
2714050000 7.849600e+03 
2.716200e+09 7.819550e+03 
2718350000 7.854325e+03 
2720500000 7.856675e+03 
2722650000 7.841700e+03 
2724800000 7.873600e+03 
2726950000 7.878825e+03 
2729100000 7.886825e+03 
2.731250e+09 7.834300e+03 
2733400000 7.833025e+03 
2735550000 7.844100e+03 
2737700000 7.872475e+03 
2.739850e+09 7.838575e+03 
2742000000 7.839425e+03 
2744150000 7.859400e+03 
2.746300e+09 7.859800e+03 
2748450000 7.829450e+03 
2750600000 7851 
2752750000 7.859875e+03 
2754900000 7.873100e+03 
2757050000 7.859250e+03 
2759200000 7.856025e+03 
2.761350e+09 7873 
2763500000 7.857550e+03 
2765650000 7.874200e+03 
2767800000 7.858900e+03 
2.769950e+09 7.879025e+03 
2772100000 7.901550e+03 
2774250000 7.862325e+03 
2.776400e+09 7.861975e+03 
2778550000 7.873525e+03 
2780700000 7.908575e+03 
2782850000 7.849900e+03 
2785000000 7.840350e+03 
2787150000 7.854750e+03 
2789300000 7.911050e+03 
2791450000 7872 
2793600000 7.872150e+03 
2795750000 7860 
2797900000 7.883025e+03 
2.800050e+09 7.891625e+03 
2802200000 7.873775e+03 
2804350000 7.879750e+03 
2806500000 7.871225e+03 
2808650000 7.855650e+03 
2810800000 7.854325e+03 
2812950000 7.858575e+03 
2815100000 7.903375e+03 
2817250000 7.882725e+03 
2819400000 7.864125e+03 
2821550000 7.826400e+03 
2823700000 7.891350e+03 
2825850000 7.894825e+03 
2828000000 7.881550e+03 
2.830150e+09 7.883175e+03 
2832300000 7.867575e+03 
2834450000 7.891600e+03 
2836600000 7.865350e+03 
2838750000 7.847775e+03 
2840900000 7.883175e+03 
2843050000 7.870850e+03 
2845200000 7.878725e+03 
2847350000 7.864575e+03 
2849500000 7.894150e+03 
2851650000 7.878075e+03 
2853800000 7.860900e+03 
2855950000 7.876575e+03 
2858100000 7.880850e+03 
2.860250e+09 7.886775e+03 
2862400000 7.867050e+03 
2864550000 7.863175e+03 
2866700000 7.893250e+03 
2868850000 7.899500e+03 
2871000000 7.870325e+03 
2873150000 7.872800e+03 
2875300000 7.908575e+03 
2877450000 7.868125e+03 
2879600000 7.882575e+03 
2881750000 7.888625e+03 
2883900000 7.868450e+03 
2886050000 7.892250e+03 
2888200000 7.891950e+03 
2.890350e+09 7.881150e+03 
2892500000 7.874650e+03 
2894650000 7.912400e+03 
2896800000 7.895775e+03 
2898950000 7.845925e+03 
2901100000 7.866400e+03 
2903250000 7.900650e+03 
2905400000 7.894925e+03 
2907550000 7.875575e+03 
2909700000 7.882750e+03 
2911850000 7.896550e+03 
2914000000 7.896750e+03 
2916150000 7.880975e+03 
2918300000 7.888600e+03 
2920450000 7916 
2922600000 7.902975e+03 
2924750000 7.875675e+03 
2926900000 7.879925e+03 
2929050000 7.886850e+03 
2931200000 7.908625e+03 
2933350000 7.877150e+03 
2935500000 7.839125e+03 
2937650000 7.910500e+03 
2939800000 7.872100e+03 
2941950000 7.887800e+03 
2.944100e+09 7.857475e+03 
2946250000 7.886675e+03 
2948400000 7.889475e+03 
2950550000 7.856275e+03 
2952700000 7.884950e+03 
2954850000 7.881525e+03 
2957000000 7.890825e+03 
2959150000 7.865600e+03 
2961300000 7.879800e+03 
2963450000 7.881450e+03 
2965600000 7.922775e+03 
2967750000 7.911750e+03 
2969900000 7.867650e+03 
2972050000 7.877875e+03 
2974200000 7.906200e+03 
2976350000 7920 
2978500000 7.860675e+03 
2980650000 7.876300e+03 
2982800000 7.893525e+03 
2984950000 7.866425e+03 
2987100000 7.857225e+03 
2989250000 7.855100e+03 
2991400000 7.904450e+03 
2993550000 7.909950e+03 
2995700000 7.866300e+03 
2997850000 7.860775e+03 
3000000000 7.883250e+03 

END
