IGOR
WAVES/D/O sweep,sig(1) 
BEGIN
2570000000 8.038025e+03 
2.572150e+09 8.053950e+03 
2574300000 8.053625e+03 
2576450000 8.065400e+03 
2578600000 8.062375e+03 
2.580750e+09 8.079600e+03 
2582900000 8.063150e+03 
2585050000 8.058350e+03 
2.587200e+09 8.058750e+03 
2589350000 8.077725e+03 
2591500000 8.067400e+03 
2593650000 8.048650e+03 
2.595800e+09 8.065625e+03 
2597950000 8.088150e+03 
2600100000 8.075325e+03 
2.602250e+09 8.078775e+03 
2604400000 8085 
2606550000 8.074925e+03 
2608700000 8.100500e+03 
2.610850e+09 8.053100e+03 
2613000000 8.043650e+03 
2615150000 8.053800e+03 
2.617300e+09 8.078850e+03 
2619450000 8.070900e+03 
2621600000 8.055925e+03 
2623750000 8.050225e+03 
2.625900e+09 8.101650e+03 
2628050000 8.057325e+03 
2630200000 8.050375e+03 
2.632350e+09 8.026600e+03 
2634500000 8.065075e+03 
2636650000 8.037350e+03 
2638800000 8.024850e+03 
2.640950e+09 8.047350e+03 
2643100000 8.040900e+03 
2645250000 8.064425e+03 
2.647400e+09 8.049650e+03 
2649550000 8.036825e+03 
2651700000 8.084775e+03 
2653850000 8.074550e+03 
2.656000e+09 8.062225e+03 
2658150000 8.057025e+03 
2660300000 8.062350e+03 
2.662450e+09 8.024725e+03 
2664600000 8.028175e+03 
2666750000 7.985550e+03 
2668900000 7.992600e+03 
2.671050e+09 7.991425e+03 
2673200000 8.004675e+03 
2675350000 7.979675e+03 
2677500000 8.038275e+03 
2679650000 8.035250e+03 
2681800000 8.072550e+03 
2683950000 8.054500e+03 
2.686100e+09 8.079375e+03 
2688250000 8.075825e+03 
2690400000 8.076500e+03 
2692550000 8.044325e+03 
2694700000 8.061975e+03 
2696850000 8.053975e+03 
2699000000 8.042700e+03 
2.701150e+09 8.030050e+03 
2703300000 8.031025e+03 
2705450000 8.023475e+03 
2707600000 7.994275e+03 
2.709750e+09 7.972825e+03 
2711900000 8.001975e+03 
2714050000 8.017500e+03 
2.716200e+09 8.019025e+03 
2718350000 8.037650e+03 
2720500000 8.042650e+03 
2722650000 8.054975e+03 
2724800000 8.072150e+03 
2726950000 8.066375e+03 
2729100000 8.050525e+03 
2.731250e+09 8.051200e+03 
2733400000 8.046575e+03 
2735550000 8.005975e+03 
2737700000 8.013250e+03 
2.739850e+09 8.023425e+03 
2742000000 8.037575e+03 
2744150000 8.041150e+03 
2.746300e+09 8.015600e+03 
2748450000 8.048900e+03 
2750600000 8.055550e+03 
2752750000 8.053900e+03 
2754900000 8.030425e+03 
2757050000 8.063700e+03 
2759200000 8.086375e+03 
2.761350e+09 8.068475e+03 
2763500000 8.068575e+03 
2765650000 8.078700e+03 
2767800000 8.057125e+03 
2.769950e+09 8.079975e+03 
2772100000 8.064825e+03 
2774250000 8.071950e+03 
2.776400e+09 8.090675e+03 
2778550000 8.075100e+03 
2780700000 8.069575e+03 
2782850000 8063 
2785000000 8.076300e+03 
2787150000 8.050025e+03 
2789300000 8.049625e+03 
2791450000 8.027300e+03 
2793600000 8.047250e+03 
2795750000 8.069175e+03 
2797900000 8.053800e+03 
2.800050e+09 8.035650e+03 
2802200000 8.071925e+03 
2804350000 8.079400e+03 
2806500000 8.076475e+03 
2808650000 8.074250e+03 
2810800000 8.080350e+03 
2812950000 8.083475e+03 
2815100000 8.071825e+03 
2817250000 8.062850e+03 
2819400000 8.066400e+03 
2821550000 8.064275e+03 
2823700000 8.057250e+03 
2825850000 8.060500e+03 
2828000000 8.063050e+03 
2.830150e+09 8.069125e+03 
2832300000 8064 
2834450000 8.042625e+03 
2836600000 8.064300e+03 
2838750000 8.081675e+03 
2840900000 8.074175e+03 
2843050000 8.045500e+03 
2845200000 8.055975e+03 
2847350000 8.053750e+03 
2849500000 8.058325e+03 
2851650000 8.046325e+03 
2853800000 8.091675e+03 
2855950000 8.096075e+03 
2858100000 8.055700e+03 
2.860250e+09 8.055825e+03 
2862400000 8.054375e+03 
2864550000 8.061575e+03 
2866700000 8.061450e+03 
2868850000 8.064700e+03 
2871000000 8.060850e+03 
2873150000 8.078850e+03 
2875300000 8.096800e+03 
2877450000 8.067950e+03 
2879600000 8.082150e+03 
2881750000 8.072850e+03 
2883900000 8.087950e+03 
2886050000 8.089775e+03 
2888200000 8.061925e+03 
2.890350e+09 8.051750e+03 
2892500000 8.064500e+03 
2894650000 8.041875e+03 
2896800000 8.061975e+03 
2898950000 8.061275e+03 
2901100000 8.077950e+03 
2903250000 8.061700e+03 
2905400000 8061 
2907550000 8.095475e+03 
2909700000 8.073425e+03 
2911850000 8.053375e+03 
2914000000 8.057700e+03 
2916150000 8.082700e+03 
2918300000 8.075375e+03 
2920450000 8.078150e+03 
2922600000 8.071925e+03 
2924750000 8065 
2926900000 8.041450e+03 
2929050000 8.072925e+03 
2931200000 8.026275e+03 
2933350000 8.071375e+03 
2935500000 8062 
2937650000 8.058500e+03 
2939800000 8.036875e+03 
2941950000 8.077250e+03 
2.944100e+09 8.082750e+03 
2946250000 8.075075e+03 
2948400000 8.067400e+03 
2950550000 8.042450e+03 
2952700000 8.083400e+03 
2954850000 8.074975e+03 
2957000000 8.054975e+03 
2959150000 8.030175e+03 
2961300000 8.048125e+03 
2963450000 8.078975e+03 
2965600000 8.042700e+03 
2967750000 8.062650e+03 
2969900000 8.088825e+03 
2972050000 8.073600e+03 
2974200000 8.051175e+03 
2976350000 8.043625e+03 
2978500000 8.068300e+03 
2980650000 8.057375e+03 
2982800000 8.043225e+03 
2984950000 8.062675e+03 
2987100000 8.064800e+03 
2989250000 8.054975e+03 
2991400000 8.077400e+03 
2993550000 8.067525e+03 
2995700000 8.079525e+03 
2997850000 8.071300e+03 
3000000000 8.068775e+03 

END
