IGOR
WAVES/D/O sweep,sig(1) 
BEGIN
2570000000 8.042350e+03 
2.572150e+09 7.994500e+03 
2574300000 8.006900e+03 
2576450000 8.025075e+03 
2578600000 7.988125e+03 
2.580750e+09 8.020175e+03 
2582900000 8.012425e+03 
2585050000 8.042975e+03 
2.587200e+09 8.005650e+03 
2589350000 8.014400e+03 
2591500000 8.025450e+03 
2593650000 8.018800e+03 
2.595800e+09 8.020725e+03 
2597950000 8.006175e+03 
2600100000 8.020900e+03 
2.602250e+09 8.026900e+03 
2604400000 8.011550e+03 
2606550000 8.036500e+03 
2608700000 8.010350e+03 
2.610850e+09 8.020725e+03 
2613000000 8.022825e+03 
2615150000 8.014500e+03 
2.617300e+09 8.009475e+03 
2619450000 8.015500e+03 
2621600000 8.015800e+03 
2623750000 8.022825e+03 
2.625900e+09 8.009475e+03 
2628050000 8.015500e+03 
2630200000 7.987025e+03 
2.632350e+09 7.996850e+03 
2634500000 7993 
2636650000 8.001125e+03 
2638800000 7.992700e+03 
2.640950e+09 7.986600e+03 
2643100000 7.986150e+03 
2645250000 7.994450e+03 
2.647400e+09 8.008225e+03 
2649550000 8.011300e+03 
2651700000 8.040925e+03 
2653850000 8.019950e+03 
2.656000e+09 8.003300e+03 
2658150000 7.992500e+03 
2660300000 7.983275e+03 
2.662450e+09 7.997375e+03 
2664600000 7.982975e+03 
2666750000 7.966150e+03 
2668900000 7.965350e+03 
2.671050e+09 7965 
2673200000 7964 
2675350000 7.995900e+03 
2677500000 7.992475e+03 
2679650000 7.993050e+03 
2681800000 8.002825e+03 
2683950000 8.031375e+03 
2.686100e+09 8.009225e+03 
2688250000 7.998850e+03 
2690400000 8.030900e+03 
2692550000 8.027800e+03 
2694700000 8.011675e+03 
2696850000 8.008700e+03 
2699000000 8.001075e+03 
2.701150e+09 7.977325e+03 
2703300000 7.961400e+03 
2705450000 7.962850e+03 
2707600000 7.949125e+03 
2.709750e+09 7.948450e+03 
2711900000 7.953800e+03 
2714050000 7.990050e+03 
2.716200e+09 7.992750e+03 
2718350000 8.026675e+03 
2720500000 8.025750e+03 
2722650000 8.018600e+03 
2724800000 8.025875e+03 
2726950000 8.007800e+03 
2729100000 8.006625e+03 
2.731250e+09 8.007025e+03 
2733400000 7.982425e+03 
2735550000 7.995500e+03 
2737700000 7.991450e+03 
2.739850e+09 7.990850e+03 
2742000000 7.993500e+03 
2744150000 8.004575e+03 
2.746300e+09 7.989375e+03 
2748450000 8.007100e+03 
2750600000 8030 
2752750000 8.038650e+03 
2754900000 8.015200e+03 
2757050000 7.998425e+03 
2759200000 8.033150e+03 
2.761350e+09 8.010275e+03 
2763500000 8.033200e+03 
2765650000 8.004625e+03 
2767800000 8.002750e+03 
2.769950e+09 8014 
2772100000 8.020225e+03 
2774250000 8.008300e+03 
2.776400e+09 8.015625e+03 
2778550000 8.018375e+03 
2780700000 8.029600e+03 
2782850000 8.024325e+03 
2785000000 8.036050e+03 
2787150000 8.031500e+03 
2789300000 8.019800e+03 
2791450000 8.014250e+03 
2793600000 8.002775e+03 
2795750000 7.996750e+03 
2797900000 8.008225e+03 
2.800050e+09 7.975600e+03 
2802200000 8.011600e+03 
2804350000 8.016075e+03 
2806500000 8.008550e+03 
2808650000 8.009625e+03 
2810800000 7.987625e+03 
2812950000 8.010900e+03 
2815100000 8.009475e+03 
2817250000 8.004100e+03 
2819400000 7.979775e+03 
2821550000 8.000700e+03 
2823700000 7.983900e+03 
2825850000 8.023975e+03 
2828000000 8.028850e+03 
2.830150e+09 7.991950e+03 
2832300000 8.002050e+03 
2834450000 8.020325e+03 
2836600000 8.009625e+03 
2838750000 7.989825e+03 
2840900000 8.015025e+03 
2843050000 8.002250e+03 
2845200000 8.007125e+03 
2847350000 8.002750e+03 
2849500000 8.020300e+03 
2851650000 7.987375e+03 
2853800000 7.997275e+03 
2855950000 8005 
2858100000 7.983500e+03 
2.860250e+09 7.997350e+03 
2862400000 7.996975e+03 
2864550000 7.987300e+03 
2866700000 8.009675e+03 
2868850000 7.994925e+03 
2871000000 7.995925e+03 
2873150000 7.987100e+03 
2875300000 7.977850e+03 
2877450000 7998 
2879600000 8.004300e+03 
2881750000 8.001600e+03 
2883900000 7.982700e+03 
2886050000 7.971375e+03 
2888200000 8.001400e+03 
2.890350e+09 8.017825e+03 
2892500000 7.977525e+03 
2894650000 7.987725e+03 
2896800000 7.996425e+03 
2898950000 7.971975e+03 
2901100000 7.988475e+03 
2903250000 8.023875e+03 
2905400000 7.989925e+03 
2907550000 7.972825e+03 
2909700000 7.989050e+03 
2911850000 8.017375e+03 
2914000000 7973 
2916150000 7.998550e+03 
2918300000 7.985025e+03 
2920450000 7.984500e+03 
2922600000 7.996875e+03 
2924750000 7.998050e+03 
2926900000 8.018125e+03 
2929050000 7.986850e+03 
2931200000 7.988325e+03 
2933350000 7.991925e+03 
2935500000 7.990200e+03 
2937650000 7.997350e+03 
2939800000 8.016550e+03 
2941950000 8.019750e+03 
2.944100e+09 8.001950e+03 
2946250000 8.000125e+03 
2948400000 7.997775e+03 
2950550000 8.010275e+03 
2952700000 7.998100e+03 
2954850000 8.009575e+03 
2957000000 7.993775e+03 
2959150000 7.985125e+03 
2961300000 7.987425e+03 
2963450000 8.020475e+03 
2965600000 7.982350e+03 
2967750000 7.995200e+03 
2969900000 8.005950e+03 
2972050000 7977 
2974200000 7.973525e+03 
2976350000 7.989075e+03 
2978500000 8.001950e+03 
2980650000 7.995875e+03 
2982800000 8.006525e+03 
2984950000 7.981175e+03 
2987100000 7.987825e+03 
2989250000 7.992175e+03 
2991400000 8.016675e+03 
2993550000 7.995375e+03 
2995700000 7.995150e+03 
2997850000 7.997925e+03 
3000000000 8.023100e+03 

END
