IGOR
WAVES/D/O sweep,sig(1) 
BEGIN
2570000000 8.056625e+03 
2.572150e+09 8.060025e+03 
2574300000 8.057900e+03 
2576450000 8.046175e+03 
2578600000 8.029425e+03 
2.580750e+09 8.062575e+03 
2582900000 8.051475e+03 
2585050000 8.032825e+03 
2.587200e+09 8.040975e+03 
2589350000 8.022600e+03 
2591500000 8.042350e+03 
2593650000 8.035475e+03 
2.595800e+09 8.003550e+03 
2597950000 8.054775e+03 
2600100000 8.048525e+03 
2.602250e+09 8.010500e+03 
2604400000 8.021850e+03 
2606550000 8.027875e+03 
2608700000 8.012775e+03 
2.610850e+09 8.031375e+03 
2613000000 8.015525e+03 
2615150000 8048 
2.617300e+09 8.037475e+03 
2619450000 8050 
2621600000 8.054975e+03 
2623750000 8.062325e+03 
2.625900e+09 8.033800e+03 
2628050000 8.032750e+03 
2630200000 8.036850e+03 
2.632350e+09 8.031300e+03 
2634500000 8.022875e+03 
2636650000 7.996150e+03 
2638800000 7.998275e+03 
2.640950e+09 8.022875e+03 
2643100000 8.007500e+03 
2645250000 8.026200e+03 
2.647400e+09 8.017525e+03 
2649550000 8.024275e+03 
2651700000 8.035500e+03 
2653850000 8.023825e+03 
2.656000e+09 8.038475e+03 
2658150000 8.025075e+03 
2660300000 8.028575e+03 
2.662450e+09 7.997025e+03 
2664600000 8.000650e+03 
2666750000 8.004875e+03 
2668900000 7.986925e+03 
2.671050e+09 7.996650e+03 
2673200000 7.970600e+03 
2675350000 7.977400e+03 
2677500000 8.018650e+03 
2679650000 8.022225e+03 
2681800000 8.021725e+03 
2683950000 8.045050e+03 
2.686100e+09 8.066875e+03 
2688250000 8.057725e+03 
2690400000 8.053050e+03 
2692550000 8.064725e+03 
2694700000 8.030425e+03 
2696850000 8.030250e+03 
2699000000 8.017925e+03 
2.701150e+09 7.990100e+03 
2703300000 8010 
2705450000 7.995125e+03 
2707600000 7.997525e+03 
2.709750e+09 7.974475e+03 
2711900000 7.995825e+03 
2714050000 7.997925e+03 
2.716200e+09 8.033575e+03 
2718350000 8.007350e+03 
2720500000 8.052350e+03 
2722650000 8.024775e+03 
2724800000 8.029950e+03 
2726950000 8.058075e+03 
2729100000 8.025975e+03 
2.731250e+09 8.034925e+03 
2733400000 8.003675e+03 
2735550000 8.016450e+03 
2737700000 7.988250e+03 
2.739850e+09 8.004050e+03 
2742000000 7.996800e+03 
2744150000 8.013225e+03 
2.746300e+09 8.036275e+03 
2748450000 8.024350e+03 
2750600000 8.052175e+03 
2752750000 8.032775e+03 
2754900000 8.047775e+03 
2757050000 8.035525e+03 
2759200000 8.032500e+03 
2.761350e+09 8.012425e+03 
2763500000 8.017600e+03 
2765650000 8.061700e+03 
2767800000 8.016575e+03 
2.769950e+09 8.024875e+03 
2772100000 8.036025e+03 
2774250000 8.058575e+03 
2.776400e+09 8.046425e+03 
2778550000 8.042275e+03 
2780700000 8.032525e+03 
2782850000 8.029125e+03 
2785000000 8.025175e+03 
2787150000 8032 
2789300000 8.033375e+03 
2791450000 8.038050e+03 
2793600000 8.041750e+03 
2795750000 8.041475e+03 
2797900000 8.031725e+03 
2.800050e+09 8.034425e+03 
2802200000 8.032375e+03 
2804350000 8.055100e+03 
2806500000 8.050325e+03 
2808650000 8.030175e+03 
2810800000 8.054500e+03 
2812950000 8.037400e+03 
2815100000 8.042525e+03 
2817250000 8.015200e+03 
2819400000 8.028250e+03 
2821550000 8.051325e+03 
2823700000 8.037900e+03 
2825850000 8.035175e+03 
2828000000 8.036950e+03 
2.830150e+09 8.068200e+03 
2832300000 8.037975e+03 
2834450000 8.066350e+03 
2836600000 8.069950e+03 
2838750000 8.067950e+03 
2840900000 8025 
2843050000 8.046125e+03 
2845200000 8.058350e+03 
2847350000 8.068350e+03 
2849500000 8.076775e+03 
2851650000 8.040825e+03 
2853800000 8.061375e+03 
2855950000 8.032125e+03 
2858100000 8.055750e+03 
2.860250e+09 8.034725e+03 
2862400000 8.069625e+03 
2864550000 8.041600e+03 
2866700000 8.048725e+03 
2868850000 8060 
2871000000 8.041125e+03 
2873150000 8049 
2875300000 8.064850e+03 
2877450000 8.042575e+03 
2879600000 8.070425e+03 
2881750000 8.067275e+03 
2883900000 8.031050e+03 
2886050000 8.062900e+03 
2888200000 8.031575e+03 
2.890350e+09 8.076225e+03 
2892500000 8.074750e+03 
2894650000 8.048275e+03 
2896800000 8.075925e+03 
2898950000 8.056650e+03 
2901100000 8.054125e+03 
2903250000 8.051600e+03 
2905400000 8.046400e+03 
2907550000 8.035500e+03 
2909700000 8.055725e+03 
2911850000 8.063425e+03 
2914000000 8.027750e+03 
2916150000 8.053950e+03 
2918300000 8.065025e+03 
2920450000 8.068625e+03 
2922600000 8.055125e+03 
2924750000 8.063100e+03 
2926900000 8.060400e+03 
2929050000 8.067825e+03 
2931200000 8.066525e+03 
2933350000 8.069500e+03 
2935500000 8.067075e+03 
2937650000 8.083175e+03 
2939800000 8.062825e+03 
2941950000 8.074525e+03 
2.944100e+09 8.070700e+03 
2946250000 8.073825e+03 
2948400000 8.077425e+03 
2950550000 8.069900e+03 
2952700000 8.080125e+03 
2954850000 8.077450e+03 
2957000000 8.059700e+03 
2959150000 8.067100e+03 
2961300000 8.081900e+03 
2963450000 8.070150e+03 
2965600000 8.072650e+03 
2967750000 8.049350e+03 
2969900000 8.052975e+03 
2972050000 8.070300e+03 
2974200000 8.083800e+03 
2976350000 8.050075e+03 
2978500000 8.068375e+03 
2980650000 8.076300e+03 
2982800000 8.080225e+03 
2984950000 8.062850e+03 
2987100000 8.072075e+03 
2989250000 8.069125e+03 
2991400000 8.068225e+03 
2993550000 8.083900e+03 
2995700000 8.032875e+03 
2997850000 8.056650e+03 
3000000000 8.062925e+03 

END
