IGOR
WAVES/D/O sweep,sig(1) 
BEGIN
2570000000 7.978200e+03 
2.572150e+09 7.973300e+03 
2574300000 7.961050e+03 
2576450000 7.959950e+03 
2578600000 7.962900e+03 
2.580750e+09 7.958175e+03 
2582900000 7.969725e+03 
2585050000 7.972125e+03 
2.587200e+09 7.962625e+03 
2589350000 7.960100e+03 
2591500000 7.966575e+03 
2593650000 7.967575e+03 
2.595800e+09 7.984675e+03 
2597950000 7.965575e+03 
2600100000 7.978300e+03 
2.602250e+09 7.973975e+03 
2604400000 7.957875e+03 
2606550000 7.956200e+03 
2608700000 7.955375e+03 
2.610850e+09 7.956450e+03 
2613000000 7.971950e+03 
2615150000 7.983750e+03 
2.617300e+09 7.964875e+03 
2619450000 7.951600e+03 
2621600000 7.954575e+03 
2623750000 7.964875e+03 
2.625900e+09 7.930550e+03 
2628050000 7.952150e+03 
2630200000 7.946575e+03 
2.632350e+09 7.908850e+03 
2634500000 7.936300e+03 
2636650000 7.913600e+03 
2638800000 7.928225e+03 
2.640950e+09 7.937825e+03 
2643100000 7.943025e+03 
2645250000 7.949750e+03 
2.647400e+09 7.936250e+03 
2649550000 7.975025e+03 
2651700000 7.962125e+03 
2653850000 7.952375e+03 
2.656000e+09 7.951850e+03 
2658150000 7.961700e+03 
2660300000 7.926750e+03 
2.662450e+09 7.915125e+03 
2664600000 7.908075e+03 
2666750000 7.900825e+03 
2668900000 7.898050e+03 
2.671050e+09 7.892900e+03 
2673200000 7.910925e+03 
2675350000 7.909900e+03 
2677500000 7.932900e+03 
2679650000 7.919875e+03 
2681800000 7.938425e+03 
2683950000 7.941675e+03 
2.686100e+09 7.968575e+03 
2688250000 7.950950e+03 
2690400000 7.935450e+03 
2692550000 7.966125e+03 
2694700000 7.927800e+03 
2696850000 7.937750e+03 
2699000000 7.913575e+03 
2.701150e+09 7.925700e+03 
2703300000 7.892250e+03 
2705450000 7.875650e+03 
2707600000 7.902025e+03 
2.709750e+09 7.889825e+03 
2711900000 7.886900e+03 
2714050000 7.923875e+03 
2.716200e+09 7.936750e+03 
2718350000 7.934050e+03 
2720500000 7.949475e+03 
2722650000 7.938775e+03 
2724800000 7.967100e+03 
2726950000 7.923900e+03 
2729100000 7.960100e+03 
2.731250e+09 7.939475e+03 
2733400000 7.950725e+03 
2735550000 7.925975e+03 
2737700000 7.920175e+03 
2.739850e+09 7941 
2742000000 7.931450e+03 
2744150000 7.949600e+03 
2.746300e+09 7.919175e+03 
2748450000 7.969325e+03 
2750600000 7.953500e+03 
2752750000 7.945350e+03 
2754900000 7.975725e+03 
2757050000 7.981125e+03 
2759200000 7.962225e+03 
2.761350e+09 7.960925e+03 
2763500000 7.969875e+03 
2765650000 7.978100e+03 
2767800000 7.969500e+03 
2.769950e+09 7.971600e+03 
2772100000 7.961700e+03 
2774250000 7.961800e+03 
2.776400e+09 7.975500e+03 
2778550000 7.967475e+03 
2780700000 7.956775e+03 
2782850000 7.935525e+03 
2785000000 7.952550e+03 
2787150000 7.934125e+03 
2789300000 7.945500e+03 
2791450000 7.960725e+03 
2793600000 7.962175e+03 
2795750000 7.934725e+03 
2797900000 7.946950e+03 
2.800050e+09 7.971700e+03 
2802200000 7.942175e+03 
2804350000 7.959600e+03 
2806500000 7.946100e+03 
2808650000 7.946725e+03 
2810800000 7.962375e+03 
2812950000 7.956250e+03 
2815100000 7.958875e+03 
2817250000 7.939675e+03 
2819400000 7.953025e+03 
2821550000 7.956100e+03 
2823700000 7.950500e+03 
2825850000 7.947925e+03 
2828000000 7.945600e+03 
2.830150e+09 7.950400e+03 
2832300000 7.945100e+03 
2834450000 7.954300e+03 
2836600000 7.952275e+03 
2838750000 7.941675e+03 
2840900000 7.936575e+03 
2843050000 7.952850e+03 
2845200000 7951 
2847350000 7.943550e+03 
2849500000 7.965825e+03 
2851650000 7.950400e+03 
2853800000 7.974125e+03 
2855950000 7.977650e+03 
2858100000 7.960025e+03 
2.860250e+09 7.950525e+03 
2862400000 7.948075e+03 
2864550000 7.966625e+03 
2866700000 7.949150e+03 
2868850000 7.976450e+03 
2871000000 7.956350e+03 
2873150000 7.938650e+03 
2875300000 7.949100e+03 
2877450000 7.936500e+03 
2879600000 7.958200e+03 
2881750000 7.932200e+03 
2883900000 7.944775e+03 
2886050000 7.941775e+03 
2888200000 7.959375e+03 
2.890350e+09 7.953200e+03 
2892500000 7.943400e+03 
2894650000 7.959225e+03 
2896800000 7.972075e+03 
2898950000 7.975525e+03 
2901100000 7.966700e+03 
2903250000 7.936925e+03 
2905400000 7.949425e+03 
2907550000 7.960975e+03 
2909700000 7.959150e+03 
2911850000 7.926100e+03 
2914000000 7.959175e+03 
2916150000 7.943825e+03 
2918300000 7.958400e+03 
2920450000 7.945425e+03 
2922600000 7.943175e+03 
2924750000 7.971225e+03 
2926900000 7.929075e+03 
2929050000 7.936900e+03 
2931200000 7.943400e+03 
2933350000 7.969975e+03 
2935500000 7.940975e+03 
2937650000 7.969525e+03 
2939800000 7953 
2941950000 7.947750e+03 
2.944100e+09 7.950250e+03 
2946250000 7.954450e+03 
2948400000 7.974275e+03 
2950550000 7.955550e+03 
2952700000 7951 
2954850000 7.939475e+03 
2957000000 7.921375e+03 
2959150000 7.954950e+03 
2961300000 7.966200e+03 
2963450000 7.962125e+03 
2965600000 7.935850e+03 
2967750000 7.946575e+03 
2969900000 7.947525e+03 
2972050000 7.944500e+03 
2974200000 7.964325e+03 
2976350000 7.958500e+03 
2978500000 7.943125e+03 
2980650000 7.983075e+03 
2982800000 7.950100e+03 
2984950000 7.949350e+03 
2987100000 7.941550e+03 
2989250000 7.955550e+03 
2991400000 7.947025e+03 
2993550000 7.959475e+03 
2995700000 7.946050e+03 
2997850000 7.955500e+03 
3000000000 7.976625e+03 

END
