IGOR
WAVES/D/O sweep,sig(1) 
BEGIN
2570000000 8.109175e+03 
2.572150e+09 8.100375e+03 
2574300000 8.126025e+03 
2576450000 8.117550e+03 
2578600000 8.102800e+03 
2.580750e+09 8.102750e+03 
2582900000 8.103025e+03 
2585050000 8.101500e+03 
2.587200e+09 8.103800e+03 
2589350000 8.108600e+03 
2591500000 8.118775e+03 
2593650000 8.108475e+03 
2.595800e+09 8.088200e+03 
2597950000 8.107725e+03 
2600100000 8.120475e+03 
2.602250e+09 8.107200e+03 
2604400000 8.099825e+03 
2606550000 8.125900e+03 
2608700000 8.117700e+03 
2.610850e+09 8.113250e+03 
2613000000 8.109425e+03 
2615150000 8.102275e+03 
2.617300e+09 8.121525e+03 
2619450000 8.111475e+03 
2621600000 8.098825e+03 
2623750000 8.104950e+03 
2.625900e+09 8.101925e+03 
2628050000 8.099075e+03 
2630200000 8.080825e+03 
2.632350e+09 8.084625e+03 
2634500000 8.080375e+03 
2636650000 8.061950e+03 
2638800000 8.057175e+03 
2.640950e+09 8.074300e+03 
2643100000 8.069350e+03 
2645250000 8.079150e+03 
2.647400e+09 8.085100e+03 
2649550000 8.106275e+03 
2651700000 8.093925e+03 
2653850000 8.121575e+03 
2.656000e+09 8.080350e+03 
2658150000 8.069575e+03 
2660300000 8.083725e+03 
2.662450e+09 8.069250e+03 
2664600000 8.064200e+03 
2666750000 8.034150e+03 
2668900000 8.031675e+03 
2.671050e+09 8.034425e+03 
2673200000 8.047800e+03 
2675350000 8.033625e+03 
2677500000 8.056050e+03 
2679650000 8.077975e+03 
2681800000 8.086225e+03 
2683950000 8.090125e+03 
2.686100e+09 8.094975e+03 
2688250000 8.100550e+03 
2690400000 8.082475e+03 
2692550000 8.099325e+03 
2694700000 8.116900e+03 
2696850000 8.087150e+03 
2699000000 8.059725e+03 
2.701150e+09 8.045450e+03 
2703300000 8.062375e+03 
2705450000 8.032675e+03 
2707600000 8.006275e+03 
2.709750e+09 8.032850e+03 
2711900000 8.050900e+03 
2714050000 8.054400e+03 
2.716200e+09 8.070500e+03 
2718350000 8.070675e+03 
2720500000 8.096400e+03 
2722650000 8.098825e+03 
2724800000 8.113925e+03 
2726950000 8.084600e+03 
2729100000 8.098800e+03 
2.731250e+09 8.088325e+03 
2733400000 8.091975e+03 
2735550000 8.082800e+03 
2737700000 8.075375e+03 
2.739850e+09 8.075300e+03 
2742000000 8.070675e+03 
2744150000 8.093525e+03 
2.746300e+09 8.085700e+03 
2748450000 8.084375e+03 
2750600000 8.097400e+03 
2752750000 8.080825e+03 
2754900000 8.093075e+03 
2757050000 8.127875e+03 
2759200000 8.097725e+03 
2.761350e+09 8.091275e+03 
2763500000 8.105250e+03 
2765650000 8.095075e+03 
2767800000 8.102100e+03 
2.769950e+09 8.086600e+03 
2772100000 8.100625e+03 
2774250000 8.098375e+03 
2.776400e+09 8.110825e+03 
2778550000 8.112725e+03 
2780700000 8.073875e+03 
2782850000 8.091325e+03 
2785000000 8.106650e+03 
2787150000 8.102375e+03 
2789300000 8088 
2791450000 8.108375e+03 
2793600000 8.115075e+03 
2795750000 8.107425e+03 
2797900000 8.091350e+03 
2.800050e+09 8.093975e+03 
2802200000 8.091400e+03 
2804350000 8.106375e+03 
2806500000 8.079875e+03 
2808650000 8.093225e+03 
2810800000 8.096125e+03 
2812950000 8.108075e+03 
2815100000 8.066650e+03 
2817250000 8.098800e+03 
2819400000 8.086725e+03 
2821550000 8.094125e+03 
2823700000 8.092125e+03 
2825850000 8.084700e+03 
2828000000 8.115550e+03 
2.830150e+09 8.085825e+03 
2832300000 8.098700e+03 
2834450000 8.114500e+03 
2836600000 8.098075e+03 
2838750000 8125 
2840900000 8.105375e+03 
2843050000 8.107825e+03 
2845200000 8.117100e+03 
2847350000 8.098375e+03 
2849500000 8.107100e+03 
2851650000 8.102250e+03 
2853800000 8.106725e+03 
2855950000 8.097125e+03 
2858100000 8.105400e+03 
2.860250e+09 8.105800e+03 
2862400000 8.094400e+03 
2864550000 8.119475e+03 
2866700000 8.089775e+03 
2868850000 8.081450e+03 
2871000000 8.115350e+03 
2873150000 8.107525e+03 
2875300000 8.092750e+03 
2877450000 8.105475e+03 
2879600000 8.094375e+03 
2881750000 8.103875e+03 
2883900000 8.110250e+03 
2886050000 8.114025e+03 
2888200000 8.121550e+03 
2.890350e+09 8.079625e+03 
2892500000 8.107850e+03 
2894650000 8.104675e+03 
2896800000 8.102750e+03 
2898950000 8.089850e+03 
2901100000 8.115500e+03 
2903250000 8.110875e+03 
2905400000 8.122275e+03 
2907550000 8117 
2909700000 8.121775e+03 
2911850000 8.095700e+03 
2914000000 8.130650e+03 
2916150000 8.114050e+03 
2918300000 8.119375e+03 
2920450000 8.103050e+03 
2922600000 8.106450e+03 
2924750000 8.112525e+03 
2926900000 8.105500e+03 
2929050000 8.123325e+03 
2931200000 8.108200e+03 
2933350000 8.100925e+03 
2935500000 8.142050e+03 
2937650000 8.118250e+03 
2939800000 8.083375e+03 
2941950000 8.124950e+03 
2.944100e+09 8.140700e+03 
2946250000 8.102975e+03 
2948400000 8.127500e+03 
2950550000 8.117125e+03 
2952700000 8.126100e+03 
2954850000 8.107850e+03 
2957000000 8.094825e+03 
2959150000 8.116950e+03 
2961300000 8.137675e+03 
2963450000 8.085950e+03 
2965600000 8.088400e+03 
2967750000 8.078850e+03 
2969900000 8.109400e+03 
2972050000 8.106050e+03 
2974200000 8.129850e+03 
2976350000 8.094175e+03 
2978500000 8.106675e+03 
2980650000 8.107150e+03 
2982800000 8.100625e+03 
2984950000 8.089025e+03 
2987100000 8.128650e+03 
2989250000 8.114200e+03 
2991400000 8.093650e+03 
2993550000 8.117500e+03 
2995700000 8.116675e+03 
2997850000 8.112400e+03 
3000000000 8.093700e+03 

END
