IGOR
WAVES/D/O sweep,sig(1) 
BEGIN
2570000000 7.885375e+03 
2.572150e+09 7.872725e+03 
2574300000 7.879925e+03 
2576450000 7.894425e+03 
2578600000 7.891100e+03 
2.580750e+09 7.878325e+03 
2582900000 7.882325e+03 
2585050000 7.890650e+03 
2.587200e+09 7.886775e+03 
2589350000 7.891600e+03 
2591500000 7.846900e+03 
2593650000 7.863225e+03 
2.595800e+09 7.872600e+03 
2597950000 7.861900e+03 
2600100000 7.870450e+03 
2.602250e+09 7.873600e+03 
2604400000 7.883600e+03 
2606550000 7.881050e+03 
2608700000 7.869250e+03 
2.610850e+09 7.861925e+03 
2613000000 7.892275e+03 
2615150000 7.890575e+03 
2.617300e+09 7.851025e+03 
2619450000 7.880650e+03 
2621600000 7.885725e+03 
2623750000 7.862800e+03 
2.625900e+09 7.877725e+03 
2628050000 7.855425e+03 
2630200000 7.887425e+03 
2.632350e+09 7.849850e+03 
2634500000 7.834350e+03 
2636650000 7.857675e+03 
2638800000 7.860475e+03 
2.640950e+09 7.827250e+03 
2643100000 7.827125e+03 
2645250000 7.872275e+03 
2.647400e+09 7.850450e+03 
2649550000 7.853325e+03 
2651700000 7.852300e+03 
2653850000 7.884825e+03 
2.656000e+09 7.865450e+03 
2658150000 7.897850e+03 
2660300000 7.832900e+03 
2.662450e+09 7.859050e+03 
2664600000 7.827700e+03 
2666750000 7.826425e+03 
2668900000 7.823150e+03 
2.671050e+09 7.839725e+03 
2673200000 7.824375e+03 
2675350000 7.802050e+03 
2677500000 7.844425e+03 
2679650000 7.844425e+03 
2681800000 7.860450e+03 
2683950000 7.861500e+03 
2.686100e+09 7.900250e+03 
2688250000 7.882075e+03 
2690400000 7.870750e+03 
2692550000 7.863850e+03 
2694700000 7.876375e+03 
2696850000 7.864950e+03 
2699000000 7.835025e+03 
2.701150e+09 7.817825e+03 
2703300000 7.838425e+03 
2705450000 7.814900e+03 
2707600000 7.784975e+03 
2.709750e+09 7.813825e+03 
2711900000 7.814450e+03 
2714050000 7.844100e+03 
2.716200e+09 7842 
2718350000 7.855725e+03 
2720500000 7.875950e+03 
2722650000 7.854175e+03 
2724800000 7.863375e+03 
2726950000 7.845550e+03 
2729100000 7.846225e+03 
2.731250e+09 7.833500e+03 
2733400000 7.833350e+03 
2735550000 7.855275e+03 
2737700000 7.815325e+03 
2.739850e+09 7.805425e+03 
2742000000 7.832100e+03 
2744150000 7.831475e+03 
2.746300e+09 7.822250e+03 
2748450000 7.829300e+03 
2750600000 7.864225e+03 
2752750000 7.867425e+03 
2754900000 7.870125e+03 
2757050000 7.859175e+03 
2759200000 7.867600e+03 
2.761350e+09 7.888325e+03 
2763500000 7.886250e+03 
2765650000 7.878775e+03 
2767800000 7.882500e+03 
2.769950e+09 7.890150e+03 
2772100000 7.870875e+03 
2774250000 7.916075e+03 
2.776400e+09 7.896325e+03 
2778550000 7.884675e+03 
2780700000 7.882350e+03 
2782850000 7.891375e+03 
2785000000 7.882650e+03 
2787150000 7.888050e+03 
2789300000 7.875450e+03 
2791450000 7.883750e+03 
2793600000 7.875475e+03 
2795750000 7.891325e+03 
2797900000 7.874625e+03 
2.800050e+09 7.871250e+03 
2802200000 7.868075e+03 
2804350000 7.879300e+03 
2806500000 7.886550e+03 
2808650000 7.865825e+03 
2810800000 7.877875e+03 
2812950000 7.885375e+03 
2815100000 7.866750e+03 
2817250000 7.882700e+03 
2819400000 7.897375e+03 
2821550000 7.929025e+03 
2823700000 7.906150e+03 
2825850000 7.890425e+03 
2828000000 7.879250e+03 
2.830150e+09 7875 
2832300000 7.886175e+03 
2834450000 7.894675e+03 
2836600000 7.887750e+03 
2838750000 7.886900e+03 
2840900000 7.881975e+03 
2843050000 7.881550e+03 
2845200000 7.885850e+03 
2847350000 7.864700e+03 
2849500000 7.890650e+03 
2851650000 7.870675e+03 
2853800000 7.881300e+03 
2855950000 7.889925e+03 
2858100000 7.864675e+03 
2.860250e+09 7.878700e+03 
2862400000 7.858525e+03 
2864550000 7.839500e+03 
2866700000 7.861650e+03 
2868850000 7.884600e+03 
2871000000 7.890400e+03 
2873150000 7.857500e+03 
2875300000 7.874700e+03 
2877450000 7.864800e+03 
2879600000 7.892750e+03 
2881750000 7.883725e+03 
2883900000 7.872700e+03 
2886050000 7.884350e+03 
2888200000 7.872350e+03 
2.890350e+09 7.878925e+03 
2892500000 7.868725e+03 
2894650000 7.851475e+03 
2896800000 7.903275e+03 
2898950000 7.884050e+03 
2901100000 7.910750e+03 
2903250000 7.896725e+03 
2905400000 7.883050e+03 
2907550000 7.880950e+03 
2909700000 7.880650e+03 
2911850000 7.891200e+03 
2914000000 7.887600e+03 
2916150000 7.913400e+03 
2918300000 7.861125e+03 
2920450000 7.879275e+03 
2922600000 7.883150e+03 
2924750000 7.874175e+03 
2926900000 7.874800e+03 
2929050000 7.860550e+03 
2931200000 7.881575e+03 
2933350000 7.887275e+03 
2935500000 7.898525e+03 
2937650000 7.906300e+03 
2939800000 7.876775e+03 
2941950000 7.871975e+03 
2.944100e+09 7.881275e+03 
2946250000 7.870750e+03 
2948400000 7.885450e+03 
2950550000 7.882050e+03 
2952700000 7.887775e+03 
2954850000 7.873475e+03 
2957000000 7.876425e+03 
2959150000 7.899150e+03 
2961300000 7.901100e+03 
2963450000 7.889350e+03 
2965600000 7.866875e+03 
2967750000 7.884725e+03 
2969900000 7.880450e+03 
2972050000 7.883200e+03 
2974200000 7.886700e+03 
2976350000 7.899925e+03 
2978500000 7.900825e+03 
2980650000 7.873550e+03 
2982800000 7.888275e+03 
2984950000 7.887850e+03 
2987100000 7.893800e+03 
2989250000 7.877650e+03 
2991400000 7.875750e+03 
2993550000 7.930100e+03 
2995700000 7.878950e+03 
2997850000 7.876925e+03 
3000000000 7.899350e+03 

END
