IGOR
WAVES/D/O sweep,sig(1) 
BEGIN
2570000000 7.993275e+03 
2.572150e+09 7.961175e+03 
2574300000 7.987325e+03 
2576450000 7.993275e+03 
2578600000 7.995450e+03 
2.580750e+09 7.971900e+03 
2582900000 7.989500e+03 
2585050000 8.000625e+03 
2.587200e+09 8.010225e+03 
2589350000 7.978075e+03 
2591500000 7.992050e+03 
2593650000 7.992850e+03 
2.595800e+09 8.014400e+03 
2597950000 7.990850e+03 
2600100000 7.989475e+03 
2.602250e+09 7.991200e+03 
2604400000 7.998775e+03 
2606550000 7.973600e+03 
2608700000 7.994925e+03 
2.610850e+09 7.995650e+03 
2613000000 7.986450e+03 
2615150000 7.986550e+03 
2.617300e+09 7.981150e+03 
2619450000 7.982475e+03 
2621600000 8.002050e+03 
2623750000 7.994450e+03 
2.625900e+09 7.983800e+03 
2628050000 7.961600e+03 
2630200000 7.967875e+03 
2.632350e+09 7.978325e+03 
2634500000 7.959225e+03 
2636650000 7.938075e+03 
2638800000 7.963700e+03 
2.640950e+09 7.975325e+03 
2643100000 7.947975e+03 
2645250000 7.950075e+03 
2.647400e+09 7.987500e+03 
2649550000 7.963850e+03 
2651700000 7.974475e+03 
2653850000 7.989275e+03 
2.656000e+09 7.976500e+03 
2658150000 7.979100e+03 
2660300000 7.946850e+03 
2.662450e+09 7.936600e+03 
2664600000 7.930825e+03 
2666750000 7.954725e+03 
2668900000 7.952900e+03 
2.671050e+09 7.915600e+03 
2673200000 7.921875e+03 
2675350000 7.937675e+03 
2677500000 7.942775e+03 
2679650000 7.954200e+03 
2681800000 7.963125e+03 
2683950000 7.968075e+03 
2.686100e+09 7969 
2688250000 7.979300e+03 
2690400000 7.976100e+03 
2692550000 7.996775e+03 
2694700000 7.966475e+03 
2696850000 7.962025e+03 
2699000000 7.958850e+03 
2.701150e+09 7.932950e+03 
2703300000 7.913550e+03 
2705450000 7.922825e+03 
2707600000 7.923300e+03 
2.709750e+09 7.911175e+03 
2711900000 7.905625e+03 
2714050000 7.960450e+03 
2.716200e+09 7.947975e+03 
2718350000 7.968225e+03 
2720500000 7.987125e+03 
2722650000 7.981800e+03 
2724800000 7.992575e+03 
2726950000 7.992325e+03 
2729100000 7.977775e+03 
2.731250e+09 7.945650e+03 
2733400000 7.958425e+03 
2735550000 7.960675e+03 
2737700000 7.966175e+03 
2.739850e+09 7.957350e+03 
2742000000 7.949525e+03 
2744150000 7.977725e+03 
2.746300e+09 7.971950e+03 
2748450000 7.968625e+03 
2750600000 7.988175e+03 
2752750000 7.987325e+03 
2754900000 8.003075e+03 
2757050000 7.970375e+03 
2759200000 8.015675e+03 
2.761350e+09 7.989300e+03 
2763500000 8.000525e+03 
2765650000 7.997175e+03 
2767800000 7.988300e+03 
2.769950e+09 7.990675e+03 
2772100000 7.969475e+03 
2774250000 7.982450e+03 
2.776400e+09 7.986750e+03 
2778550000 7.992900e+03 
2780700000 7.996675e+03 
2782850000 7.961750e+03 
2785000000 7.979375e+03 
2787150000 7.960725e+03 
2789300000 7.975125e+03 
2791450000 7.987325e+03 
2793600000 7.984200e+03 
2795750000 7.978875e+03 
2797900000 8.007475e+03 
2.800050e+09 7.986050e+03 
2802200000 7.959700e+03 
2804350000 7.995625e+03 
2806500000 8.004400e+03 
2808650000 8.007700e+03 
2810800000 7980 
2812950000 7.978125e+03 
2815100000 8.001550e+03 
2817250000 7.991950e+03 
2819400000 7.972275e+03 
2821550000 7.983400e+03 
2823700000 8.010625e+03 
2825850000 7.992775e+03 
2828000000 7.981575e+03 
2.830150e+09 7.955225e+03 
2832300000 7.976675e+03 
2834450000 7.959075e+03 
2836600000 7.975500e+03 
2838750000 7.966250e+03 
2840900000 7.991375e+03 
2843050000 7.993750e+03 
2845200000 7.989525e+03 
2847350000 7.987175e+03 
2849500000 7.983825e+03 
2851650000 7.977575e+03 
2853800000 7.978925e+03 
2855950000 7.964975e+03 
2858100000 7.984525e+03 
2.860250e+09 8.004300e+03 
2862400000 7.998950e+03 
2864550000 8.002225e+03 
2866700000 7.998925e+03 
2868850000 8.000750e+03 
2871000000 8.001175e+03 
2873150000 8.014750e+03 
2875300000 7.977300e+03 
2877450000 8.011450e+03 
2879600000 7.997900e+03 
2881750000 7.984650e+03 
2883900000 7.978400e+03 
2886050000 8.000150e+03 
2888200000 7.975400e+03 
2.890350e+09 8.002725e+03 
2892500000 7.991525e+03 
2894650000 7.975375e+03 
2896800000 7.993475e+03 
2898950000 7.995650e+03 
2901100000 7.996950e+03 
2903250000 7.990325e+03 
2905400000 8.006525e+03 
2907550000 7.990825e+03 
2909700000 7.987425e+03 
2911850000 7.975775e+03 
2914000000 8.001200e+03 
2916150000 7.975900e+03 
2918300000 7.981275e+03 
2920450000 7.991750e+03 
2922600000 8.002825e+03 
2924750000 7995 
2926900000 7.974075e+03 
2929050000 7.994200e+03 
2931200000 7978 
2933350000 7.999725e+03 
2935500000 8.002425e+03 
2937650000 8.011550e+03 
2939800000 8.013175e+03 
2941950000 8.002125e+03 
2.944100e+09 8.023525e+03 
2946250000 8.018800e+03 
2948400000 8.020025e+03 
2950550000 8.014100e+03 
2952700000 8.020300e+03 
2954850000 7.987175e+03 
2957000000 8.027250e+03 
2959150000 8.018400e+03 
2961300000 8.042625e+03 
2963450000 7.969450e+03 
2965600000 8.036775e+03 
2967750000 8.005075e+03 
2969900000 8.023075e+03 
2972050000 8.004300e+03 
2974200000 8.023300e+03 
2976350000 8.005250e+03 
2978500000 8.006300e+03 
2980650000 7998 
2982800000 7.999900e+03 
2984950000 8.021825e+03 
2987100000 8.022025e+03 
2989250000 7.995900e+03 
2991400000 8.024025e+03 
2993550000 8.022525e+03 
2995700000 8.007550e+03 
2997850000 8.003425e+03 
3000000000 8.023425e+03 

END
