IGOR
WAVES/D/O sweep,sig(1) 
BEGIN
2570000000 8.010400e+03 
2.572150e+09 8.023525e+03 
2574300000 8.040950e+03 
2576450000 8.052875e+03 
2578600000 8.037725e+03 
2.580750e+09 8.048675e+03 
2582900000 8.046825e+03 
2585050000 8.037825e+03 
2.587200e+09 8.036425e+03 
2589350000 8.062275e+03 
2591500000 8.023875e+03 
2593650000 8.026075e+03 
2.595800e+09 8.049525e+03 
2597950000 8.060925e+03 
2600100000 8.045125e+03 
2.602250e+09 8.044925e+03 
2604400000 8.017775e+03 
2606550000 8.057675e+03 
2608700000 8.030550e+03 
2.610850e+09 8.044775e+03 
2613000000 8.058725e+03 
2615150000 8.037800e+03 
2.617300e+09 8.062025e+03 
2619450000 8.047025e+03 
2621600000 8.060150e+03 
2623750000 8.028750e+03 
2.625900e+09 8.054200e+03 
2628050000 8.024025e+03 
2630200000 8.036975e+03 
2.632350e+09 8.019875e+03 
2634500000 8.017900e+03 
2636650000 8.014925e+03 
2638800000 8.011750e+03 
2.640950e+09 7.990550e+03 
2643100000 8.011550e+03 
2645250000 8.025450e+03 
2.647400e+09 8.025725e+03 
2649550000 8.026450e+03 
2651700000 8.041700e+03 
2653850000 8.056450e+03 
2.656000e+09 8.067500e+03 
2658150000 8.017675e+03 
2660300000 8.026300e+03 
2.662450e+09 8.011550e+03 
2664600000 8.004700e+03 
2666750000 7.983350e+03 
2668900000 7.959350e+03 
2.671050e+09 7.961100e+03 
2673200000 7.967625e+03 
2675350000 7.981375e+03 
2677500000 8.000900e+03 
2679650000 8.041825e+03 
2681800000 8.035350e+03 
2683950000 8.024175e+03 
2.686100e+09 8.012675e+03 
2688250000 8.026050e+03 
2690400000 8.026450e+03 
2692550000 8.022175e+03 
2694700000 8.014425e+03 
2696850000 8.012650e+03 
2699000000 8.013025e+03 
2.701150e+09 7.989650e+03 
2703300000 7.994975e+03 
2705450000 8.002225e+03 
2707600000 7.987075e+03 
2.709750e+09 7.969725e+03 
2711900000 7.960625e+03 
2714050000 7.984075e+03 
2.716200e+09 8.004600e+03 
2718350000 8.024350e+03 
2720500000 8.026750e+03 
2722650000 8.056900e+03 
2724800000 8.064350e+03 
2726950000 8.039100e+03 
2729100000 8.031225e+03 
2.731250e+09 8.011175e+03 
2733400000 8.021100e+03 
2735550000 8.021600e+03 
2737700000 8.010425e+03 
2.739850e+09 8.026350e+03 
2742000000 8.008350e+03 
2744150000 8.003425e+03 
2.746300e+09 8.016575e+03 
2748450000 8.018600e+03 
2750600000 8.049950e+03 
2752750000 8.030175e+03 
2754900000 8.046325e+03 
2757050000 8.048675e+03 
2759200000 8.050700e+03 
2.761350e+09 8.055750e+03 
2763500000 8.026250e+03 
2765650000 8.024550e+03 
2767800000 8.063600e+03 
2.769950e+09 8.039875e+03 
2772100000 8.035600e+03 
2774250000 8.051650e+03 
2.776400e+09 8.049825e+03 
2778550000 8.044900e+03 
2780700000 8.036900e+03 
2782850000 8.035475e+03 
2785000000 8.070225e+03 
2787150000 8.028525e+03 
2789300000 8.035550e+03 
2791450000 8.046825e+03 
2793600000 8.031975e+03 
2795750000 8.034350e+03 
2797900000 8.033450e+03 
2.800050e+09 8.041400e+03 
2802200000 8.052400e+03 
2804350000 8.050200e+03 
2806500000 8.057250e+03 
2808650000 8.059500e+03 
2810800000 8.027150e+03 
2812950000 8.040475e+03 
2815100000 8.046950e+03 
2817250000 8.043025e+03 
2819400000 8.037275e+03 
2821550000 8.058975e+03 
2823700000 8.026250e+03 
2825850000 8.048525e+03 
2828000000 8.065150e+03 
2.830150e+09 8.034150e+03 
2832300000 8.062900e+03 
2834450000 8.046475e+03 
2836600000 8.063300e+03 
2838750000 8.070900e+03 
2840900000 8.055800e+03 
2843050000 8.041875e+03 
2845200000 8.080850e+03 
2847350000 8.064725e+03 
2849500000 8.044375e+03 
2851650000 8.045775e+03 
2853800000 8.075575e+03 
2855950000 8.034400e+03 
2858100000 8.074750e+03 
2.860250e+09 8.024900e+03 
2862400000 8.041450e+03 
2864550000 8.025450e+03 
2866700000 8.054150e+03 
2868850000 8.030150e+03 
2871000000 8.042500e+03 
2873150000 8.079375e+03 
2875300000 8.039825e+03 
2877450000 8.052250e+03 
2879600000 8.037800e+03 
2881750000 8.029750e+03 
2883900000 8.068600e+03 
2886050000 8.037750e+03 
2888200000 8.053500e+03 
2.890350e+09 8.045950e+03 
2892500000 8.056475e+03 
2894650000 8.052225e+03 
2896800000 8053 
2898950000 8.056675e+03 
2901100000 8.067525e+03 
2903250000 8.076175e+03 
2905400000 8.050250e+03 
2907550000 8.072175e+03 
2909700000 8.045075e+03 
2911850000 8.037325e+03 
2914000000 8.036150e+03 
2916150000 8.050575e+03 
2918300000 8.049950e+03 
2920450000 8.049400e+03 
2922600000 8.043100e+03 
2924750000 8.066925e+03 
2926900000 8.046325e+03 
2929050000 8.083175e+03 
2931200000 8.043700e+03 
2933350000 8.059650e+03 
2935500000 8.071300e+03 
2937650000 8.048925e+03 
2939800000 8.033700e+03 
2941950000 8.091225e+03 
2.944100e+09 8.032975e+03 
2946250000 8.039275e+03 
2948400000 8.053125e+03 
2950550000 8.046300e+03 
2952700000 8.072825e+03 
2954850000 8.069775e+03 
2957000000 8.069600e+03 
2959150000 8.070750e+03 
2961300000 8.059275e+03 
2963450000 8.083250e+03 
2965600000 8.044400e+03 
2967750000 8.044575e+03 
2969900000 8.044050e+03 
2972050000 8.077500e+03 
2974200000 8.048700e+03 
2976350000 8.060675e+03 
2978500000 8.053225e+03 
2980650000 8.078025e+03 
2982800000 8.064525e+03 
2984950000 8.070800e+03 
2987100000 8.073025e+03 
2989250000 8.038500e+03 
2991400000 8.073975e+03 
2993550000 8.046800e+03 
2995700000 8.053325e+03 
2997850000 8.073175e+03 
3000000000 8.070100e+03 

END
