IGOR
WAVES/D/O sweep,sig(1) 
BEGIN
2770000000 3.916870e+04 
2.772000e+09 3.914510e+04 
2774000000 3.914255e+04 
2776000000 3.913810e+04 
2778000000 3.915345e+04 
2.780000e+09 3.912935e+04 
2782000000 3.917235e+04 
2784000000 3.913480e+04 
2786000000 3.914450e+04 
2.788000e+09 3.916685e+04 
2790000000 3.913825e+04 
2792000000 3.916135e+04 
2794000000 3.916650e+04 
2.796000e+09 3.916080e+04 
2798000000 3.914530e+04 
2800000000 3.914385e+04 
2802000000 3.917790e+04 
2.804000e+09 3.915880e+04 
2806000000 3.914850e+04 
2808000000 3.916165e+04 
2810000000 3.910075e+04 
2.812000e+09 3.915440e+04 
2814000000 3.914050e+04 
2816000000 3.916050e+04 
2818000000 3.914060e+04 
2.820000e+09 3.916060e+04 
2822000000 3.912075e+04 
2824000000 3.910355e+04 
2826000000 3.910265e+04 
2.828000e+09 3.915320e+04 
2830000000 3.913575e+04 
2832000000 3.910050e+04 
2834000000 3.907065e+04 
2.836000e+09 3.906120e+04 
2838000000 3.904905e+04 
2840000000 3.903730e+04 
2842000000 39010 
2.844000e+09 3.894835e+04 
2846000000 3.891335e+04 
2848000000 3.887150e+04 
2850000000 3.883565e+04 
2852000000 3.874685e+04 
2854000000 3.869980e+04 
2.856000e+09 3.858775e+04 
2858000000 3.854535e+04 
2860000000 3.850850e+04 
2862000000 3.849135e+04 
2.864000e+09 3.846280e+04 
2866000000 3.846560e+04 
2868000000 3.847680e+04 
2870000000 3.846830e+04 
2.872000e+09 3.846450e+04 
2874000000 3.847465e+04 
2876000000 3.841410e+04 
2878000000 3.847610e+04 
2.880000e+09 3.843145e+04 
2882000000 3.847305e+04 
2884000000 3.852310e+04 
2886000000 3.857215e+04 
2.888000e+09 3.862445e+04 
2890000000 3.869795e+04 
2892000000 3.871245e+04 
2894000000 3.877780e+04 
2896000000 3.882290e+04 
2898000000 3.892870e+04 
2.900000e+09 3.893075e+04 
2902000000 3.897315e+04 
2904000000 3.903835e+04 
2906000000 3.907515e+04 
2.908000e+09 3.908335e+04 
2910000000 3.907885e+04 
2912000000 3.912110e+04 
2914000000 3.913115e+04 
2.916000e+09 3.912130e+04 
2918000000 3.912175e+04 
2920000000 3.914195e+04 
2922000000 3.913435e+04 
2.924000e+09 3.916685e+04 
2926000000 3.914935e+04 
2928000000 3.914605e+04 
2930000000 3.919320e+04 
2.932000e+09 3.918425e+04 
2934000000 3.916880e+04 
2936000000 3.919250e+04 
2938000000 3.915525e+04 
2.940000e+09 3.917290e+04 
2942000000 3.920175e+04 
2944000000 39191 
2946000000 3.921440e+04 
2.948000e+09 3.913385e+04 
2950000000 3.917320e+04 
2952000000 3.923640e+04 
2954000000 3.919135e+04 
2.956000e+09 3.917345e+04 
2958000000 3.918955e+04 
2960000000 3.921030e+04 
2962000000 3.921970e+04 
2.964000e+09 3.919155e+04 
2966000000 3.921785e+04 
2968000000 3.924695e+04 
2970000000 3.919045e+04 

END
