IGOR
WAVES/D/O sweep,sig(1) 
BEGIN
2570000000 7.921525e+03 
2.572150e+09 7.952500e+03 
2574300000 7.917150e+03 
2576450000 7.923450e+03 
2578600000 7.942700e+03 
2.580750e+09 7.910175e+03 
2582900000 7.920075e+03 
2585050000 7.904350e+03 
2.587200e+09 7.890850e+03 
2589350000 7.930700e+03 
2591500000 7.932025e+03 
2593650000 7.953200e+03 
2.595800e+09 7.904350e+03 
2597950000 7.935600e+03 
2600100000 7.936475e+03 
2.602250e+09 7.921050e+03 
2604400000 7.909350e+03 
2606550000 7.953400e+03 
2608700000 7.953275e+03 
2.610850e+09 7.926475e+03 
2613000000 7.918675e+03 
2615150000 7.946400e+03 
2.617300e+09 7.968525e+03 
2619450000 7.935400e+03 
2621600000 7.917325e+03 
2623750000 7.943200e+03 
2.625900e+09 7.957325e+03 
2628050000 7.944150e+03 
2630200000 7.925800e+03 
2.632350e+09 7.940775e+03 
2634500000 7.920775e+03 
2636650000 7.923925e+03 
2638800000 7.909100e+03 
2.640950e+09 7.959825e+03 
2643100000 7.926575e+03 
2645250000 7.916750e+03 
2.647400e+09 7.915300e+03 
2649550000 7.966075e+03 
2651700000 7.940650e+03 
2653850000 7.960025e+03 
2.656000e+09 7.939250e+03 
2658150000 7.945450e+03 
2660300000 7.918475e+03 
2.662450e+09 7.937700e+03 
2664600000 7.920575e+03 
2666750000 7.931100e+03 
2668900000 7.939025e+03 
2.671050e+09 7.934225e+03 
2673200000 7.939825e+03 
2675350000 7.936200e+03 
2677500000 7.941850e+03 
2679650000 7.954425e+03 
2681800000 7.965400e+03 
2683950000 7.948775e+03 
2.686100e+09 7.974175e+03 
2688250000 7.957925e+03 
2690400000 7.959600e+03 
2692550000 7.942600e+03 
2694700000 7.949350e+03 
2696850000 7.945475e+03 
2699000000 7.914925e+03 
2.701150e+09 7.942425e+03 
2703300000 7.954600e+03 
2705450000 7.987925e+03 
2707600000 7.926725e+03 
2.709750e+09 7.914600e+03 
2711900000 7.935575e+03 
2714050000 7.935525e+03 
2.716200e+09 7.965375e+03 
2718350000 7.937400e+03 
2720500000 7.954675e+03 
2722650000 7.977050e+03 
2724800000 7.936900e+03 
2726950000 7.946625e+03 
2729100000 7.950325e+03 
2.731250e+09 7.975700e+03 
2733400000 7.956125e+03 
2735550000 7.938450e+03 
2737700000 7.940125e+03 
2.739850e+09 7.949875e+03 
2742000000 7.979475e+03 
2744150000 7.971900e+03 
2.746300e+09 7.960575e+03 
2748450000 7.954025e+03 
2750600000 7.975325e+03 
2752750000 7.970975e+03 
2754900000 7.950150e+03 
2757050000 7.943700e+03 
2759200000 7.948250e+03 
2.761350e+09 7.952650e+03 
2763500000 7.933250e+03 
2765650000 7.945025e+03 
2767800000 7.938800e+03 
2.769950e+09 7.953700e+03 
2772100000 7.942025e+03 
2774250000 7.953325e+03 
2.776400e+09 7.951825e+03 
2778550000 7.903925e+03 
2780700000 7.884025e+03 
2782850000 7.842600e+03 
2785000000 7.852175e+03 
2787150000 7.813325e+03 
2789300000 7.776400e+03 
2791450000 7.785975e+03 
2793600000 7777 
2795750000 7.784725e+03 
2797900000 7.780225e+03 
2.800050e+09 7.787550e+03 
2802200000 7.821700e+03 
2804350000 7.836875e+03 
2806500000 7.841600e+03 
2808650000 7.876300e+03 
2810800000 7.922225e+03 
2812950000 7.949700e+03 
2815100000 7.925500e+03 
2817250000 7.959950e+03 
2819400000 7.965875e+03 
2821550000 7.951375e+03 
2823700000 7.961475e+03 
2825850000 7.972575e+03 
2828000000 7.979350e+03 
2.830150e+09 7.951175e+03 
2832300000 7.941575e+03 
2834450000 7950 
2836600000 7.934725e+03 
2838750000 7.957250e+03 
2840900000 7.956975e+03 
2843050000 7.938025e+03 
2845200000 7957 
2847350000 7.976775e+03 
2849500000 7.942225e+03 
2851650000 7.948075e+03 
2853800000 7.958300e+03 
2855950000 7.988875e+03 
2858100000 7.944375e+03 
2.860250e+09 7.963300e+03 
2862400000 7.949600e+03 
2864550000 7.951625e+03 
2866700000 7.956200e+03 
2868850000 7.951075e+03 
2871000000 7.941050e+03 
2873150000 7.940300e+03 
2875300000 7.941450e+03 
2877450000 7.927325e+03 
2879600000 7.967775e+03 
2881750000 7943 
2883900000 7.967475e+03 
2886050000 7.960400e+03 
2888200000 7.948825e+03 
2.890350e+09 7.955275e+03 
2892500000 7.952450e+03 
2894650000 7.922700e+03 
2896800000 7.948775e+03 
2898950000 7.950600e+03 
2901100000 7.930125e+03 
2903250000 7.960100e+03 
2905400000 7.938525e+03 
2907550000 7.953300e+03 
2909700000 7967 
2911850000 7.940550e+03 
2914000000 7.942275e+03 
2916150000 7.974975e+03 
2918300000 7.948325e+03 
2920450000 7.952500e+03 
2922600000 7.957850e+03 
2924750000 7.948700e+03 
2926900000 7.947725e+03 
2929050000 7.933975e+03 
2931200000 7.939775e+03 
2933350000 7.949600e+03 
2935500000 7.943450e+03 
2937650000 7.950825e+03 
2939800000 7.953400e+03 
2941950000 7.949500e+03 
2.944100e+09 7.942825e+03 
2946250000 7.909225e+03 
2948400000 7.871025e+03 
2950550000 7.871650e+03 
2952700000 7.851875e+03 
2954850000 7.788350e+03 
2957000000 7.737675e+03 
2959150000 7.775775e+03 
2961300000 7.763875e+03 
2963450000 7.767850e+03 
2965600000 7.766825e+03 
2967750000 7.805275e+03 
2969900000 7.814375e+03 
2972050000 7.842875e+03 
2974200000 7.864450e+03 
2976350000 7.897325e+03 
2978500000 7.919025e+03 
2980650000 7.913850e+03 
2982800000 7.947925e+03 
2984950000 7.953950e+03 
2987100000 7.946425e+03 
2989250000 7.952125e+03 
2991400000 7.968925e+03 
2993550000 7.941525e+03 
2995700000 7.945625e+03 
2997850000 7.970650e+03 
3000000000 7986 

END
