IGOR
WAVES/D/O sweep,sig(1) 
BEGIN
2570000000 8.028200e+03 
2.572150e+09 8.045675e+03 
2574300000 8.025950e+03 
2576450000 8.023500e+03 
2578600000 8.031750e+03 
2.580750e+09 8.024675e+03 
2582900000 8.042850e+03 
2585050000 8.013075e+03 
2.587200e+09 8.017050e+03 
2589350000 8.033875e+03 
2591500000 8.039500e+03 
2593650000 8.025025e+03 
2.595800e+09 8.036850e+03 
2597950000 8.031825e+03 
2600100000 8.013450e+03 
2.602250e+09 8.029200e+03 
2604400000 8.004700e+03 
2606550000 8.035425e+03 
2608700000 8.021250e+03 
2.610850e+09 8.013875e+03 
2613000000 8.007875e+03 
2615150000 8.026075e+03 
2.617300e+09 8.036600e+03 
2619450000 8.039575e+03 
2621600000 8.002725e+03 
2623750000 7.997325e+03 
2.625900e+09 8.029175e+03 
2628050000 7.994350e+03 
2630200000 8.022525e+03 
2.632350e+09 7.985025e+03 
2634500000 7.976425e+03 
2636650000 7.986275e+03 
2638800000 7.977050e+03 
2.640950e+09 7.984100e+03 
2643100000 7.980850e+03 
2645250000 7981 
2.647400e+09 7.987975e+03 
2649550000 8.001800e+03 
2651700000 8.017300e+03 
2653850000 8.011425e+03 
2.656000e+09 8.000375e+03 
2658150000 8.014050e+03 
2660300000 8.013625e+03 
2.662450e+09 7.991925e+03 
2664600000 7.961675e+03 
2666750000 7.936775e+03 
2668900000 7.958050e+03 
2.671050e+09 7.970975e+03 
2673200000 7.953600e+03 
2675350000 7.968300e+03 
2677500000 7.980500e+03 
2679650000 7.989350e+03 
2681800000 8.021725e+03 
2683950000 7.988450e+03 
2.686100e+09 8.011075e+03 
2688250000 8.012525e+03 
2690400000 8.016675e+03 
2692550000 8.015275e+03 
2694700000 8.008850e+03 
2696850000 7.984475e+03 
2699000000 7.977800e+03 
2.701150e+09 7.972975e+03 
2703300000 7.966675e+03 
2705450000 7.954125e+03 
2707600000 7.927225e+03 
2.709750e+09 7.942975e+03 
2711900000 7.955050e+03 
2714050000 7.970825e+03 
2.716200e+09 7.982700e+03 
2718350000 7.993125e+03 
2720500000 7.990700e+03 
2722650000 7.994500e+03 
2724800000 8.013200e+03 
2726950000 8.000500e+03 
2729100000 7.973675e+03 
2.731250e+09 7.995650e+03 
2733400000 7.999075e+03 
2735550000 7.970200e+03 
2737700000 7.988100e+03 
2.739850e+09 8.010375e+03 
2742000000 8.002900e+03 
2744150000 7.988350e+03 
2.746300e+09 7990 
2748450000 8.006050e+03 
2750600000 8.013450e+03 
2752750000 7.990600e+03 
2754900000 8.021925e+03 
2757050000 8.028125e+03 
2759200000 8012 
2.761350e+09 8.012650e+03 
2763500000 7.999125e+03 
2765650000 8.001800e+03 
2767800000 7.981950e+03 
2.769950e+09 7.994625e+03 
2772100000 7.964550e+03 
2774250000 8.017325e+03 
2.776400e+09 8.004325e+03 
2778550000 8.014050e+03 
2780700000 8.007725e+03 
2782850000 8.016275e+03 
2785000000 7996 
2787150000 8.038725e+03 
2789300000 7.987175e+03 
2791450000 8.005050e+03 
2793600000 8.018800e+03 
2795750000 7.996025e+03 
2797900000 8.003950e+03 
2.800050e+09 8.011775e+03 
2802200000 8.014075e+03 
2804350000 8.014675e+03 
2806500000 7.991400e+03 
2808650000 7971 
2810800000 8.022725e+03 
2812950000 7.990675e+03 
2815100000 7.992625e+03 
2817250000 8.004025e+03 
2819400000 8.011625e+03 
2821550000 7.983850e+03 
2823700000 7.997925e+03 
2825850000 8.008725e+03 
2828000000 8.021925e+03 
2.830150e+09 8.016800e+03 
2832300000 8.017950e+03 
2834450000 8.018475e+03 
2836600000 8.018975e+03 
2838750000 8.031700e+03 
2840900000 8.017775e+03 
2843050000 8.015025e+03 
2845200000 7.989475e+03 
2847350000 8.004325e+03 
2849500000 7.994225e+03 
2851650000 8.019925e+03 
2853800000 7.994850e+03 
2855950000 7.984475e+03 
2858100000 7.998600e+03 
2.860250e+09 8.002975e+03 
2862400000 8.015425e+03 
2864550000 8.009100e+03 
2866700000 8.002550e+03 
2868850000 8.001450e+03 
2871000000 8.016150e+03 
2873150000 8.017475e+03 
2875300000 8.014700e+03 
2877450000 8.036025e+03 
2879600000 8.027975e+03 
2881750000 8.013775e+03 
2883900000 8.016775e+03 
2886050000 7.983900e+03 
2888200000 8.009125e+03 
2.890350e+09 8.006500e+03 
2892500000 8.003350e+03 
2894650000 7.991300e+03 
2896800000 7.984200e+03 
2898950000 8.002050e+03 
2901100000 8.022075e+03 
2903250000 7.998550e+03 
2905400000 8.026725e+03 
2907550000 8.012750e+03 
2909700000 8.019275e+03 
2911850000 8.009700e+03 
2914000000 7.983650e+03 
2916150000 8.006500e+03 
2918300000 7.983700e+03 
2920450000 8.039275e+03 
2922600000 8.002675e+03 
2924750000 8.019475e+03 
2926900000 8.014575e+03 
2929050000 8.016825e+03 
2931200000 8.003400e+03 
2933350000 7.985575e+03 
2935500000 7.993800e+03 
2937650000 7.991975e+03 
2939800000 7.988450e+03 
2941950000 7.997825e+03 
2.944100e+09 8015 
2946250000 8.008250e+03 
2948400000 7.992475e+03 
2950550000 8.000150e+03 
2952700000 7.987750e+03 
2954850000 7.994725e+03 
2957000000 7.993125e+03 
2959150000 7.993300e+03 
2961300000 8.001250e+03 
2963450000 8.017575e+03 
2965600000 7.981750e+03 
2967750000 8.008750e+03 
2969900000 8012 
2972050000 7.993775e+03 
2974200000 7.988925e+03 
2976350000 7.965100e+03 
2978500000 7.996050e+03 
2980650000 8.000550e+03 
2982800000 7.988500e+03 
2984950000 7.998675e+03 
2987100000 7.980925e+03 
2989250000 8.019950e+03 
2991400000 7.970525e+03 
2993550000 7.977625e+03 
2995700000 7.995350e+03 
2997850000 8.000925e+03 
3000000000 7.964750e+03 

END
