IGOR
WAVES/D/O sweep,sig(1) 
BEGIN
2570000000 8.107100e+03 
2.572150e+09 8.080475e+03 
2574300000 8.096375e+03 
2576450000 8.098300e+03 
2578600000 8.104275e+03 
2.580750e+09 8.085750e+03 
2582900000 8.104200e+03 
2585050000 8.113875e+03 
2.587200e+09 8.086025e+03 
2589350000 8.075550e+03 
2591500000 8.082125e+03 
2593650000 8.084700e+03 
2.595800e+09 8.104325e+03 
2597950000 8.100375e+03 
2600100000 8.090025e+03 
2.602250e+09 8.101950e+03 
2604400000 8.096150e+03 
2606550000 8.092950e+03 
2608700000 8.097450e+03 
2.610850e+09 8.102425e+03 
2613000000 8.102100e+03 
2615150000 8.101025e+03 
2.617300e+09 8.073500e+03 
2619450000 8.073050e+03 
2621600000 8.095025e+03 
2623750000 8.098350e+03 
2.625900e+09 8.091250e+03 
2628050000 8.099625e+03 
2630200000 8.061425e+03 
2.632350e+09 8.086200e+03 
2634500000 8.065275e+03 
2636650000 8.068825e+03 
2638800000 8.036725e+03 
2.640950e+09 8.043275e+03 
2643100000 8.056175e+03 
2645250000 8.078575e+03 
2.647400e+09 8.066450e+03 
2649550000 8.092800e+03 
2651700000 8.056725e+03 
2653850000 8.095875e+03 
2.656000e+09 8.089400e+03 
2658150000 8.086075e+03 
2660300000 8.055875e+03 
2.662450e+09 8.049175e+03 
2664600000 8.067900e+03 
2666750000 7.992650e+03 
2668900000 7.993075e+03 
2.671050e+09 8039 
2673200000 8.024825e+03 
2675350000 8.022300e+03 
2677500000 8.072625e+03 
2679650000 8.045450e+03 
2681800000 8.073350e+03 
2683950000 8.083100e+03 
2.686100e+09 8.093425e+03 
2688250000 8.094425e+03 
2690400000 8.097150e+03 
2692550000 8.101850e+03 
2694700000 8.086500e+03 
2696850000 8.075425e+03 
2699000000 8.052225e+03 
2.701150e+09 8.037550e+03 
2703300000 8.038375e+03 
2705450000 8.034950e+03 
2707600000 8.021125e+03 
2.709750e+09 8.027600e+03 
2711900000 8.027475e+03 
2714050000 8.064975e+03 
2.716200e+09 8.058525e+03 
2718350000 8.083325e+03 
2720500000 8.096100e+03 
2722650000 8.109750e+03 
2724800000 8.077075e+03 
2726950000 8.090500e+03 
2729100000 8.090125e+03 
2.731250e+09 8.092050e+03 
2733400000 8.082050e+03 
2735550000 8.066250e+03 
2737700000 8.075200e+03 
2.739850e+09 8.089075e+03 
2742000000 8.072575e+03 
2744150000 8.098225e+03 
2.746300e+09 8.101300e+03 
2748450000 8.090950e+03 
2750600000 8113 
2752750000 8.112025e+03 
2754900000 8.100675e+03 
2757050000 8105 
2759200000 8.113225e+03 
2.761350e+09 8.091050e+03 
2763500000 8.109850e+03 
2765650000 8.097025e+03 
2767800000 8.080325e+03 
2.769950e+09 8.080350e+03 
2772100000 8.090725e+03 
2774250000 8.107825e+03 
2.776400e+09 8.077325e+03 
2778550000 8.116400e+03 
2780700000 8.121550e+03 
2782850000 8.111325e+03 
2785000000 8.118750e+03 
2787150000 8.122375e+03 
2789300000 8.115400e+03 
2791450000 8.122825e+03 
2793600000 8.104700e+03 
2795750000 8.117850e+03 
2797900000 8.101875e+03 
2.800050e+09 8.094925e+03 
2802200000 8.105325e+03 
2804350000 8.091950e+03 
2806500000 8.131475e+03 
2808650000 8.098200e+03 
2810800000 8.121750e+03 
2812950000 8.095650e+03 
2815100000 8.127825e+03 
2817250000 8.116750e+03 
2819400000 8.082925e+03 
2821550000 8.099550e+03 
2823700000 8.113575e+03 
2825850000 8.118775e+03 
2828000000 8.109450e+03 
2.830150e+09 8.092350e+03 
2832300000 8.115550e+03 
2834450000 8.091950e+03 
2836600000 8.107750e+03 
2838750000 8.090100e+03 
2840900000 8.095475e+03 
2843050000 8.090200e+03 
2845200000 8.126100e+03 
2847350000 8.078250e+03 
2849500000 8.116600e+03 
2851650000 8.128150e+03 
2853800000 8.085050e+03 
2855950000 8.106800e+03 
2858100000 8.099850e+03 
2.860250e+09 8.105300e+03 
2862400000 8.098925e+03 
2864550000 8.114500e+03 
2866700000 8.119075e+03 
2868850000 8.102575e+03 
2871000000 8.112275e+03 
2873150000 8.111525e+03 
2875300000 8.117450e+03 
2877450000 8.093500e+03 
2879600000 8.114075e+03 
2881750000 8.113125e+03 
2883900000 8.100100e+03 
2886050000 8.090450e+03 
2888200000 8.077500e+03 
2.890350e+09 8.094350e+03 
2892500000 8.080925e+03 
2894650000 8.097050e+03 
2896800000 8.107025e+03 
2898950000 8.110775e+03 
2901100000 8.100350e+03 
2903250000 8.110100e+03 
2905400000 8.131025e+03 
2907550000 8.119825e+03 
2909700000 8.116850e+03 
2911850000 8.105575e+03 
2914000000 8.094500e+03 
2916150000 8.107350e+03 
2918300000 8.097800e+03 
2920450000 8.107875e+03 
2922600000 8.111475e+03 
2924750000 8.129775e+03 
2926900000 8.123425e+03 
2929050000 8.134925e+03 
2931200000 8.110450e+03 
2933350000 8.105750e+03 
2935500000 8.106900e+03 
2937650000 8.089075e+03 
2939800000 8.107725e+03 
2941950000 8.099800e+03 
2.944100e+09 8.094975e+03 
2946250000 8.128325e+03 
2948400000 8.114350e+03 
2950550000 8.123150e+03 
2952700000 8.097750e+03 
2954850000 8.109875e+03 
2957000000 8.096450e+03 
2959150000 8.105175e+03 
2961300000 8.084975e+03 
2963450000 8.105575e+03 
2965600000 8.113725e+03 
2967750000 8.094375e+03 
2969900000 8.098875e+03 
2972050000 8.097625e+03 
2974200000 8.097125e+03 
2976350000 8.092700e+03 
2978500000 8.083275e+03 
2980650000 8.088525e+03 
2982800000 8.087850e+03 
2984950000 8.083800e+03 
2987100000 8.084500e+03 
2989250000 8.095975e+03 
2991400000 8.122775e+03 
2993550000 8.116700e+03 
2995700000 8.078975e+03 
2997850000 8106 
3000000000 8.095525e+03 

END
