IGOR
WAVES/D/O sweep,sig(1) 
BEGIN
2570000000 7.956225e+03 
2.572150e+09 7.957775e+03 
2574300000 7.965175e+03 
2576450000 7.960925e+03 
2578600000 7.964675e+03 
2.580750e+09 7.953825e+03 
2582900000 7.941050e+03 
2585050000 7.927750e+03 
2.587200e+09 7.940525e+03 
2589350000 7.933050e+03 
2591500000 7.937100e+03 
2593650000 7.955075e+03 
2.595800e+09 7.960725e+03 
2597950000 7.970675e+03 
2600100000 7948 
2.602250e+09 7.948150e+03 
2604400000 7.949625e+03 
2606550000 7.926950e+03 
2608700000 7.968175e+03 
2.610850e+09 7.960275e+03 
2613000000 7.963150e+03 
2615150000 7.941350e+03 
2.617300e+09 7.957025e+03 
2619450000 7.953225e+03 
2621600000 7.958350e+03 
2623750000 7.957225e+03 
2.625900e+09 7.932400e+03 
2628050000 7.962025e+03 
2630200000 7.953875e+03 
2.632350e+09 7.967600e+03 
2634500000 7.960500e+03 
2636650000 7.945225e+03 
2638800000 7.951850e+03 
2.640950e+09 7.941400e+03 
2643100000 7.948150e+03 
2645250000 7.963900e+03 
2.647400e+09 7.947550e+03 
2649550000 7.962125e+03 
2651700000 7.956525e+03 
2653850000 7.954850e+03 
2.656000e+09 7.991450e+03 
2658150000 7.962950e+03 
2660300000 7.929500e+03 
2.662450e+09 7.951700e+03 
2664600000 7.949875e+03 
2666750000 7.952300e+03 
2668900000 7.945025e+03 
2.671050e+09 7.953750e+03 
2673200000 7.974400e+03 
2675350000 7.930725e+03 
2677500000 7.954875e+03 
2679650000 7.957875e+03 
2681800000 7.966350e+03 
2683950000 7.943125e+03 
2.686100e+09 7.962900e+03 
2688250000 7.952025e+03 
2690400000 7.969525e+03 
2692550000 7.963450e+03 
2694700000 7.940800e+03 
2696850000 7.942475e+03 
2699000000 7.965500e+03 
2.701150e+09 7.969350e+03 
2703300000 7.975300e+03 
2705450000 7.958800e+03 
2707600000 7.970850e+03 
2.709750e+09 7.980750e+03 
2711900000 7.959700e+03 
2714050000 7.968900e+03 
2.716200e+09 7.964600e+03 
2718350000 7.958700e+03 
2720500000 7.991250e+03 
2722650000 7.988050e+03 
2724800000 7.961050e+03 
2726950000 7.963350e+03 
2729100000 7.962600e+03 
2.731250e+09 7.985625e+03 
2733400000 7.970525e+03 
2735550000 7.957500e+03 
2737700000 7.943800e+03 
2.739850e+09 7.953050e+03 
2742000000 7.984650e+03 
2744150000 7.962225e+03 
2.746300e+09 7.947275e+03 
2748450000 7.955600e+03 
2750600000 7.944125e+03 
2752750000 7.966950e+03 
2754900000 7972 
2757050000 7.956500e+03 
2759200000 7.956550e+03 
2.761350e+09 7.961800e+03 
2763500000 7.965225e+03 
2765650000 7.974275e+03 
2767800000 7.984375e+03 
2.769950e+09 7.961850e+03 
2772100000 7.962525e+03 
2774250000 7.952825e+03 
2.776400e+09 7.932150e+03 
2778550000 7.921475e+03 
2780700000 7.919775e+03 
2782850000 7.877250e+03 
2785000000 7.844650e+03 
2787150000 7.827450e+03 
2789300000 7.819425e+03 
2791450000 7.796025e+03 
2793600000 7.787950e+03 
2795750000 7.783475e+03 
2797900000 7.796275e+03 
2.800050e+09 7.806950e+03 
2802200000 7.841550e+03 
2804350000 7.843225e+03 
2806500000 7.869275e+03 
2808650000 7.910825e+03 
2810800000 7.926850e+03 
2812950000 7.921675e+03 
2815100000 7.946075e+03 
2817250000 7.981100e+03 
2819400000 7.963850e+03 
2821550000 7.958800e+03 
2823700000 7.993600e+03 
2825850000 7.946775e+03 
2828000000 7.947550e+03 
2.830150e+09 7.967875e+03 
2832300000 7.970625e+03 
2834450000 7.974625e+03 
2836600000 7.962250e+03 
2838750000 7.972375e+03 
2840900000 7.958700e+03 
2843050000 7.970975e+03 
2845200000 7.937425e+03 
2847350000 7.948075e+03 
2849500000 7.973325e+03 
2851650000 7.973400e+03 
2853800000 7.985400e+03 
2855950000 7974 
2858100000 7.961250e+03 
2.860250e+09 7.967100e+03 
2862400000 7.964025e+03 
2864550000 7.974450e+03 
2866700000 7.968325e+03 
2868850000 7.951325e+03 
2871000000 7.962925e+03 
2873150000 7.965750e+03 
2875300000 7.967725e+03 
2877450000 7.957700e+03 
2879600000 7.973525e+03 
2881750000 7.972875e+03 
2883900000 7.963275e+03 
2886050000 7.979850e+03 
2888200000 7.960775e+03 
2.890350e+09 7.978250e+03 
2892500000 7.971250e+03 
2894650000 7.938525e+03 
2896800000 7954 
2898950000 7.959125e+03 
2901100000 7.984075e+03 
2903250000 7.953650e+03 
2905400000 7.960725e+03 
2907550000 7.975950e+03 
2909700000 7.970075e+03 
2911850000 7.961450e+03 
2914000000 7.961275e+03 
2916150000 7.975125e+03 
2918300000 7.948300e+03 
2920450000 7.972575e+03 
2922600000 7.962850e+03 
2924750000 7.980325e+03 
2926900000 7.952150e+03 
2929050000 7.967500e+03 
2931200000 7.988425e+03 
2933350000 7.969800e+03 
2935500000 7.955325e+03 
2937650000 7.954400e+03 
2939800000 7.949675e+03 
2941950000 7.987550e+03 
2.944100e+09 7.938075e+03 
2946250000 7.942250e+03 
2948400000 7.891375e+03 
2950550000 7.863950e+03 
2952700000 7.831225e+03 
2954850000 7.824050e+03 
2957000000 7.763975e+03 
2959150000 7.778400e+03 
2961300000 7.747425e+03 
2963450000 7.771725e+03 
2965600000 7.789400e+03 
2967750000 7.802650e+03 
2969900000 7.837925e+03 
2972050000 7.886925e+03 
2974200000 7.897575e+03 
2976350000 7.921100e+03 
2978500000 7.948850e+03 
2980650000 7.948075e+03 
2982800000 7.976125e+03 
2984950000 7.987325e+03 
2987100000 7.971400e+03 
2989250000 7.978875e+03 
2991400000 7.955325e+03 
2993550000 7.966050e+03 
2995700000 7.991325e+03 
2997850000 7.962350e+03 
3000000000 7.943500e+03 

END
