IGOR
WAVES/D/O sweep,sig(1) 
BEGIN
2570000000 7.980175e+03 
2.572150e+09 7.959825e+03 
2574300000 7.990175e+03 
2576450000 7.982850e+03 
2578600000 7.965925e+03 
2.580750e+09 7.988575e+03 
2582900000 7.976075e+03 
2585050000 7.982350e+03 
2.587200e+09 7.982850e+03 
2589350000 7.977625e+03 
2591500000 7.980100e+03 
2593650000 7.980600e+03 
2.595800e+09 8.005075e+03 
2597950000 7.977350e+03 
2600100000 7.994050e+03 
2.602250e+09 7.995775e+03 
2604400000 7.997025e+03 
2606550000 7.960225e+03 
2608700000 8.003750e+03 
2.610850e+09 7.998475e+03 
2613000000 7.998100e+03 
2615150000 8.014325e+03 
2.617300e+09 8.001525e+03 
2619450000 8.027700e+03 
2621600000 8030 
2623750000 7.995325e+03 
2.625900e+09 7.976200e+03 
2628050000 7.989125e+03 
2630200000 7.978300e+03 
2.632350e+09 7.974500e+03 
2634500000 7.942225e+03 
2636650000 7.973675e+03 
2638800000 7.940725e+03 
2.640950e+09 7.951425e+03 
2643100000 7.965650e+03 
2645250000 7.965225e+03 
2.647400e+09 7.975550e+03 
2649550000 7.980325e+03 
2651700000 8.006850e+03 
2653850000 8.023250e+03 
2.656000e+09 7.979400e+03 
2658150000 7.984575e+03 
2660300000 7.973625e+03 
2.662450e+09 7.968900e+03 
2664600000 7.937900e+03 
2666750000 7.910450e+03 
2668900000 7.930350e+03 
2.671050e+09 7.934750e+03 
2673200000 7.961075e+03 
2675350000 7.969900e+03 
2677500000 7.970100e+03 
2679650000 7.991100e+03 
2681800000 7.998200e+03 
2683950000 7.995500e+03 
2.686100e+09 7.982075e+03 
2688250000 8.013925e+03 
2690400000 7.995150e+03 
2692550000 7.999225e+03 
2694700000 7.978700e+03 
2696850000 7.984425e+03 
2699000000 7.985525e+03 
2.701150e+09 7.953625e+03 
2703300000 7.965975e+03 
2705450000 7.948775e+03 
2707600000 7.963925e+03 
2.709750e+09 7.972350e+03 
2711900000 7.972025e+03 
2714050000 7.960025e+03 
2.716200e+09 7.995675e+03 
2718350000 7.996600e+03 
2720500000 8.001950e+03 
2722650000 8.028350e+03 
2724800000 8.009875e+03 
2726950000 7.995600e+03 
2729100000 7.997375e+03 
2.731250e+09 8.010225e+03 
2733400000 7.996925e+03 
2735550000 7.976425e+03 
2737700000 7.973950e+03 
2.739850e+09 7.996800e+03 
2742000000 7.987575e+03 
2744150000 7.979575e+03 
2.746300e+09 7.984950e+03 
2748450000 8.028300e+03 
2750600000 8.007050e+03 
2752750000 8.011725e+03 
2754900000 8.007625e+03 
2757050000 8.020725e+03 
2759200000 8.020325e+03 
2.761350e+09 8030 
2763500000 8.046050e+03 
2765650000 8.033475e+03 
2767800000 8.012600e+03 
2.769950e+09 8.019025e+03 
2772100000 8.004775e+03 
2774250000 8.014850e+03 
2.776400e+09 8.000175e+03 
2778550000 8.038100e+03 
2780700000 8.045025e+03 
2782850000 8.030450e+03 
2785000000 8.010800e+03 
2787150000 8.001450e+03 
2789300000 8.047125e+03 
2791450000 8.025450e+03 
2793600000 8.006625e+03 
2795750000 8.017300e+03 
2797900000 8.021975e+03 
2.800050e+09 8.008825e+03 
2802200000 8.017325e+03 
2804350000 8.007775e+03 
2806500000 8.023925e+03 
2808650000 8.023050e+03 
2810800000 8.009625e+03 
2812950000 7.969300e+03 
2815100000 8.011050e+03 
2817250000 8.007175e+03 
2819400000 8.025750e+03 
2821550000 7.985850e+03 
2823700000 8.013350e+03 
2825850000 8.000925e+03 
2828000000 7.995850e+03 
2.830150e+09 8.018800e+03 
2832300000 7994 
2834450000 7.995600e+03 
2836600000 7.997575e+03 
2838750000 8.019725e+03 
2840900000 8.031325e+03 
2843050000 8.013925e+03 
2845200000 7.983400e+03 
2847350000 8.026425e+03 
2849500000 8.000850e+03 
2851650000 8.023625e+03 
2853800000 8.036475e+03 
2855950000 7.986650e+03 
2858100000 8.017550e+03 
2.860250e+09 8.041625e+03 
2862400000 7.984825e+03 
2864550000 8.006400e+03 
2866700000 8.010975e+03 
2868850000 8.003025e+03 
2871000000 7.993225e+03 
2873150000 7.996900e+03 
2875300000 7.987475e+03 
2877450000 7.975375e+03 
2879600000 7.977625e+03 
2881750000 7.976300e+03 
2883900000 7.978100e+03 
2886050000 8.003500e+03 
2888200000 7.991700e+03 
2.890350e+09 7.984450e+03 
2892500000 7.982050e+03 
2894650000 8.018050e+03 
2896800000 7.994125e+03 
2898950000 8.014475e+03 
2901100000 8.018300e+03 
2903250000 8.014225e+03 
2905400000 7.998550e+03 
2907550000 8.014600e+03 
2909700000 8.001525e+03 
2911850000 8.007675e+03 
2914000000 8.022325e+03 
2916150000 8.000450e+03 
2918300000 8.001625e+03 
2920450000 7.996575e+03 
2922600000 8.013600e+03 
2924750000 8.005600e+03 
2926900000 7.999125e+03 
2929050000 8.007500e+03 
2931200000 8.007875e+03 
2933350000 8.011925e+03 
2935500000 8.003575e+03 
2937650000 8.006125e+03 
2939800000 8.013550e+03 
2941950000 7.984500e+03 
2.944100e+09 7.997125e+03 
2946250000 8.018100e+03 
2948400000 8.008275e+03 
2950550000 8.020475e+03 
2952700000 8.025050e+03 
2954850000 8.004675e+03 
2957000000 8.016450e+03 
2959150000 8.005375e+03 
2961300000 8.037750e+03 
2963450000 8.006275e+03 
2965600000 8.028500e+03 
2967750000 8.003100e+03 
2969900000 8.029925e+03 
2972050000 7.995350e+03 
2974200000 7.966025e+03 
2976350000 8.008050e+03 
2978500000 8.047675e+03 
2980650000 7.987225e+03 
2982800000 7.996625e+03 
2984950000 8.026725e+03 
2987100000 8.005475e+03 
2989250000 8.007300e+03 
2991400000 7.991350e+03 
2993550000 8.003950e+03 
2995700000 8.008425e+03 
2997850000 8.023975e+03 
3000000000 8.030500e+03 

END
