IGOR
WAVES/D/O sweep,sig(1) 
BEGIN
2570000000 8.078350e+03 
2.572150e+09 8.074425e+03 
2574300000 8.049050e+03 
2576450000 8.074575e+03 
2578600000 8.060725e+03 
2.580750e+09 8.066925e+03 
2582900000 8.060200e+03 
2585050000 8.047075e+03 
2.587200e+09 8.045750e+03 
2589350000 8.042750e+03 
2591500000 8.088175e+03 
2593650000 8.078100e+03 
2.595800e+09 8.066725e+03 
2597950000 8.074175e+03 
2600100000 8.034400e+03 
2.602250e+09 8.067075e+03 
2604400000 8.058875e+03 
2606550000 8.074275e+03 
2608700000 8.063425e+03 
2.610850e+09 8.059400e+03 
2613000000 8.045350e+03 
2615150000 8.061175e+03 
2.617300e+09 8.073775e+03 
2619450000 8.094200e+03 
2621600000 8.104475e+03 
2623750000 8.058375e+03 
2.625900e+09 8.058475e+03 
2628050000 8.055725e+03 
2630200000 8.063925e+03 
2.632350e+09 8.049900e+03 
2634500000 8.027400e+03 
2636650000 8.036925e+03 
2638800000 8.022525e+03 
2.640950e+09 8.042825e+03 
2643100000 8.023400e+03 
2645250000 8.016700e+03 
2.647400e+09 8.052475e+03 
2649550000 8.051075e+03 
2651700000 8.057200e+03 
2653850000 8.036175e+03 
2.656000e+09 8.060350e+03 
2658150000 8.056900e+03 
2660300000 8.044050e+03 
2.662450e+09 8.031125e+03 
2664600000 8.009825e+03 
2666750000 8.017300e+03 
2668900000 7.999075e+03 
2.671050e+09 8.003675e+03 
2673200000 7.989775e+03 
2675350000 8.019300e+03 
2677500000 8.025350e+03 
2679650000 8.036400e+03 
2681800000 8.037575e+03 
2683950000 8.071375e+03 
2.686100e+09 8.051250e+03 
2688250000 8.042925e+03 
2690400000 8.081850e+03 
2692550000 8.075125e+03 
2694700000 8.042700e+03 
2696850000 8.048725e+03 
2699000000 8.029575e+03 
2.701150e+09 8.020425e+03 
2703300000 8.020700e+03 
2705450000 8.018250e+03 
2707600000 8.011850e+03 
2.709750e+09 7.996950e+03 
2711900000 8.006725e+03 
2714050000 8.047800e+03 
2.716200e+09 8.038175e+03 
2718350000 8.050350e+03 
2720500000 8.040500e+03 
2722650000 8.046975e+03 
2724800000 8.043325e+03 
2726950000 8.071600e+03 
2729100000 8.053400e+03 
2.731250e+09 8.027375e+03 
2733400000 8.026775e+03 
2735550000 8.042325e+03 
2737700000 8.045100e+03 
2.739850e+09 8.031925e+03 
2742000000 8.025225e+03 
2744150000 8032 
2.746300e+09 8.051300e+03 
2748450000 8.064175e+03 
2750600000 8.053900e+03 
2752750000 8.043150e+03 
2754900000 8.055900e+03 
2757050000 8.069500e+03 
2759200000 8.057275e+03 
2.761350e+09 8.043400e+03 
2763500000 8.081400e+03 
2765650000 8.086900e+03 
2767800000 8.059550e+03 
2.769950e+09 8.085250e+03 
2772100000 8.066325e+03 
2774250000 8.048975e+03 
2.776400e+09 8.029575e+03 
2778550000 8.068400e+03 
2780700000 8.056600e+03 
2782850000 8.070500e+03 
2785000000 8.080875e+03 
2787150000 8.062625e+03 
2789300000 8.071450e+03 
2791450000 8.073175e+03 
2793600000 8.053675e+03 
2795750000 8.030700e+03 
2797900000 8.084400e+03 
2.800050e+09 8.073750e+03 
2802200000 8.077950e+03 
2804350000 8.062750e+03 
2806500000 8.077550e+03 
2808650000 8.062800e+03 
2810800000 8.044600e+03 
2812950000 8.045800e+03 
2815100000 8.066350e+03 
2817250000 8.062400e+03 
2819400000 8.072825e+03 
2821550000 8.078575e+03 
2823700000 8.077250e+03 
2825850000 8.062650e+03 
2828000000 8.049900e+03 
2.830150e+09 8.061025e+03 
2832300000 8.052725e+03 
2834450000 8.061350e+03 
2836600000 8.055150e+03 
2838750000 8.042700e+03 
2840900000 8.073200e+03 
2843050000 8.067275e+03 
2845200000 8.047275e+03 
2847350000 8.049250e+03 
2849500000 8.073475e+03 
2851650000 8.079275e+03 
2853800000 8.066225e+03 
2855950000 8.092675e+03 
2858100000 8.089100e+03 
2.860250e+09 8.074675e+03 
2862400000 8.056025e+03 
2864550000 8.066325e+03 
2866700000 8051 
2868850000 8.059500e+03 
2871000000 8.048400e+03 
2873150000 8.069500e+03 
2875300000 8.070625e+03 
2877450000 8.047700e+03 
2879600000 8.044400e+03 
2881750000 8.058325e+03 
2883900000 8.045500e+03 
2886050000 8.078725e+03 
2888200000 8.070300e+03 
2.890350e+09 8.070150e+03 
2892500000 8.054850e+03 
2894650000 8.048700e+03 
2896800000 8.040300e+03 
2898950000 8.076250e+03 
2901100000 8.035625e+03 
2903250000 8.058500e+03 
2905400000 8.075475e+03 
2907550000 8.065775e+03 
2909700000 8.069800e+03 
2911850000 8.071050e+03 
2914000000 8.074550e+03 
2916150000 8.058600e+03 
2918300000 8.046325e+03 
2920450000 8.076900e+03 
2922600000 8.062525e+03 
2924750000 8.061650e+03 
2926900000 8.078400e+03 
2929050000 8.064725e+03 
2931200000 8.058875e+03 
2933350000 8.068550e+03 
2935500000 8.056375e+03 
2937650000 8056 
2939800000 8.066800e+03 
2941950000 8.081350e+03 
2.944100e+09 8.058525e+03 
2946250000 8.058075e+03 
2948400000 8.054675e+03 
2950550000 8.058650e+03 
2952700000 8.049425e+03 
2954850000 8.060100e+03 
2957000000 8.045825e+03 
2959150000 8.060025e+03 
2961300000 8.069750e+03 
2963450000 8.059325e+03 
2965600000 8.070675e+03 
2967750000 8.053525e+03 
2969900000 8.073225e+03 
2972050000 8.026600e+03 
2974200000 8.074750e+03 
2976350000 8.063925e+03 
2978500000 8.068250e+03 
2980650000 8.072575e+03 
2982800000 8.063025e+03 
2984950000 8.065100e+03 
2987100000 8.038625e+03 
2989250000 8.039025e+03 
2991400000 8.053325e+03 
2993550000 8.062775e+03 
2995700000 8.089600e+03 
2997850000 8.065225e+03 
3000000000 8.072350e+03 

END
