IGOR
WAVES/D/O sweep,sig(1) 
BEGIN
2570000000 8.111550e+03 
2.572150e+09 8.099850e+03 
2574300000 8.086825e+03 
2576450000 8.097450e+03 
2578600000 8.102200e+03 
2.580750e+09 8.105175e+03 
2582900000 8.101175e+03 
2585050000 8.123300e+03 
2.587200e+09 8.110625e+03 
2589350000 8.082675e+03 
2591500000 8.102800e+03 
2593650000 8.089525e+03 
2.595800e+09 8.087800e+03 
2597950000 8.124850e+03 
2600100000 8.099050e+03 
2.602250e+09 8.094650e+03 
2604400000 8.103900e+03 
2606550000 8.112400e+03 
2608700000 8.119775e+03 
2.610850e+09 8.098725e+03 
2613000000 8.106900e+03 
2615150000 8.091175e+03 
2.617300e+09 8.120400e+03 
2619450000 8.106825e+03 
2621600000 8.115025e+03 
2623750000 8.101075e+03 
2.625900e+09 8.094675e+03 
2628050000 8088 
2630200000 8.098900e+03 
2.632350e+09 8.103600e+03 
2634500000 8.068725e+03 
2636650000 8.054400e+03 
2638800000 8.060250e+03 
2.640950e+09 8.042300e+03 
2643100000 8.071550e+03 
2645250000 8.050400e+03 
2.647400e+09 8.104750e+03 
2649550000 8.089875e+03 
2651700000 8.090450e+03 
2653850000 8.069975e+03 
2.656000e+09 8.098775e+03 
2658150000 8.071550e+03 
2660300000 8.073625e+03 
2.662450e+09 8.052775e+03 
2664600000 8048 
2666750000 8.052850e+03 
2668900000 8.036850e+03 
2.671050e+09 8.003700e+03 
2673200000 8.018300e+03 
2675350000 8.054925e+03 
2677500000 8.056075e+03 
2679650000 8.059800e+03 
2681800000 8.122675e+03 
2683950000 8.087825e+03 
2.686100e+09 8.091175e+03 
2688250000 8.101800e+03 
2690400000 8.079275e+03 
2692550000 8.092475e+03 
2694700000 8.094350e+03 
2696850000 8.082900e+03 
2699000000 8.065225e+03 
2.701150e+09 8.065050e+03 
2703300000 8.063925e+03 
2705450000 8.034450e+03 
2707600000 8.027050e+03 
2.709750e+09 8.053300e+03 
2711900000 8.022400e+03 
2714050000 8.040775e+03 
2.716200e+09 8.066850e+03 
2718350000 8.064850e+03 
2720500000 8.076225e+03 
2722650000 8.077875e+03 
2724800000 8.088500e+03 
2726950000 8.082550e+03 
2729100000 8.077725e+03 
2.731250e+09 8.065375e+03 
2733400000 8.059175e+03 
2735550000 8.072550e+03 
2737700000 8.068050e+03 
2.739850e+09 8.052125e+03 
2742000000 8.074825e+03 
2744150000 8.066825e+03 
2.746300e+09 8.082975e+03 
2748450000 8.071650e+03 
2750600000 8.076475e+03 
2752750000 8.092050e+03 
2754900000 8.106825e+03 
2757050000 8.076400e+03 
2759200000 8.081050e+03 
2.761350e+09 8.095475e+03 
2763500000 8.082550e+03 
2765650000 8.076500e+03 
2767800000 8.083425e+03 
2.769950e+09 8.087750e+03 
2772100000 8.111375e+03 
2774250000 8.070475e+03 
2.776400e+09 8.101875e+03 
2778550000 8.074300e+03 
2780700000 8.080800e+03 
2782850000 8.083200e+03 
2785000000 8.093375e+03 
2787150000 8.106750e+03 
2789300000 8.089450e+03 
2791450000 8.095825e+03 
2793600000 8.094050e+03 
2795750000 8.093525e+03 
2797900000 8.110975e+03 
2.800050e+09 8.103525e+03 
2802200000 8.119875e+03 
2804350000 8.092175e+03 
2806500000 8.078900e+03 
2808650000 8.108300e+03 
2810800000 8.086125e+03 
2812950000 8060 
2815100000 8.091800e+03 
2817250000 8.111950e+03 
2819400000 8.099825e+03 
2821550000 8.100325e+03 
2823700000 8.095875e+03 
2825850000 8.088625e+03 
2828000000 8.120575e+03 
2.830150e+09 8.129475e+03 
2832300000 8.093500e+03 
2834450000 8.113200e+03 
2836600000 8.116125e+03 
2838750000 8.101325e+03 
2840900000 8.095800e+03 
2843050000 8.101425e+03 
2845200000 8.104475e+03 
2847350000 8.092050e+03 
2849500000 8.109175e+03 
2851650000 8.105050e+03 
2853800000 8.113450e+03 
2855950000 8.087600e+03 
2858100000 8.105600e+03 
2.860250e+09 8.102525e+03 
2862400000 8.076350e+03 
2864550000 8.102100e+03 
2866700000 8.070675e+03 
2868850000 8.086100e+03 
2871000000 8.085525e+03 
2873150000 8.111025e+03 
2875300000 8.093750e+03 
2877450000 8.091700e+03 
2879600000 8.074150e+03 
2881750000 8.081800e+03 
2883900000 8.094225e+03 
2886050000 8.080250e+03 
2888200000 8.089750e+03 
2.890350e+09 8.097400e+03 
2892500000 8.058300e+03 
2894650000 8.117425e+03 
2896800000 8.103275e+03 
2898950000 8.083400e+03 
2901100000 8.069425e+03 
2903250000 8.100500e+03 
2905400000 8.120400e+03 
2907550000 8.102550e+03 
2909700000 8.080500e+03 
2911850000 8.084575e+03 
2914000000 8.100975e+03 
2916150000 8.087150e+03 
2918300000 8.107025e+03 
2920450000 8.095825e+03 
2922600000 8.115950e+03 
2924750000 8.085750e+03 
2926900000 8.096900e+03 
2929050000 8.103525e+03 
2931200000 8.120150e+03 
2933350000 8.098750e+03 
2935500000 8.095200e+03 
2937650000 8.099600e+03 
2939800000 8.099375e+03 
2941950000 8.099375e+03 
2.944100e+09 8.103250e+03 
2946250000 8.118650e+03 
2948400000 8.093125e+03 
2950550000 8.107525e+03 
2952700000 8.110425e+03 
2954850000 8.100325e+03 
2957000000 8.073250e+03 
2959150000 8.064900e+03 
2961300000 8.090700e+03 
2963450000 8.079825e+03 
2965600000 8.102600e+03 
2967750000 8.100775e+03 
2969900000 8.067650e+03 
2972050000 8.093050e+03 
2974200000 8.085875e+03 
2976350000 8.092900e+03 
2978500000 8.093175e+03 
2980650000 8.107275e+03 
2982800000 8.108025e+03 
2984950000 8.107975e+03 
2987100000 8.103850e+03 
2989250000 8.090900e+03 
2991400000 8.132725e+03 
2993550000 8.074050e+03 
2995700000 8.105850e+03 
2997850000 8.085150e+03 
3000000000 8.115375e+03 

END
