IGOR
WAVES/D/O sweep,sig(1) 
BEGIN
2570000000 1.598025e+04 
2574300000 1.602210e+04 
2578600000 1.599875e+04 
2582900000 1.599605e+04 
2.587200e+09 1.600305e+04 
2591500000 1.600920e+04 
2.595800e+09 1.599180e+04 
2600100000 1.602025e+04 
2604400000 1.600160e+04 
2608700000 1.603365e+04 
2613000000 1.597105e+04 
2.617300e+09 1.599145e+04 
2621600000 1.598285e+04 
2.625900e+09 1.597535e+04 
2630200000 1.600435e+04 
2634500000 1.594085e+04 
2638800000 1.605530e+04 
2643100000 1.603675e+04 
2.647400e+09 1.595070e+04 
2651700000 1.601085e+04 
2.656000e+09 1.599340e+04 
2660300000 1.599960e+04 
2664600000 1.597320e+04 
2668900000 1.601745e+04 
2673200000 1.599285e+04 
2677500000 1.597220e+04 
2681800000 1.601645e+04 
2.686100e+09 1.594450e+04 
2690400000 1.598895e+04 
2694700000 1.595680e+04 
2699000000 1.597605e+04 
2703300000 1.593065e+04 
2707600000 1.600310e+04 
2711900000 1.597510e+04 
2.716200e+09 1.600470e+04 
2720500000 1.596750e+04 
2724800000 1.601545e+04 
2729100000 1.600080e+04 
2733400000 1.599885e+04 
2737700000 1.596930e+04 
2742000000 1.597085e+04 
2.746300e+09 1.596190e+04 
2750600000 1.596030e+04 
2754900000 1.592110e+04 
2759200000 1.591765e+04 
2763500000 1.592370e+04 
2767800000 1.589660e+04 
2772100000 1.588685e+04 
2.776400e+09 1.578620e+04 
2780700000 1.581935e+04 
2785000000 1.570025e+04 
2789300000 1.563735e+04 
2793600000 1.559955e+04 
2797900000 1.562255e+04 
2802200000 1.565430e+04 
2806500000 1.576305e+04 
2810800000 1.582835e+04 
2815100000 1.591125e+04 
2819400000 1.593495e+04 
2823700000 1.591115e+04 
2828000000 1.594380e+04 
2832300000 1.598010e+04 
2836600000 1.600605e+04 
2840900000 1.601450e+04 
2845200000 1.605780e+04 
2849500000 1.604725e+04 
2853800000 1.604235e+04 
2858100000 1.598625e+04 
2862400000 1.601955e+04 
2866700000 15972 
2871000000 1.602915e+04 
2875300000 15968 
2879600000 1.598045e+04 
2883900000 1.598735e+04 
2888200000 1.594095e+04 
2892500000 1.603540e+04 
2896800000 1.604055e+04 
2901100000 1.602965e+04 
2905400000 1.599150e+04 
2909700000 1.604510e+04 
2914000000 1.602575e+04 
2918300000 1.599060e+04 
2922600000 1.596985e+04 
2926900000 1.602535e+04 
2931200000 1.593425e+04 
2935500000 1.601040e+04 
2939800000 1.591560e+04 
2.944100e+09 1.584520e+04 
2948400000 1.573750e+04 
2952700000 1.568840e+04 
2957000000 1.554980e+04 
2961300000 1.557135e+04 
2965600000 1.563715e+04 
2969900000 1.570960e+04 
2974200000 1.581785e+04 
2978500000 1.588050e+04 
2982800000 1.592870e+04 
2987100000 15989 
2991400000 1.600535e+04 
2995700000 1.600240e+04 
3000000000 1.601455e+04 

END
