IGOR
WAVES/D/O sweep,sig(1) 
BEGIN
2570000000 8.227925e+03 
2.572150e+09 8.230175e+03 
2574300000 8.236050e+03 
2576450000 8.245350e+03 
2578600000 8.238075e+03 
2.580750e+09 8.263450e+03 
2582900000 8.225100e+03 
2585050000 8.231850e+03 
2.587200e+09 8.239500e+03 
2589350000 8.225425e+03 
2591500000 8.235550e+03 
2593650000 8.243975e+03 
2.595800e+09 8.249050e+03 
2597950000 8.242125e+03 
2600100000 8.261125e+03 
2.602250e+09 8.259350e+03 
2604400000 8.246375e+03 
2606550000 8.247225e+03 
2608700000 8.259275e+03 
2.610850e+09 8.260500e+03 
2613000000 8.242475e+03 
2615150000 8.257575e+03 
2.617300e+09 8.248850e+03 
2619450000 8.246425e+03 
2621600000 8.262650e+03 
2623750000 8.237225e+03 
2.625900e+09 8.229325e+03 
2628050000 8.215975e+03 
2630200000 8.224550e+03 
2.632350e+09 8.216400e+03 
2634500000 8.208875e+03 
2636650000 8.183900e+03 
2638800000 8189 
2.640950e+09 8.207500e+03 
2643100000 8.219150e+03 
2645250000 8.197200e+03 
2.647400e+09 8.209550e+03 
2649550000 8.258325e+03 
2651700000 8212 
2653850000 8.220575e+03 
2.656000e+09 8.245875e+03 
2658150000 8.248700e+03 
2660300000 8.221300e+03 
2.662450e+09 8.220125e+03 
2664600000 8.195625e+03 
2666750000 8.174375e+03 
2668900000 8.175550e+03 
2.671050e+09 8.158925e+03 
2673200000 8.161950e+03 
2675350000 8.181050e+03 
2677500000 8.230575e+03 
2679650000 8.211375e+03 
2681800000 8.222775e+03 
2683950000 8.229250e+03 
2.686100e+09 8.248075e+03 
2688250000 8.249450e+03 
2690400000 8.241450e+03 
2692550000 8.242725e+03 
2694700000 8.268675e+03 
2696850000 8.241500e+03 
2699000000 8.235425e+03 
2.701150e+09 8.203575e+03 
2703300000 8.188950e+03 
2705450000 8.174550e+03 
2707600000 8.172200e+03 
2.709750e+09 8.178025e+03 
2711900000 8.189425e+03 
2714050000 8.181300e+03 
2.716200e+09 8.212650e+03 
2718350000 8.235275e+03 
2720500000 8.222075e+03 
2722650000 8.231550e+03 
2724800000 8.257375e+03 
2726950000 8.245725e+03 
2729100000 8.238175e+03 
2.731250e+09 8.222750e+03 
2733400000 8.237200e+03 
2735550000 8.233200e+03 
2737700000 8.206850e+03 
2.739850e+09 8.199150e+03 
2742000000 8.199800e+03 
2744150000 8.182675e+03 
2.746300e+09 8.231325e+03 
2748450000 8.226075e+03 
2750600000 8.247150e+03 
2752750000 8.233575e+03 
2754900000 8.269875e+03 
2757050000 8.225550e+03 
2759200000 8.224850e+03 
2.761350e+09 8.235900e+03 
2763500000 8.268050e+03 
2765650000 8.246075e+03 
2767800000 8.234100e+03 
2.769950e+09 8.241900e+03 
2772100000 8.261950e+03 
2774250000 8.239450e+03 
2.776400e+09 8.227225e+03 
2778550000 8.250500e+03 
2780700000 8.230400e+03 
2782850000 8.245400e+03 
2785000000 8.247450e+03 
2787150000 8.223275e+03 
2789300000 8.230375e+03 
2791450000 8.234125e+03 
2793600000 8.228850e+03 
2795750000 8.240700e+03 
2797900000 8.219625e+03 
2.800050e+09 8.252150e+03 
2802200000 8.234050e+03 
2804350000 8.210250e+03 
2806500000 8.243725e+03 
2808650000 8.216350e+03 
2810800000 8.228225e+03 
2812950000 8.206275e+03 
2815100000 8.253450e+03 
2817250000 8.228175e+03 
2819400000 8.211975e+03 
2821550000 8.244025e+03 
2823700000 8.246550e+03 
2825850000 8.217875e+03 
2828000000 8.236050e+03 
2.830150e+09 8.230375e+03 
2832300000 8.238725e+03 
2834450000 8.216525e+03 
2836600000 8.252450e+03 
2838750000 8.223975e+03 
2840900000 8.237925e+03 
2843050000 8.237250e+03 
2845200000 8.217625e+03 
2847350000 8.208375e+03 
2849500000 8.249100e+03 
2851650000 8.219200e+03 
2853800000 8.219150e+03 
2855950000 8.201700e+03 
2858100000 8.215375e+03 
2.860250e+09 8220 
2862400000 8.207200e+03 
2864550000 8.204100e+03 
2866700000 8.211075e+03 
2868850000 8.238825e+03 
2871000000 8.223500e+03 
2873150000 8.230225e+03 
2875300000 8.249600e+03 
2877450000 8.224900e+03 
2879600000 8.211050e+03 
2881750000 8.241475e+03 
2883900000 8.221200e+03 
2886050000 8.221025e+03 
2888200000 8.233500e+03 
2.890350e+09 8.214650e+03 
2892500000 8.219975e+03 
2894650000 8.216850e+03 
2896800000 8.213550e+03 
2898950000 8.243050e+03 
2901100000 8.227750e+03 
2903250000 8.233350e+03 
2905400000 8.242400e+03 
2907550000 8.233775e+03 
2909700000 8.259475e+03 
2911850000 8.234250e+03 
2914000000 8.220425e+03 
2916150000 8.227125e+03 
2918300000 8.217950e+03 
2920450000 8.244650e+03 
2922600000 8.238975e+03 
2924750000 8.220950e+03 
2926900000 8.209425e+03 
2929050000 8.229150e+03 
2931200000 8.231350e+03 
2933350000 8.225450e+03 
2935500000 8.216050e+03 
2937650000 8.227475e+03 
2939800000 8.221675e+03 
2941950000 8.225550e+03 
2.944100e+09 8.236200e+03 
2946250000 8.233350e+03 
2948400000 8.210250e+03 
2950550000 8.237025e+03 
2952700000 8.229225e+03 
2954850000 8.240525e+03 
2957000000 8.226400e+03 
2959150000 8.198950e+03 
2961300000 8.243500e+03 
2963450000 8.239075e+03 
2965600000 8.232375e+03 
2967750000 8.255375e+03 
2969900000 8.215750e+03 
2972050000 8.222425e+03 
2974200000 8.220175e+03 
2976350000 8.227500e+03 
2978500000 8.218700e+03 
2980650000 8.218100e+03 
2982800000 8.246800e+03 
2984950000 8.241200e+03 
2987100000 8243 
2989250000 8.231350e+03 
2991400000 8.229025e+03 
2993550000 8.219750e+03 
2995700000 8.211775e+03 
2997850000 8.224550e+03 
3000000000 8.231400e+03 

END
