IGOR
WAVES/D/O sweep,sig(1) 
BEGIN
2570000000 8.073850e+03 
2.572150e+09 8.079375e+03 
2574300000 8.061675e+03 
2576450000 8.090175e+03 
2578600000 8.079475e+03 
2.580750e+09 8.084375e+03 
2582900000 8.067075e+03 
2585050000 8.085450e+03 
2.587200e+09 8.060075e+03 
2589350000 8.093250e+03 
2591500000 8.096400e+03 
2593650000 8.093975e+03 
2.595800e+09 8.068450e+03 
2597950000 8.118525e+03 
2600100000 8.101125e+03 
2.602250e+09 8.088100e+03 
2604400000 8.067100e+03 
2606550000 8.096300e+03 
2608700000 8.116575e+03 
2.610850e+09 8.088250e+03 
2613000000 8.097350e+03 
2615150000 8.113200e+03 
2.617300e+09 8.120700e+03 
2619450000 8.111200e+03 
2621600000 8.069450e+03 
2623750000 8.085850e+03 
2.625900e+09 8.088125e+03 
2628050000 8.091025e+03 
2630200000 8.083275e+03 
2.632350e+09 8.042775e+03 
2634500000 8.079875e+03 
2636650000 8.071050e+03 
2638800000 8.044050e+03 
2.640950e+09 8.054875e+03 
2643100000 8.069350e+03 
2645250000 8.068900e+03 
2.647400e+09 8.088525e+03 
2649550000 8.056300e+03 
2651700000 8.111750e+03 
2653850000 8.079825e+03 
2.656000e+09 8.089450e+03 
2658150000 8.073175e+03 
2660300000 8.095100e+03 
2.662450e+09 8.075300e+03 
2664600000 8.051900e+03 
2666750000 8.025375e+03 
2668900000 7.999150e+03 
2.671050e+09 8.014125e+03 
2673200000 8.017100e+03 
2675350000 8.006100e+03 
2677500000 8.032900e+03 
2679650000 8.095550e+03 
2681800000 8.074925e+03 
2683950000 8.070675e+03 
2.686100e+09 8.053125e+03 
2688250000 8.107425e+03 
2690400000 8.089700e+03 
2692550000 8.086025e+03 
2694700000 8.080600e+03 
2696850000 8.086900e+03 
2699000000 8.076375e+03 
2.701150e+09 8.011100e+03 
2703300000 8.043150e+03 
2705450000 8.024925e+03 
2707600000 8.013800e+03 
2.709750e+09 8.020675e+03 
2711900000 8.023175e+03 
2714050000 8.043400e+03 
2.716200e+09 8.069025e+03 
2718350000 8.068500e+03 
2720500000 8.102125e+03 
2722650000 8.110950e+03 
2724800000 8.099875e+03 
2726950000 8.072025e+03 
2729100000 8.079775e+03 
2.731250e+09 8.103350e+03 
2733400000 8.074200e+03 
2735550000 8.062575e+03 
2737700000 8.068750e+03 
2.739850e+09 8.086725e+03 
2742000000 8.063850e+03 
2744150000 8.083600e+03 
2.746300e+09 8.091500e+03 
2748450000 8.111400e+03 
2750600000 8.091975e+03 
2752750000 8.113675e+03 
2754900000 8.060175e+03 
2757050000 8.111300e+03 
2759200000 8.091750e+03 
2.761350e+09 8.109175e+03 
2763500000 8.083925e+03 
2765650000 8.106350e+03 
2767800000 8.093275e+03 
2.769950e+09 8.076150e+03 
2772100000 8.089450e+03 
2774250000 8.103550e+03 
2.776400e+09 8.123275e+03 
2778550000 8.090800e+03 
2780700000 8.124475e+03 
2782850000 8.124750e+03 
2785000000 8.116400e+03 
2787150000 8.126700e+03 
2789300000 8.102400e+03 
2791450000 8.110175e+03 
2793600000 8122 
2795750000 8.131950e+03 
2797900000 8.099525e+03 
2.800050e+09 8.122175e+03 
2802200000 8.133775e+03 
2804350000 8.113300e+03 
2806500000 8.131925e+03 
2808650000 8.102950e+03 
2810800000 8.135375e+03 
2812950000 8.145300e+03 
2815100000 8.095100e+03 
2817250000 8.092600e+03 
2819400000 8.120950e+03 
2821550000 8.107450e+03 
2823700000 8.106350e+03 
2825850000 8.129850e+03 
2828000000 8.126350e+03 
2.830150e+09 8.139300e+03 
2832300000 8.112350e+03 
2834450000 8.109975e+03 
2836600000 8.126800e+03 
2838750000 8.141650e+03 
2840900000 8.131900e+03 
2843050000 8.110975e+03 
2845200000 8.142425e+03 
2847350000 8.120100e+03 
2849500000 8.118875e+03 
2851650000 8.119575e+03 
2853800000 8.144775e+03 
2855950000 8.138200e+03 
2858100000 8.128025e+03 
2.860250e+09 8.132950e+03 
2862400000 8.139750e+03 
2864550000 8.127250e+03 
2866700000 8.151850e+03 
2868850000 8.122375e+03 
2871000000 8.112900e+03 
2873150000 8.121925e+03 
2875300000 8.121625e+03 
2877450000 8.131625e+03 
2879600000 8.140800e+03 
2881750000 8.133750e+03 
2883900000 8.132300e+03 
2886050000 8.123300e+03 
2888200000 8.140100e+03 
2.890350e+09 8.139600e+03 
2892500000 8.134800e+03 
2894650000 8.121675e+03 
2896800000 8.148850e+03 
2898950000 8.152075e+03 
2901100000 8.134300e+03 
2903250000 8138 
2905400000 8.137075e+03 
2907550000 8.124575e+03 
2909700000 8.127625e+03 
2911850000 8.139600e+03 
2914000000 8.121125e+03 
2916150000 8.133025e+03 
2918300000 8.121900e+03 
2920450000 8.128725e+03 
2922600000 8.135125e+03 
2924750000 8.143050e+03 
2926900000 8.139925e+03 
2929050000 8.126450e+03 
2931200000 8.116250e+03 
2933350000 8.131475e+03 
2935500000 8.148500e+03 
2937650000 8.135875e+03 
2939800000 8.120150e+03 
2941950000 8.134125e+03 
2.944100e+09 8.133300e+03 
2946250000 8.123650e+03 
2948400000 8.123300e+03 
2950550000 8.115475e+03 
2952700000 8.124650e+03 
2954850000 8.138925e+03 
2957000000 8.103975e+03 
2959150000 8.110900e+03 
2961300000 8.145425e+03 
2963450000 8.129700e+03 
2965600000 8.102700e+03 
2967750000 8.142525e+03 
2969900000 8.119550e+03 
2972050000 8.131975e+03 
2974200000 8.127325e+03 
2976350000 8.140300e+03 
2978500000 8.139475e+03 
2980650000 8.165375e+03 
2982800000 8.136650e+03 
2984950000 8.135900e+03 
2987100000 8.148325e+03 
2989250000 8.135875e+03 
2991400000 8.155675e+03 
2993550000 8.149025e+03 
2995700000 8.132500e+03 
2997850000 8.135600e+03 
3000000000 8137 

END
