IGOR
WAVES/D/O sweep,sig(1) 
BEGIN
2770000000 4.989950e+03 
2.772000e+09 5.004550e+03 
2774000000 4.986300e+03 
2776000000 4.995550e+03 
2778000000 4.965550e+03 
2.780000e+09 4.980700e+03 
2782000000 4.981500e+03 
2784000000 4.970650e+03 
2786000000 4.999300e+03 
2.788000e+09 5.009450e+03 
2790000000 5.022800e+03 
2792000000 4.988450e+03 
2794000000 4.981150e+03 
2.796000e+09 4.979250e+03 
2798000000 4.980500e+03 
2800000000 4.969200e+03 
2802000000 4.966150e+03 
2.804000e+09 4.984150e+03 
2806000000 4.983100e+03 
2808000000 5.019100e+03 
2810000000 5.013150e+03 
2.812000e+09 4.986850e+03 
2814000000 4.993150e+03 
2816000000 4.993450e+03 
2818000000 4.984500e+03 
2.820000e+09 4.990400e+03 
2822000000 4.974600e+03 
2824000000 4.994850e+03 
2826000000 4960 
2.828000e+09 4.989300e+03 
2830000000 4.958800e+03 
2832000000 4.894800e+03 
2834000000 4.908600e+03 
2.836000e+09 4.852800e+03 
2838000000 4.859500e+03 
2840000000 4.877650e+03 
2842000000 4.901350e+03 
2.844000e+09 4.923050e+03 
2846000000 4.949100e+03 
2848000000 4.964650e+03 
2850000000 4.924900e+03 
2852000000 4.911200e+03 
2854000000 4.936550e+03 
2.856000e+09 4.921250e+03 
2858000000 4876 
2860000000 4.928300e+03 
2862000000 4.929150e+03 
2.864000e+09 4.945400e+03 
2866000000 4958 
2868000000 4.955500e+03 
2870000000 4.939500e+03 
2.872000e+09 4.957200e+03 
2874000000 4.975850e+03 
2876000000 4.959350e+03 
2878000000 4.944500e+03 
2.880000e+09 4.932550e+03 
2882000000 4908 
2884000000 4.899900e+03 
2886000000 4.899300e+03 
2.888000e+09 4.918550e+03 
2890000000 4.947450e+03 
2892000000 4.944050e+03 
2894000000 4.922450e+03 
2896000000 4.963450e+03 
2898000000 4.955850e+03 
2.900000e+09 4.943050e+03 
2902000000 4.927500e+03 
2904000000 4.911250e+03 
2906000000 4.906800e+03 
2.908000e+09 4.922950e+03 
2910000000 4.925350e+03 
2912000000 4.964550e+03 
2914000000 4.950350e+03 
2.916000e+09 4.993500e+03 
2918000000 4.977700e+03 
2920000000 4.980450e+03 
2922000000 4.973650e+03 
2.924000e+09 4.995750e+03 
2926000000 4.988450e+03 
2928000000 4.992850e+03 
2930000000 5.002150e+03 
2.932000e+09 4.996450e+03 
2934000000 4.987300e+03 
2936000000 4.995950e+03 
2938000000 4.998750e+03 
2.940000e+09 5.004950e+03 
2942000000 5.008950e+03 
2944000000 4.973200e+03 
2946000000 4.989150e+03 
2.948000e+09 5.003950e+03 
2950000000 4.981150e+03 
2952000000 5.000900e+03 
2954000000 5.005650e+03 
2.956000e+09 4.968550e+03 
2958000000 5.002100e+03 
2960000000 4.971850e+03 
2962000000 4.977800e+03 
2.964000e+09 4.989500e+03 
2966000000 4.988950e+03 
2968000000 4.983100e+03 
2970000000 4980 

END
