IGOR
WAVES/D/O sweep,sig(1) 
BEGIN
2770000000 5.136650e+03 
2.772000e+09 5.145900e+03 
2774000000 5.141250e+03 
2776000000 5.113850e+03 
2778000000 5.135900e+03 
2.780000e+09 5.132800e+03 
2782000000 5.129800e+03 
2784000000 5.150850e+03 
2786000000 5.133700e+03 
2.788000e+09 5.167400e+03 
2790000000 5.131800e+03 
2792000000 5.140850e+03 
2794000000 5.155550e+03 
2.796000e+09 5.156400e+03 
2798000000 5.138200e+03 
2800000000 5.153650e+03 
2802000000 5.119100e+03 
2.804000e+09 5160 
2806000000 5.156350e+03 
2808000000 5.151250e+03 
2810000000 5.147450e+03 
2.812000e+09 5.137700e+03 
2814000000 5.128400e+03 
2816000000 5.141300e+03 
2818000000 5.160800e+03 
2.820000e+09 5.136500e+03 
2822000000 5.131600e+03 
2824000000 5.144900e+03 
2826000000 5.127850e+03 
2.828000e+09 5.126800e+03 
2830000000 5094 
2832000000 5.111050e+03 
2834000000 5.083500e+03 
2.836000e+09 5.057450e+03 
2838000000 5.018600e+03 
2840000000 5.006500e+03 
2842000000 4.992150e+03 
2.844000e+09 5.032450e+03 
2846000000 5.029100e+03 
2848000000 5.077550e+03 
2850000000 5.051700e+03 
2852000000 5046 
2854000000 5.079700e+03 
2.856000e+09 5.072900e+03 
2858000000 5.088100e+03 
2860000000 5.074700e+03 
2862000000 5.128850e+03 
2.864000e+09 5.109150e+03 
2866000000 5.121300e+03 
2868000000 5.129800e+03 
2870000000 5.120900e+03 
2.872000e+09 5.135350e+03 
2874000000 5.136200e+03 
2876000000 5.137900e+03 
2878000000 5.094550e+03 
2.880000e+09 5.129550e+03 
2882000000 5.103900e+03 
2884000000 5.063550e+03 
2886000000 5.079300e+03 
2.888000e+09 5.046550e+03 
2890000000 5.043900e+03 
2892000000 5.043600e+03 
2894000000 5073 
2896000000 5.093200e+03 
2898000000 5.087250e+03 
2.900000e+09 5.058550e+03 
2902000000 5.043100e+03 
2904000000 5.019550e+03 
2906000000 5.049450e+03 
2.908000e+09 5.112700e+03 
2910000000 5.129250e+03 
2912000000 5.114350e+03 
2914000000 5.133300e+03 
2.916000e+09 5.136350e+03 
2918000000 5.129100e+03 
2920000000 5.138950e+03 
2922000000 5.147400e+03 
2.924000e+09 5.122950e+03 
2926000000 5.136500e+03 
2928000000 5142 
2930000000 5120 
2.932000e+09 5.140250e+03 
2934000000 5.143050e+03 
2936000000 5.127150e+03 
2938000000 5.137950e+03 
2.940000e+09 5.138650e+03 
2942000000 5.133850e+03 
2944000000 5.138300e+03 
2946000000 5.143650e+03 
2.948000e+09 5.119950e+03 
2950000000 5.144500e+03 
2952000000 5.150650e+03 
2954000000 5.158750e+03 
2.956000e+09 5.124250e+03 
2958000000 5.137200e+03 
2960000000 5.131950e+03 
2962000000 5.151900e+03 
2.964000e+09 5.146550e+03 
2966000000 5.141250e+03 
2968000000 5.129250e+03 
2970000000 5.135250e+03 

END
