IGOR
WAVES/D/O sweep,sig(1) 
BEGIN
2770000000 2.115000e+01 
2.772000e+09 2.245000e+01 
2774000000 2.127500e+01 
2776000000 2.180000e+01 
2778000000 2.087500e+01 
2.780000e+09 2.132500e+01 
2782000000 2.235000e+01 
2784000000 2.232500e+01 
2786000000 2.142500e+01 
2.788000e+09 2.130000e+01 
2790000000 2.110000e+01 
2792000000 2.080000e+01 
2794000000 2.165000e+01 
2.796000e+09 2.192500e+01 
2798000000 2.135000e+01 
2800000000 2.227500e+01 
2802000000 2.110000e+01 
2.804000e+09 2.137500e+01 
2806000000 2.007500e+01 
2808000000 2.187500e+01 
2810000000 2.162500e+01 
2.812000e+09 2.045000e+01 
2814000000 2.085000e+01 
2816000000 2.170000e+01 
2818000000 2.110000e+01 
2.820000e+09 2.027500e+01 
2822000000 2.145000e+01 
2824000000 2.205000e+01 
2826000000 2.247500e+01 
2.828000e+09 2.027500e+01 
2830000000 2.327500e+01 
2832000000 2.180000e+01 
2834000000 2.285000e+01 
2.836000e+09 2.175000e+01 
2838000000 2.165000e+01 
2840000000 2.175000e+01 
2842000000 2.212500e+01 
2.844000e+09 2.227500e+01 
2846000000 2.162500e+01 
2848000000 2.172500e+01 
2850000000 2.160000e+01 
2852000000 2.250000e+01 
2854000000 2.077500e+01 
2.856000e+09 2.165000e+01 
2858000000 2.240000e+01 
2860000000 2.187500e+01 
2862000000 2.082500e+01 
2.864000e+09 2.222500e+01 
2866000000 2.175000e+01 
2868000000 2.027500e+01 
2870000000 2.202500e+01 
2.872000e+09 2.180000e+01 
2874000000 2.180000e+01 
2876000000 2.120000e+01 
2878000000 2.105000e+01 
2.880000e+09 2.025000e+01 
2882000000 2.070000e+01 
2884000000 2.112500e+01 
2886000000 2.097500e+01 
2.888000e+09 2.057500e+01 
2890000000 1.897500e+01 
2892000000 2.190000e+01 
2894000000 2.212500e+01 
2896000000 2.270000e+01 
2898000000 2.127500e+01 
2.900000e+09 1.962500e+01 
2902000000 2.010000e+01 
2904000000 2.250000e+01 
2906000000 2.202500e+01 
2.908000e+09 2.205000e+01 
2910000000 2.152500e+01 
2912000000 2.290000e+01 
2914000000 2.250000e+01 
2.916000e+09 2.230000e+01 
2918000000 2.252500e+01 
2920000000 2.192500e+01 
2922000000 2.155000e+01 
2.924000e+09 2.152500e+01 
2926000000 2.142500e+01 
2928000000 2.140000e+01 
2930000000 2.215000e+01 
2.932000e+09 2.122500e+01 
2934000000 23 
2936000000 2.315000e+01 
2938000000 2.207500e+01 
2.940000e+09 2.082500e+01 
2942000000 1.957500e+01 
2944000000 2.092500e+01 
2946000000 2.150000e+01 
2.948000e+09 2.062500e+01 
2950000000 2.185000e+01 
2952000000 2.055000e+01 
2954000000 2.227500e+01 
2.956000e+09 2.202500e+01 
2958000000 2.162500e+01 
2960000000 2.077500e+01 
2962000000 2.270000e+01 
2.964000e+09 2.245000e+01 
2966000000 2.057500e+01 
2968000000 2.305000e+01 
2970000000 2.222500e+01 

END
