IGOR
WAVES/D/O sweep,sig(1) 
BEGIN
2470000000 7.996575e+03 
2472000000 7.971875e+03 
2474000000 7.989675e+03 
2476000000 7.969125e+03 
2478000000 7.996825e+03 
2480000000 7.988700e+03 
2482000000 7.975700e+03 
2484000000 7.974825e+03 
2486000000 7.962825e+03 
2488000000 7.993075e+03 
2490000000 8.017550e+03 
2492000000 7.994350e+03 
2494000000 7.988925e+03 
2496000000 7.985850e+03 
2498000000 7.990300e+03 
2500000000 7.985225e+03 
2502000000 8.009800e+03 
2504000000 7.972825e+03 
2506000000 8.003125e+03 
2508000000 7.994700e+03 
2510000000 7.993450e+03 
2512000000 7.964100e+03 
2514000000 7.982400e+03 
2516000000 7.986450e+03 
2518000000 7.992075e+03 
2520000000 7.981825e+03 
2.522000e+09 7.989325e+03 
2524000000 7.964550e+03 
2.526000e+09 7.995300e+03 
2528000000 7.995200e+03 
2.530000e+09 8.010775e+03 
2532000000 7.977175e+03 
2.534000e+09 7.985500e+03 
2536000000 7.981475e+03 
2.538000e+09 7.986250e+03 
2540000000 7.957500e+03 
2.542000e+09 7.956175e+03 
2544000000 7.989900e+03 
2.546000e+09 7.978575e+03 
2548000000 7.984550e+03 
2.550000e+09 7.993675e+03 
2552000000 7.999900e+03 
2.554000e+09 7.985125e+03 
2556000000 7.988350e+03 
2.558000e+09 8.003225e+03 
2560000000 7.992725e+03 
2.562000e+09 7.979950e+03 
2564000000 7.987850e+03 
2.566000e+09 7.981250e+03 
2568000000 7.959725e+03 
2.570000e+09 7.975900e+03 
2572000000 7.983800e+03 
2.574000e+09 7.970500e+03 
2576000000 8.010250e+03 
2.578000e+09 7.953550e+03 
2580000000 7.987725e+03 
2.582000e+09 7.989825e+03 
2584000000 7.989650e+03 
2.586000e+09 7.994125e+03 
2588000000 7.963800e+03 
2.590000e+09 7.971825e+03 
2592000000 7.960300e+03 
2.594000e+09 7.984075e+03 
2596000000 7.973175e+03 
2.598000e+09 7.982700e+03 
2600000000 7.992175e+03 
2.602000e+09 7.974575e+03 
2604000000 7.987175e+03 
2.606000e+09 7.999075e+03 
2608000000 7.992500e+03 
2.610000e+09 7.961750e+03 
2612000000 8.005450e+03 
2.614000e+09 7.988850e+03 
2616000000 7.990375e+03 
2.618000e+09 7.965525e+03 
2620000000 7.969375e+03 
2.622000e+09 7.970825e+03 
2624000000 7.967650e+03 
2.626000e+09 7.977500e+03 
2628000000 7.956050e+03 
2.630000e+09 7.964375e+03 
2632000000 7.948800e+03 
2.634000e+09 7.926625e+03 
2636000000 7.931975e+03 
2.638000e+09 7.939775e+03 
2640000000 7.934900e+03 
2.642000e+09 7.947875e+03 
2644000000 7927 
2646000000 7.962500e+03 
2648000000 7.950075e+03 
2.650000e+09 7.997850e+03 
2652000000 7.979675e+03 
2654000000 7.981475e+03 
2656000000 7.962500e+03 
2.658000e+09 7.968825e+03 
2660000000 7.988225e+03 
2662000000 8.004475e+03 
2664000000 8.001775e+03 
2.666000e+09 7.979375e+03 
2668000000 7.989450e+03 
2670000000 7.987200e+03 
2672000000 7.959125e+03 
2.674000e+09 7.978175e+03 
2676000000 7.965450e+03 
2678000000 7.951825e+03 
2680000000 7.950300e+03 
2.682000e+09 7.911825e+03 
2684000000 7.904225e+03 
2686000000 7.901050e+03 
2688000000 7.906900e+03 
2.690000e+09 7.906950e+03 
2692000000 7.940925e+03 
2694000000 7.954525e+03 
2696000000 7.954200e+03 
2698000000 7.969650e+03 
2700000000 7.972975e+03 
2702000000 7.964775e+03 
2704000000 7.996550e+03 
2706000000 7.997025e+03 
2708000000 7.977650e+03 
2710000000 8.011650e+03 
2712000000 7.996425e+03 
2714000000 7.969925e+03 
2716000000 7.998325e+03 
2718000000 8.001400e+03 
2720000000 7.962125e+03 
2722000000 7.963700e+03 
2724000000 8.006875e+03 
2726000000 7.970625e+03 
2728000000 7.990025e+03 
2730000000 7.983750e+03 
2732000000 7.994300e+03 
2734000000 7.974675e+03 
2736000000 7.976625e+03 
2738000000 7.996650e+03 
2740000000 7.969325e+03 
2742000000 7.984950e+03 
2744000000 7.980425e+03 
2746000000 7.970400e+03 
2748000000 7977 
2750000000 7.974525e+03 
2752000000 7.987875e+03 
2754000000 7.961525e+03 
2756000000 7.974825e+03 
2758000000 7.986450e+03 
2760000000 7.965750e+03 
2762000000 7.961125e+03 
2764000000 7.983975e+03 
2766000000 7.977425e+03 
2768000000 7.978325e+03 
2770000000 7.979775e+03 
2.772000e+09 7.989650e+03 
2774000000 8.003300e+03 
2.776000e+09 7.974075e+03 
2778000000 7.970350e+03 
2.780000e+09 7.975975e+03 
2782000000 7.981275e+03 
2.784000e+09 7.980175e+03 
2786000000 7.984725e+03 
2.788000e+09 7.975125e+03 
2790000000 7.977250e+03 
2.792000e+09 7.980975e+03 
2794000000 7.965600e+03 
2.796000e+09 7.981725e+03 
2798000000 7.989600e+03 
2.800000e+09 7.947950e+03 
2802000000 7.978775e+03 
2.804000e+09 7.989925e+03 
2806000000 7.973150e+03 
2.808000e+09 7.982200e+03 
2810000000 7.964275e+03 
2.812000e+09 7.959550e+03 
2814000000 7.954325e+03 
2.816000e+09 7.953650e+03 
2818000000 7.959850e+03 
2.820000e+09 7.923100e+03 
2822000000 7.925425e+03 
2.824000e+09 7.886950e+03 
2826000000 7.906450e+03 
2.828000e+09 7872 
2830000000 7.912650e+03 
2832000000 7.906125e+03 
2834000000 7.925525e+03 
2.836000e+09 7.957825e+03 
2838000000 7.952900e+03 
2.840000e+09 7.981025e+03 
2842000000 7.960725e+03 
2.844000e+09 7.966725e+03 
2846000000 7.973600e+03 
2848000000 7.984400e+03 
2850000000 7.963125e+03 
2.852000e+09 7.979200e+03 
2854000000 7.965250e+03 
2.856000e+09 7.950375e+03 
2858000000 7.944225e+03 
2.860000e+09 7.942700e+03 
2862000000 7.924800e+03 
2864000000 7.937050e+03 
2866000000 7.939650e+03 
2.868000e+09 7.930125e+03 
2870000000 7.930875e+03 

END
