IGOR
WAVES/D/O sweep,sig(1) 
BEGIN
2470000000 7.920700e+03 
2472000000 7.928825e+03 
2474000000 7.929625e+03 
2476000000 7.936350e+03 
2478000000 7.949250e+03 
2480000000 7.929775e+03 
2482000000 7.939100e+03 
2484000000 7.917950e+03 
2486000000 7.941225e+03 
2488000000 7.911075e+03 
2490000000 7.894325e+03 
2492000000 7.906050e+03 
2494000000 7.927850e+03 
2496000000 7.933600e+03 
2498000000 7.905300e+03 
2500000000 7.904225e+03 
2502000000 7.913625e+03 
2504000000 7912 
2506000000 7.944700e+03 
2508000000 7.928800e+03 
2510000000 7.920600e+03 
2512000000 7.913350e+03 
2514000000 7.926425e+03 
2516000000 7.928400e+03 
2518000000 7.923400e+03 
2520000000 7.947200e+03 
2.522000e+09 7.932800e+03 
2524000000 7.920600e+03 
2.526000e+09 7.907625e+03 
2528000000 7.928550e+03 
2.530000e+09 7.915275e+03 
2532000000 7.922200e+03 
2.534000e+09 7.922900e+03 
2536000000 7.912575e+03 
2.538000e+09 7.925975e+03 
2540000000 7.917450e+03 
2.542000e+09 7.908500e+03 
2544000000 7.922900e+03 
2.546000e+09 7.908275e+03 
2548000000 7.928025e+03 
2.550000e+09 7.938075e+03 
2552000000 7.921400e+03 
2.554000e+09 7.903525e+03 
2556000000 7.911375e+03 
2.558000e+09 7.881750e+03 
2560000000 7.932600e+03 
2.562000e+09 7.936925e+03 
2564000000 7.925325e+03 
2.566000e+09 7.918100e+03 
2568000000 7.915575e+03 
2.570000e+09 7932 
2572000000 7.912275e+03 
2.574000e+09 7.912975e+03 
2576000000 7.930725e+03 
2.578000e+09 7.929050e+03 
2580000000 7.912425e+03 
2.582000e+09 7.918675e+03 
2584000000 7.907525e+03 
2.586000e+09 7.921600e+03 
2588000000 7.907550e+03 
2.590000e+09 7.917450e+03 
2592000000 7.949150e+03 
2.594000e+09 7.928650e+03 
2596000000 7.901525e+03 
2.598000e+09 7.919750e+03 
2600000000 7.925075e+03 
2.602000e+09 7.921575e+03 
2604000000 7936 
2.606000e+09 7.919950e+03 
2608000000 7.919200e+03 
2.610000e+09 7.938475e+03 
2612000000 7908 
2.614000e+09 7.900850e+03 
2616000000 7.916600e+03 
2.618000e+09 7.904575e+03 
2620000000 7.897600e+03 
2.622000e+09 7.933425e+03 
2624000000 7.921100e+03 
2.626000e+09 7.903250e+03 
2628000000 7.920825e+03 
2.630000e+09 7.881900e+03 
2632000000 7.896800e+03 
2.634000e+09 7.888525e+03 
2636000000 7.880200e+03 
2.638000e+09 7.842775e+03 
2640000000 7.884950e+03 
2.642000e+09 7.893050e+03 
2644000000 7.871375e+03 
2646000000 7.880600e+03 
2648000000 7.889425e+03 
2.650000e+09 7.900825e+03 
2652000000 7.912650e+03 
2654000000 7.920450e+03 
2656000000 7.941200e+03 
2.658000e+09 7.928050e+03 
2660000000 7.934450e+03 
2662000000 7.908225e+03 
2664000000 7.910300e+03 
2.666000e+09 7.932075e+03 
2668000000 7.925600e+03 
2670000000 7.917500e+03 
2672000000 7.932650e+03 
2.674000e+09 7.902550e+03 
2676000000 7.912500e+03 
2678000000 7.890550e+03 
2680000000 7.872225e+03 
2.682000e+09 7.856125e+03 
2684000000 7.839725e+03 
2686000000 7.863550e+03 
2688000000 7.849400e+03 
2.690000e+09 7.861375e+03 
2692000000 7.854200e+03 
2694000000 7.874725e+03 
2696000000 7.891600e+03 
2698000000 7.921200e+03 
2700000000 7.929150e+03 
2702000000 7.913950e+03 
2704000000 7.921300e+03 
2706000000 7.906975e+03 
2708000000 7.936550e+03 
2710000000 7.924625e+03 
2712000000 7.899275e+03 
2714000000 7.926450e+03 
2716000000 7.920800e+03 
2718000000 7.907525e+03 
2720000000 7.922975e+03 
2722000000 7.916850e+03 
2724000000 7.919450e+03 
2726000000 7.924150e+03 
2728000000 7.911250e+03 
2730000000 7.897275e+03 
2732000000 7.930550e+03 
2734000000 7.910025e+03 
2736000000 7.941925e+03 
2738000000 7920 
2740000000 7.941550e+03 
2742000000 7.933800e+03 
2744000000 7.900375e+03 
2746000000 7.921675e+03 
2748000000 7.917500e+03 
2750000000 7.921900e+03 
2752000000 7.904775e+03 
2754000000 7.925050e+03 
2756000000 7.919525e+03 
2758000000 7.908925e+03 
2760000000 7.914875e+03 
2762000000 7.926725e+03 
2764000000 7.929525e+03 
2766000000 7.923625e+03 
2768000000 7.904775e+03 
2770000000 7.913275e+03 
2.772000e+09 7.928425e+03 
2774000000 7.885650e+03 
2.776000e+09 7.916225e+03 
2778000000 7.902975e+03 
2.780000e+09 7.925325e+03 
2782000000 7.909450e+03 
2.784000e+09 7.907900e+03 
2786000000 7.914200e+03 
2.788000e+09 7.926075e+03 
2790000000 7.937625e+03 
2.792000e+09 7.904350e+03 
2794000000 7.928075e+03 
2.796000e+09 7.931350e+03 
2798000000 7.913225e+03 
2.800000e+09 7.911325e+03 
2802000000 7.925775e+03 
2.804000e+09 7.932050e+03 
2806000000 7.914675e+03 
2.808000e+09 7.915475e+03 
2810000000 7.921700e+03 
2.812000e+09 7.907575e+03 
2814000000 7.912625e+03 
2.816000e+09 7.886625e+03 
2818000000 7.872525e+03 
2.820000e+09 7.874175e+03 
2822000000 7.867600e+03 
2.824000e+09 7.855600e+03 
2826000000 7839 
2.828000e+09 7.835525e+03 
2830000000 7.838650e+03 
2832000000 7.866575e+03 
2834000000 7.893675e+03 
2.836000e+09 7887 
2838000000 7.884825e+03 
2.840000e+09 7.918125e+03 
2842000000 7.917675e+03 
2.844000e+09 7.938700e+03 
2846000000 7.925500e+03 
2848000000 7.915550e+03 
2850000000 7.912575e+03 
2.852000e+09 7.922150e+03 
2854000000 7.909450e+03 
2.856000e+09 7.887650e+03 
2858000000 7.899200e+03 
2.860000e+09 7.897775e+03 
2862000000 7.873950e+03 
2864000000 7.875925e+03 
2866000000 7.875775e+03 
2.868000e+09 7.875750e+03 
2870000000 7.879750e+03 

END
