IGOR
WAVES/D/O sweep,sig(1) 
BEGIN
2470000000 8.025100e+03 
2472000000 8.021275e+03 
2474000000 8.022150e+03 
2476000000 8.021400e+03 
2478000000 8.025050e+03 
2480000000 8.020700e+03 
2482000000 8.034125e+03 
2484000000 8.028300e+03 
2486000000 8.020075e+03 
2488000000 8.041625e+03 
2490000000 8.011425e+03 
2492000000 8.026450e+03 
2494000000 8.009750e+03 
2496000000 8.025825e+03 
2498000000 8.008200e+03 
2500000000 8.026725e+03 
2502000000 8.010025e+03 
2504000000 8.026775e+03 
2506000000 8.016450e+03 
2508000000 8.021925e+03 
2510000000 8.038250e+03 
2512000000 8.021950e+03 
2514000000 8.011800e+03 
2516000000 8.027425e+03 
2518000000 8.012825e+03 
2520000000 8.007950e+03 
2.522000e+09 8.007150e+03 
2524000000 8.038725e+03 
2.526000e+09 8.005425e+03 
2528000000 8.006575e+03 
2.530000e+09 8.027600e+03 
2532000000 8.023675e+03 
2.534000e+09 8.011725e+03 
2536000000 8.017275e+03 
2.538000e+09 8.007825e+03 
2540000000 8.009900e+03 
2.542000e+09 8.012925e+03 
2544000000 8.011500e+03 
2.546000e+09 8.013450e+03 
2548000000 8.011550e+03 
2.550000e+09 8.024125e+03 
2552000000 8.026425e+03 
2.554000e+09 8.028800e+03 
2556000000 8.021950e+03 
2.558000e+09 8.020050e+03 
2560000000 8.002600e+03 
2.562000e+09 8.013300e+03 
2564000000 7995 
2.566000e+09 8.030625e+03 
2568000000 8.027075e+03 
2.570000e+09 8.013800e+03 
2572000000 8.046625e+03 
2.574000e+09 8034 
2576000000 8.020225e+03 
2.578000e+09 8.034475e+03 
2580000000 8.022550e+03 
2.582000e+09 8.012850e+03 
2584000000 8.027950e+03 
2.586000e+09 8.041075e+03 
2588000000 8.020650e+03 
2.590000e+09 8.020100e+03 
2592000000 8.014675e+03 
2.594000e+09 8.039975e+03 
2596000000 7.997600e+03 
2.598000e+09 8.029650e+03 
2600000000 8.025200e+03 
2.602000e+09 8.038475e+03 
2604000000 8.021500e+03 
2.606000e+09 8.030850e+03 
2608000000 8.018075e+03 
2.610000e+09 8.022250e+03 
2612000000 8.017450e+03 
2.614000e+09 8.006300e+03 
2616000000 8.025550e+03 
2.618000e+09 8.036950e+03 
2620000000 7.996600e+03 
2.622000e+09 8.024875e+03 
2624000000 8.014550e+03 
2.626000e+09 8.034150e+03 
2628000000 8.004825e+03 
2.630000e+09 8.004725e+03 
2632000000 8.009700e+03 
2.634000e+09 7.974250e+03 
2636000000 7.998875e+03 
2.638000e+09 7.967750e+03 
2640000000 7.991950e+03 
2.642000e+09 7.969600e+03 
2644000000 7.996800e+03 
2646000000 7.975450e+03 
2648000000 8.023375e+03 
2.650000e+09 8.022025e+03 
2652000000 8.002650e+03 
2654000000 8.021025e+03 
2656000000 8.035600e+03 
2.658000e+09 8.033850e+03 
2660000000 8.046575e+03 
2662000000 8.041825e+03 
2664000000 8.041150e+03 
2.666000e+09 8.041025e+03 
2668000000 8.022275e+03 
2670000000 8.016800e+03 
2672000000 8.026300e+03 
2.674000e+09 8.025050e+03 
2676000000 7.994375e+03 
2678000000 7.977450e+03 
2680000000 7.971875e+03 
2.682000e+09 7.963550e+03 
2684000000 7.950750e+03 
2686000000 7.935850e+03 
2688000000 7.961525e+03 
2.690000e+09 7.946800e+03 
2692000000 7.979900e+03 
2694000000 7.993550e+03 
2696000000 8.016575e+03 
2698000000 8.015375e+03 
2700000000 8.011475e+03 
2702000000 8.029775e+03 
2704000000 8.017400e+03 
2706000000 8.019200e+03 
2708000000 8.035300e+03 
2710000000 7.991575e+03 
2712000000 8.038075e+03 
2714000000 8.031575e+03 
2716000000 8.030650e+03 
2718000000 8.019825e+03 
2720000000 8.015675e+03 
2722000000 8.032400e+03 
2724000000 8.027300e+03 
2726000000 8033 
2728000000 8.021850e+03 
2730000000 8.015225e+03 
2732000000 8.020025e+03 
2734000000 8.018975e+03 
2736000000 8.022575e+03 
2738000000 8.026300e+03 
2740000000 8.023250e+03 
2742000000 8.020050e+03 
2744000000 8.045500e+03 
2746000000 8.012550e+03 
2748000000 8.014925e+03 
2750000000 8.019700e+03 
2752000000 8.010525e+03 
2754000000 8.030100e+03 
2756000000 8.015600e+03 
2758000000 8.015450e+03 
2760000000 8.019100e+03 
2762000000 8.035550e+03 
2764000000 8.020350e+03 
2766000000 8.047650e+03 
2768000000 8.036075e+03 
2770000000 8.022875e+03 
2.772000e+09 8.012600e+03 
2774000000 8.014275e+03 
2.776000e+09 8.022550e+03 
2778000000 8.011450e+03 
2.780000e+09 8036 
2782000000 8.037500e+03 
2.784000e+09 8.027950e+03 
2786000000 8.024750e+03 
2.788000e+09 8.032225e+03 
2790000000 8.033850e+03 
2.792000e+09 8.034450e+03 
2794000000 8.028525e+03 
2.796000e+09 8.036125e+03 
2798000000 8.049850e+03 
2.800000e+09 8.027700e+03 
2802000000 8.030775e+03 
2.804000e+09 8.029875e+03 
2806000000 8.027150e+03 
2.808000e+09 8.042525e+03 
2810000000 8.033700e+03 
2.812000e+09 8.035100e+03 
2814000000 8025 
2.816000e+09 8.007100e+03 
2818000000 7.990300e+03 
2.820000e+09 7.954700e+03 
2822000000 7.947575e+03 
2.824000e+09 7.944725e+03 
2826000000 7.967725e+03 
2.828000e+09 7.942450e+03 
2830000000 7.976725e+03 
2832000000 7.941275e+03 
2834000000 7.991575e+03 
2.836000e+09 8.023650e+03 
2838000000 8.016550e+03 
2.840000e+09 8.025500e+03 
2842000000 8.011300e+03 
2.844000e+09 8.034550e+03 
2846000000 8.034575e+03 
2848000000 8.019825e+03 
2850000000 8.034400e+03 
2.852000e+09 8.023775e+03 
2854000000 8.029150e+03 
2.856000e+09 8.027175e+03 
2858000000 7.997150e+03 
2.860000e+09 8.008900e+03 
2862000000 7990 
2864000000 8.006100e+03 
2866000000 7.979450e+03 
2.868000e+09 7.978250e+03 
2870000000 7.976825e+03 

END
