IGOR
WAVES/D/O sweep,sig(1) 
BEGIN
2470000000 8.126425e+03 
2472000000 8.096375e+03 
2474000000 8.103950e+03 
2476000000 8.076300e+03 
2478000000 8.088675e+03 
2480000000 8.113350e+03 
2482000000 8.115525e+03 
2484000000 8.113050e+03 
2486000000 8.107925e+03 
2488000000 8.098650e+03 
2490000000 8.087175e+03 
2492000000 8.078275e+03 
2494000000 8.093675e+03 
2496000000 8.099775e+03 
2498000000 8.084575e+03 
2500000000 8.087425e+03 
2502000000 8.093650e+03 
2504000000 8.085325e+03 
2506000000 8.082325e+03 
2508000000 8.104425e+03 
2510000000 8.115075e+03 
2512000000 8.097325e+03 
2514000000 8.108625e+03 
2516000000 8.094750e+03 
2518000000 8.089300e+03 
2520000000 8.111100e+03 
2.522000e+09 8.105750e+03 
2524000000 8.088825e+03 
2.526000e+09 8.092475e+03 
2528000000 8.097300e+03 
2.530000e+09 8.096525e+03 
2532000000 8.105775e+03 
2.534000e+09 8.118550e+03 
2536000000 8.097225e+03 
2.538000e+09 8.081950e+03 
2540000000 8.109150e+03 
2.542000e+09 8.105625e+03 
2544000000 8.100300e+03 
2.546000e+09 8.083975e+03 
2548000000 8.086375e+03 
2.550000e+09 8.114825e+03 
2552000000 8.127075e+03 
2.554000e+09 8.096225e+03 
2556000000 8.120075e+03 
2.558000e+09 8.119275e+03 
2560000000 8.116025e+03 
2.562000e+09 8.124900e+03 
2564000000 8.115875e+03 
2.566000e+09 8.110425e+03 
2568000000 8.098125e+03 
2.570000e+09 8.085825e+03 
2572000000 8.099800e+03 
2.574000e+09 8.110600e+03 
2576000000 8.119400e+03 
2.578000e+09 8.113550e+03 
2580000000 8.103075e+03 
2.582000e+09 8.091675e+03 
2584000000 8.116450e+03 
2.586000e+09 8.098525e+03 
2588000000 8.100050e+03 
2.590000e+09 8.113400e+03 
2592000000 8.094275e+03 
2.594000e+09 8.101425e+03 
2596000000 8.121725e+03 
2.598000e+09 8.116475e+03 
2600000000 8.092450e+03 
2.602000e+09 8.097700e+03 
2604000000 8.096100e+03 
2.606000e+09 8.112125e+03 
2608000000 8.115575e+03 
2.610000e+09 8.104550e+03 
2612000000 8.113375e+03 
2.614000e+09 8.105100e+03 
2616000000 8.093475e+03 
2.618000e+09 8.104950e+03 
2620000000 8.111075e+03 
2.622000e+09 8.085150e+03 
2624000000 8.098875e+03 
2.626000e+09 8.098800e+03 
2628000000 8.100150e+03 
2.630000e+09 8.081975e+03 
2632000000 8.069100e+03 
2.634000e+09 8.083175e+03 
2636000000 8.055450e+03 
2.638000e+09 8.048350e+03 
2640000000 8.048700e+03 
2.642000e+09 8.044500e+03 
2644000000 8.038275e+03 
2646000000 8.043275e+03 
2648000000 8.073875e+03 
2.650000e+09 8.077050e+03 
2652000000 8.063050e+03 
2654000000 8.095325e+03 
2656000000 8.103700e+03 
2.658000e+09 8.094250e+03 
2660000000 8.107700e+03 
2662000000 8.092975e+03 
2664000000 8.091625e+03 
2.666000e+09 8.088375e+03 
2668000000 8.091900e+03 
2670000000 8.090375e+03 
2672000000 8.109200e+03 
2.674000e+09 8.087025e+03 
2676000000 8.066975e+03 
2678000000 8.048125e+03 
2680000000 8.053250e+03 
2.682000e+09 8.029150e+03 
2684000000 8.009425e+03 
2686000000 8.009150e+03 
2688000000 8.027550e+03 
2.690000e+09 7.993825e+03 
2692000000 8.009800e+03 
2694000000 8.040925e+03 
2696000000 8.064275e+03 
2698000000 8.094050e+03 
2700000000 8.101425e+03 
2702000000 8.097825e+03 
2704000000 8.095850e+03 
2706000000 8.109300e+03 
2708000000 8.096200e+03 
2710000000 8.101750e+03 
2712000000 8.096900e+03 
2714000000 8.092500e+03 
2716000000 8.092550e+03 
2718000000 8.082700e+03 
2720000000 8.107150e+03 
2722000000 8.098625e+03 
2724000000 8.098575e+03 
2726000000 8.088900e+03 
2728000000 8.116800e+03 
2730000000 8.093350e+03 
2732000000 8.115825e+03 
2734000000 8.079200e+03 
2736000000 8.096525e+03 
2738000000 8.099250e+03 
2740000000 8.103750e+03 
2742000000 8.089800e+03 
2744000000 8.075125e+03 
2746000000 8.093075e+03 
2748000000 8.096900e+03 
2750000000 8.082775e+03 
2752000000 8.066300e+03 
2754000000 8.091850e+03 
2756000000 8.092750e+03 
2758000000 8.081400e+03 
2760000000 8.090525e+03 
2762000000 8.090150e+03 
2764000000 8.088575e+03 
2766000000 8.084300e+03 
2768000000 8.074600e+03 
2770000000 8.080250e+03 
2.772000e+09 8.086175e+03 
2774000000 8.065375e+03 
2.776000e+09 8.080725e+03 
2778000000 8.083775e+03 
2.780000e+09 8.078700e+03 
2782000000 8.085175e+03 
2.784000e+09 8.088275e+03 
2786000000 8.087325e+03 
2.788000e+09 8.069725e+03 
2790000000 8.093375e+03 
2.792000e+09 8.077425e+03 
2794000000 8.071850e+03 
2.796000e+09 8.086400e+03 
2798000000 8.096125e+03 
2.800000e+09 8.073025e+03 
2802000000 8.064575e+03 
2.804000e+09 8.080075e+03 
2806000000 8.091125e+03 
2.808000e+09 8.071700e+03 
2810000000 8.083575e+03 
2.812000e+09 8.078475e+03 
2814000000 8.083475e+03 
2.816000e+09 8.070800e+03 
2818000000 8.037150e+03 
2.820000e+09 8.049050e+03 
2822000000 8.034550e+03 
2.824000e+09 8.008225e+03 
2826000000 8.023525e+03 
2.828000e+09 8.028975e+03 
2830000000 8.016150e+03 
2832000000 8.037575e+03 
2834000000 8.034975e+03 
2.836000e+09 8.060475e+03 
2838000000 8.090650e+03 
2.840000e+09 8.101850e+03 
2842000000 8.073525e+03 
2.844000e+09 8.104150e+03 
2846000000 8.091825e+03 
2848000000 8.101200e+03 
2850000000 8.082300e+03 
2.852000e+09 8.099200e+03 
2854000000 8.090750e+03 
2.856000e+09 8.067050e+03 
2858000000 8.081925e+03 
2.860000e+09 8.057950e+03 
2862000000 8.055125e+03 
2864000000 8.032025e+03 
2866000000 8.058625e+03 
2.868000e+09 8.035925e+03 
2870000000 8037 

END
