IGOR
WAVES/D/O sweep,sig(1) 
BEGIN
2470000000 8.203350e+03 
2472000000 8.218525e+03 
2474000000 8.205325e+03 
2476000000 8.187525e+03 
2478000000 8.207350e+03 
2480000000 8.197325e+03 
2482000000 8.193400e+03 
2484000000 8.201675e+03 
2486000000 8.220375e+03 
2488000000 8.206750e+03 
2490000000 8.204150e+03 
2492000000 8.207675e+03 
2494000000 8.219825e+03 
2496000000 8.209375e+03 
2498000000 8.203900e+03 
2500000000 8.192925e+03 
2502000000 8.213575e+03 
2504000000 8.196200e+03 
2506000000 8.179425e+03 
2508000000 8.194850e+03 
2510000000 8.212475e+03 
2512000000 8.213750e+03 
2514000000 8.217075e+03 
2516000000 8.178625e+03 
2518000000 8.203400e+03 
2520000000 8.205425e+03 
2.522000e+09 8.211900e+03 
2524000000 8.214950e+03 
2.526000e+09 8.197725e+03 
2528000000 8.203425e+03 
2.530000e+09 8.219200e+03 
2532000000 8.205050e+03 
2.534000e+09 8.202650e+03 
2536000000 8.207275e+03 
2.538000e+09 8.222175e+03 
2540000000 8.211800e+03 
2.542000e+09 8.208875e+03 
2544000000 8.208475e+03 
2.546000e+09 8.217850e+03 
2548000000 8.218900e+03 
2.550000e+09 8.218200e+03 
2552000000 8.194675e+03 
2.554000e+09 8.231525e+03 
2556000000 8.207250e+03 
2.558000e+09 8.212625e+03 
2560000000 8.233200e+03 
2.562000e+09 8.208250e+03 
2564000000 8.195550e+03 
2.566000e+09 8.195725e+03 
2568000000 8.202500e+03 
2.570000e+09 8.216550e+03 
2572000000 8.210475e+03 
2.574000e+09 8.188900e+03 
2576000000 8.207550e+03 
2.578000e+09 8.202425e+03 
2580000000 8.203525e+03 
2.582000e+09 8.207300e+03 
2584000000 8.210650e+03 
2.586000e+09 8.198300e+03 
2588000000 8.216050e+03 
2.590000e+09 8.218150e+03 
2592000000 8.226450e+03 
2.594000e+09 8.221325e+03 
2596000000 8.202275e+03 
2.598000e+09 8.221650e+03 
2600000000 8.213050e+03 
2.602000e+09 8.215725e+03 
2604000000 8213 
2.606000e+09 8.219300e+03 
2608000000 8.215575e+03 
2.610000e+09 8.209400e+03 
2612000000 8.225975e+03 
2.614000e+09 8.214350e+03 
2616000000 8.202800e+03 
2.618000e+09 8.215650e+03 
2620000000 8.215900e+03 
2.622000e+09 8.226250e+03 
2624000000 8.193975e+03 
2.626000e+09 8203 
2628000000 8.195950e+03 
2.630000e+09 8.199250e+03 
2632000000 8.187575e+03 
2.634000e+09 8.163650e+03 
2636000000 8.154700e+03 
2.638000e+09 8.161800e+03 
2640000000 8.170650e+03 
2.642000e+09 8.150250e+03 
2644000000 8.179225e+03 
2646000000 8.164275e+03 
2648000000 8.187850e+03 
2.650000e+09 8.174950e+03 
2652000000 8.220750e+03 
2654000000 8.198700e+03 
2656000000 8.226225e+03 
2.658000e+09 8.216525e+03 
2660000000 8.239700e+03 
2662000000 8.221925e+03 
2664000000 8.208100e+03 
2.666000e+09 8.245300e+03 
2668000000 8.231925e+03 
2670000000 8.217250e+03 
2672000000 8.203525e+03 
2.674000e+09 8.209950e+03 
2676000000 8.191625e+03 
2678000000 8.196575e+03 
2680000000 8.161425e+03 
2.682000e+09 8.166025e+03 
2684000000 8.115525e+03 
2686000000 8.094600e+03 
2688000000 8.137850e+03 
2.690000e+09 8.126950e+03 
2692000000 8.153550e+03 
2694000000 8.180275e+03 
2696000000 8.194500e+03 
2698000000 8.206075e+03 
2700000000 8.221425e+03 
2702000000 8.208500e+03 
2704000000 8.229450e+03 
2706000000 8.227625e+03 
2708000000 8239 
2710000000 8.199875e+03 
2712000000 8.216250e+03 
2714000000 8.213525e+03 
2716000000 8.213800e+03 
2718000000 8.204625e+03 
2720000000 8.215600e+03 
2722000000 8.216625e+03 
2724000000 8.222475e+03 
2726000000 8.194300e+03 
2728000000 8.222075e+03 
2730000000 8203 
2732000000 8.223400e+03 
2734000000 8.221100e+03 
2736000000 8.237550e+03 
2738000000 8.209825e+03 
2740000000 8.212675e+03 
2742000000 8.220125e+03 
2744000000 8.216175e+03 
2746000000 8.199875e+03 
2748000000 8.222875e+03 
2750000000 8.229250e+03 
2752000000 8.207625e+03 
2754000000 8.211550e+03 
2756000000 8.216975e+03 
2758000000 8.206525e+03 
2760000000 8.200400e+03 
2762000000 8.221675e+03 
2764000000 8.220325e+03 
2766000000 8.237625e+03 
2768000000 8.224300e+03 
2770000000 8.227975e+03 
2.772000e+09 8.200675e+03 
2774000000 8.220575e+03 
2.776000e+09 8.203500e+03 
2778000000 8.219825e+03 
2.780000e+09 8.224300e+03 
2782000000 8.207950e+03 
2.784000e+09 8.218500e+03 
2786000000 8.226175e+03 
2.788000e+09 8.222800e+03 
2790000000 8.230675e+03 
2.792000e+09 8.236575e+03 
2794000000 8.222875e+03 
2.796000e+09 8.221050e+03 
2798000000 8.225850e+03 
2.800000e+09 8.217175e+03 
2802000000 8.217450e+03 
2.804000e+09 8.211100e+03 
2806000000 8.212275e+03 
2.808000e+09 8.217600e+03 
2810000000 8.226775e+03 
2.812000e+09 8.217900e+03 
2814000000 8.195600e+03 
2.816000e+09 8.216750e+03 
2818000000 8.211675e+03 
2.820000e+09 8.155750e+03 
2822000000 8.147550e+03 
2.824000e+09 8.120550e+03 
2826000000 8.127350e+03 
2.828000e+09 8.144650e+03 
2830000000 8.149400e+03 
2832000000 8.134950e+03 
2834000000 8.138525e+03 
2.836000e+09 8.165475e+03 
2838000000 8.223225e+03 
2.840000e+09 8.205675e+03 
2842000000 8.240025e+03 
2.844000e+09 8.213125e+03 
2846000000 8.208050e+03 
2848000000 8.207450e+03 
2850000000 8.239825e+03 
2.852000e+09 8.215325e+03 
2854000000 8.207800e+03 
2.856000e+09 8.179425e+03 
2858000000 8.193350e+03 
2.860000e+09 8.204725e+03 
2862000000 8.188850e+03 
2864000000 8.163025e+03 
2866000000 8.175750e+03 
2.868000e+09 8.188875e+03 
2870000000 8.189125e+03 

END
