IGOR
WAVES/D/O sweep,sig(1) 
BEGIN
2470000000 7.850825e+03 
2472000000 7.843150e+03 
2474000000 7839 
2476000000 7.840500e+03 
2478000000 7.840775e+03 
2480000000 7.845050e+03 
2482000000 7.839825e+03 
2484000000 7.838775e+03 
2486000000 7.859500e+03 
2488000000 7.842525e+03 
2490000000 7.872750e+03 
2492000000 7.858825e+03 
2494000000 7.852375e+03 
2496000000 7.854650e+03 
2498000000 7.857700e+03 
2500000000 7.863625e+03 
2502000000 7.862900e+03 
2504000000 7.841975e+03 
2506000000 7.844875e+03 
2508000000 7.867775e+03 
2510000000 7.845500e+03 
2512000000 7.876600e+03 
2514000000 7.830600e+03 
2516000000 7.842750e+03 
2518000000 7.834175e+03 
2520000000 7.845025e+03 
2.522000e+09 7.862300e+03 
2524000000 7.856350e+03 
2.526000e+09 7.842925e+03 
2528000000 7.852175e+03 
2.530000e+09 7.832075e+03 
2532000000 7.867100e+03 
2.534000e+09 7.837750e+03 
2536000000 7.851550e+03 
2.538000e+09 7.858400e+03 
2540000000 7.861775e+03 
2.542000e+09 7.841875e+03 
2544000000 7.847825e+03 
2.546000e+09 7.860825e+03 
2548000000 7.851825e+03 
2.550000e+09 7.843025e+03 
2552000000 7.846675e+03 
2.554000e+09 7.863450e+03 
2556000000 7.830450e+03 
2.558000e+09 7.857500e+03 
2560000000 7.858300e+03 
2.562000e+09 7.842050e+03 
2564000000 7.869225e+03 
2.566000e+09 7.859550e+03 
2568000000 7864 
2.570000e+09 7.839300e+03 
2572000000 7.842400e+03 
2.574000e+09 7.861625e+03 
2576000000 7.862225e+03 
2.578000e+09 7.849650e+03 
2580000000 7.860550e+03 
2.582000e+09 7.851100e+03 
2584000000 7.857850e+03 
2.586000e+09 7.856650e+03 
2588000000 7.852850e+03 
2.590000e+09 7.872325e+03 
2592000000 7.854100e+03 
2.594000e+09 7.846175e+03 
2596000000 7.862425e+03 
2.598000e+09 7.851075e+03 
2600000000 7.850025e+03 
2.602000e+09 7.837725e+03 
2604000000 7.853275e+03 
2.606000e+09 7.843775e+03 
2608000000 7.865125e+03 
2.610000e+09 7.854425e+03 
2612000000 7.833025e+03 
2.614000e+09 7835 
2616000000 7.857125e+03 
2.618000e+09 7.862175e+03 
2620000000 7.844125e+03 
2.622000e+09 7.854825e+03 
2624000000 7.844800e+03 
2.626000e+09 7.836825e+03 
2628000000 7.848750e+03 
2.630000e+09 7.838175e+03 
2632000000 7.833325e+03 
2.634000e+09 7.825500e+03 
2636000000 7.794675e+03 
2.638000e+09 7.791250e+03 
2640000000 7.806350e+03 
2.642000e+09 7.806975e+03 
2644000000 7816 
2646000000 7.823475e+03 
2648000000 7.843925e+03 
2.650000e+09 7.847750e+03 
2652000000 7.844575e+03 
2654000000 7.845600e+03 
2656000000 7.861025e+03 
2.658000e+09 7.867625e+03 
2660000000 7.859625e+03 
2662000000 7.869800e+03 
2664000000 7.864225e+03 
2.666000e+09 7.865250e+03 
2668000000 7.854325e+03 
2670000000 7.862250e+03 
2672000000 7.847475e+03 
2.674000e+09 7.843800e+03 
2676000000 7.820375e+03 
2678000000 7.820250e+03 
2680000000 7.789450e+03 
2.682000e+09 7.789600e+03 
2684000000 7.783350e+03 
2686000000 7.774875e+03 
2688000000 7789 
2.690000e+09 7.796525e+03 
2692000000 7.795400e+03 
2694000000 7.811250e+03 
2696000000 7.853475e+03 
2698000000 7.866225e+03 
2700000000 7.820350e+03 
2702000000 7.855150e+03 
2704000000 7.855300e+03 
2706000000 7.876600e+03 
2708000000 7.881675e+03 
2710000000 7.854400e+03 
2712000000 7.848125e+03 
2714000000 7.851700e+03 
2716000000 7.868200e+03 
2718000000 7.869400e+03 
2720000000 7.843200e+03 
2722000000 7.853900e+03 
2724000000 7.862800e+03 
2726000000 7.870650e+03 
2728000000 7.847450e+03 
2730000000 7.859475e+03 
2732000000 7.862550e+03 
2734000000 7.856700e+03 
2736000000 7.849500e+03 
2738000000 7.858275e+03 
2740000000 7.862700e+03 
2742000000 7.858325e+03 
2744000000 7.860550e+03 
2746000000 7.866125e+03 
2748000000 7.872900e+03 
2750000000 7.854525e+03 
2752000000 7860 
2754000000 7.868100e+03 
2756000000 7.866275e+03 
2758000000 7.858750e+03 
2760000000 7.858900e+03 
2762000000 7.849325e+03 
2764000000 7.856275e+03 
2766000000 7.836375e+03 
2768000000 7.865700e+03 
2770000000 7.852175e+03 
2.772000e+09 7.880250e+03 
2774000000 7.873875e+03 
2.776000e+09 7.877250e+03 
2778000000 7.863100e+03 
2.780000e+09 7.844150e+03 
2782000000 7.865250e+03 
2.784000e+09 7.863600e+03 
2786000000 7.844300e+03 
2.788000e+09 7.861200e+03 
2790000000 7.879925e+03 
2.792000e+09 7.874150e+03 
2794000000 7.850600e+03 
2.796000e+09 7.868700e+03 
2798000000 7.870550e+03 
2.800000e+09 7.853450e+03 
2802000000 7.869725e+03 
2.804000e+09 7.884750e+03 
2806000000 7.887500e+03 
2.808000e+09 7.844675e+03 
2810000000 7.855100e+03 
2.812000e+09 7.883150e+03 
2814000000 7.859350e+03 
2.816000e+09 7.839525e+03 
2818000000 7.839125e+03 
2.820000e+09 7.798950e+03 
2822000000 7.802850e+03 
2.824000e+09 7.806550e+03 
2826000000 7.788025e+03 
2.828000e+09 7.793450e+03 
2830000000 7.810050e+03 
2832000000 7.806750e+03 
2834000000 7.835175e+03 
2.836000e+09 7.819800e+03 
2838000000 7.860800e+03 
2.840000e+09 7.868875e+03 
2842000000 7.859975e+03 
2.844000e+09 7.858775e+03 
2846000000 7.888175e+03 
2848000000 7.869925e+03 
2850000000 7.876775e+03 
2.852000e+09 7.849250e+03 
2854000000 7.869525e+03 
2.856000e+09 7.862200e+03 
2858000000 7.848025e+03 
2.860000e+09 7.818400e+03 
2862000000 7.835450e+03 
2864000000 7.801500e+03 
2866000000 7.837325e+03 
2.868000e+09 7.824875e+03 
2870000000 7.820725e+03 

END
