IGOR
WAVES/D/O sweep,sig(1) 
BEGIN
2470000000 8.083250e+03 
2472000000 8.078750e+03 
2474000000 8.101250e+03 
2476000000 8.059350e+03 
2478000000 8.073675e+03 
2480000000 8.079025e+03 
2482000000 8.071350e+03 
2484000000 8.109325e+03 
2486000000 8.063725e+03 
2488000000 8.068350e+03 
2490000000 8.058050e+03 
2492000000 8.081425e+03 
2494000000 8.070775e+03 
2496000000 8.059050e+03 
2498000000 8.070625e+03 
2500000000 8.072950e+03 
2502000000 8.087125e+03 
2504000000 8.080800e+03 
2506000000 8.080775e+03 
2508000000 8.084425e+03 
2510000000 8.063275e+03 
2512000000 8.053925e+03 
2514000000 8.061150e+03 
2516000000 8.063425e+03 
2518000000 8.076825e+03 
2520000000 8.082400e+03 
2.522000e+09 8.081100e+03 
2524000000 8.058975e+03 
2.526000e+09 8.105275e+03 
2528000000 8.074775e+03 
2.530000e+09 8.083350e+03 
2532000000 8.084350e+03 
2.534000e+09 8.094575e+03 
2536000000 8.068675e+03 
2.538000e+09 8.078325e+03 
2540000000 8.092600e+03 
2.542000e+09 8.083600e+03 
2544000000 8.087700e+03 
2.546000e+09 8.110300e+03 
2548000000 8.107025e+03 
2.550000e+09 8.086625e+03 
2552000000 8.093900e+03 
2.554000e+09 8.073725e+03 
2556000000 8.070475e+03 
2.558000e+09 8.097250e+03 
2560000000 8.096675e+03 
2.562000e+09 8.083975e+03 
2564000000 8.092075e+03 
2.566000e+09 8.106750e+03 
2568000000 8.094250e+03 
2.570000e+09 8.072100e+03 
2572000000 8.054950e+03 
2.574000e+09 8.089025e+03 
2576000000 8.073575e+03 
2.578000e+09 8.077675e+03 
2580000000 8.075525e+03 
2.582000e+09 8.070450e+03 
2584000000 8.071450e+03 
2.586000e+09 8.081125e+03 
2588000000 8097 
2.590000e+09 8.093600e+03 
2592000000 8.086100e+03 
2.594000e+09 8.076750e+03 
2596000000 8.082775e+03 
2.598000e+09 8.068125e+03 
2600000000 8.089850e+03 
2.602000e+09 8.085075e+03 
2604000000 8.092550e+03 
2.606000e+09 8.093350e+03 
2608000000 8071 
2.610000e+09 8.085050e+03 
2612000000 8.063750e+03 
2.614000e+09 8094 
2616000000 8.076800e+03 
2.618000e+09 8.065825e+03 
2620000000 8083 
2.622000e+09 8.051750e+03 
2624000000 8.082325e+03 
2.626000e+09 8.078775e+03 
2628000000 8.051050e+03 
2.630000e+09 8.049750e+03 
2632000000 8.059875e+03 
2.634000e+09 8.044300e+03 
2636000000 8.055300e+03 
2.638000e+09 8.025925e+03 
2640000000 8.034700e+03 
2.642000e+09 8.043075e+03 
2644000000 8.043425e+03 
2646000000 8.042575e+03 
2648000000 8.067350e+03 
2.650000e+09 8.066550e+03 
2652000000 8.065250e+03 
2654000000 8.050625e+03 
2656000000 8.084075e+03 
2.658000e+09 8.104950e+03 
2660000000 8.091225e+03 
2662000000 8102 
2664000000 8.081725e+03 
2.666000e+09 8075 
2668000000 8.073750e+03 
2670000000 8.092775e+03 
2672000000 8.054575e+03 
2.674000e+09 8.055175e+03 
2676000000 8.058175e+03 
2678000000 8.061375e+03 
2680000000 8.021400e+03 
2.682000e+09 7.998375e+03 
2684000000 8.008100e+03 
2686000000 8.002125e+03 
2688000000 8.011075e+03 
2.690000e+09 8.031850e+03 
2692000000 8.017725e+03 
2694000000 8.044850e+03 
2696000000 8.061800e+03 
2698000000 8.093275e+03 
2700000000 8.066150e+03 
2702000000 8.069925e+03 
2704000000 8.086950e+03 
2706000000 8.061375e+03 
2708000000 8.076875e+03 
2710000000 8.076875e+03 
2712000000 8.085450e+03 
2714000000 8.093050e+03 
2716000000 8.087100e+03 
2718000000 8.093500e+03 
2720000000 8.083550e+03 
2722000000 8.092775e+03 
2724000000 8.083200e+03 
2726000000 8.108050e+03 
2728000000 8.067850e+03 
2730000000 8.084150e+03 
2732000000 8.094200e+03 
2734000000 8.087400e+03 
2736000000 8.077750e+03 
2738000000 8.076700e+03 
2740000000 8.071525e+03 
2742000000 8.089275e+03 
2744000000 8.075525e+03 
2746000000 8.095150e+03 
2748000000 8.063825e+03 
2750000000 8.078050e+03 
2752000000 8.087500e+03 
2754000000 8.098050e+03 
2756000000 8.081675e+03 
2758000000 8.088850e+03 
2760000000 8.077975e+03 
2762000000 8.095650e+03 
2764000000 8.058825e+03 
2766000000 8.078400e+03 
2768000000 8.091975e+03 
2770000000 8.110850e+03 
2.772000e+09 8.069800e+03 
2774000000 8.099250e+03 
2.776000e+09 8.089075e+03 
2778000000 8.086125e+03 
2.780000e+09 8.094775e+03 
2782000000 8.086450e+03 
2.784000e+09 8.073625e+03 
2786000000 8.061575e+03 
2.788000e+09 8.081450e+03 
2790000000 8.074450e+03 
2.792000e+09 8.073775e+03 
2794000000 8.081075e+03 
2.796000e+09 8.069750e+03 
2798000000 8.059400e+03 
2.800000e+09 8.066050e+03 
2802000000 8.076025e+03 
2.804000e+09 8.062500e+03 
2806000000 8.063525e+03 
2.808000e+09 8.076600e+03 
2810000000 8.082275e+03 
2.812000e+09 8.064650e+03 
2814000000 8.065750e+03 
2.816000e+09 8.045750e+03 
2818000000 8.043975e+03 
2.820000e+09 8.027425e+03 
2822000000 8.015175e+03 
2.824000e+09 8.009750e+03 
2826000000 7.999725e+03 
2.828000e+09 8.011450e+03 
2830000000 7.981175e+03 
2832000000 8.025575e+03 
2834000000 8.034050e+03 
2.836000e+09 8.040525e+03 
2838000000 8.075075e+03 
2.840000e+09 8.090975e+03 
2842000000 8.051750e+03 
2.844000e+09 8.061725e+03 
2846000000 8.081550e+03 
2848000000 8.080575e+03 
2850000000 8.094200e+03 
2.852000e+09 8.073275e+03 
2854000000 8.080350e+03 
2.856000e+09 8.073425e+03 
2858000000 8.064650e+03 
2.860000e+09 8.049800e+03 
2862000000 8.049925e+03 
2864000000 8.041750e+03 
2866000000 8.058100e+03 
2.868000e+09 8.025925e+03 
2870000000 8.039800e+03 

END
