IGOR
WAVES/D/O sweep,sig(1) 
BEGIN
2470000000 7.945300e+03 
2472000000 7.948025e+03 
2474000000 7.938200e+03 
2476000000 7.943575e+03 
2478000000 7.929925e+03 
2480000000 7.942150e+03 
2482000000 7.951450e+03 
2484000000 7.939275e+03 
2486000000 7.940525e+03 
2488000000 7.929700e+03 
2490000000 7.946375e+03 
2492000000 7.960975e+03 
2494000000 7.953200e+03 
2496000000 7.942950e+03 
2498000000 7.937125e+03 
2500000000 7.948600e+03 
2502000000 7.966325e+03 
2504000000 7.938925e+03 
2506000000 7.966475e+03 
2508000000 7.945450e+03 
2510000000 7.924825e+03 
2512000000 7.918125e+03 
2514000000 7.940075e+03 
2516000000 7.949450e+03 
2518000000 7.951125e+03 
2520000000 7.949300e+03 
2.522000e+09 7.959075e+03 
2524000000 7.950825e+03 
2.526000e+09 7.888275e+03 
2528000000 7.931100e+03 
2.530000e+09 7.959150e+03 
2532000000 7.945700e+03 
2.534000e+09 7.951250e+03 
2536000000 7.925975e+03 
2.538000e+09 7.931650e+03 
2540000000 7.931900e+03 
2.542000e+09 7.936950e+03 
2544000000 7.952950e+03 
2.546000e+09 7.935525e+03 
2548000000 7.932625e+03 
2.550000e+09 7.927375e+03 
2552000000 7.943500e+03 
2.554000e+09 7.928350e+03 
2556000000 7.942325e+03 
2.558000e+09 7.934200e+03 
2560000000 7932 
2.562000e+09 7.940775e+03 
2564000000 7.958450e+03 
2.566000e+09 7.927450e+03 
2568000000 7.927625e+03 
2.570000e+09 7.924150e+03 
2572000000 7.949500e+03 
2.574000e+09 7.924575e+03 
2576000000 7.955600e+03 
2.578000e+09 7.951200e+03 
2580000000 7.943650e+03 
2.582000e+09 7.934475e+03 
2584000000 7.962100e+03 
2.586000e+09 7.936850e+03 
2588000000 7.956875e+03 
2.590000e+09 7.947475e+03 
2592000000 7.917525e+03 
2.594000e+09 7.946875e+03 
2596000000 7.961650e+03 
2.598000e+09 7.948725e+03 
2600000000 7.938350e+03 
2.602000e+09 7.931700e+03 
2604000000 7.934025e+03 
2.606000e+09 7.930850e+03 
2608000000 7.916250e+03 
2.610000e+09 7.931200e+03 
2612000000 7.953225e+03 
2.614000e+09 7.947325e+03 
2616000000 7.906100e+03 
2.618000e+09 7.934250e+03 
2620000000 7.954350e+03 
2.622000e+09 7.946025e+03 
2624000000 7.947425e+03 
2.626000e+09 7.924575e+03 
2628000000 7.956525e+03 
2.630000e+09 7.926475e+03 
2632000000 7.887200e+03 
2.634000e+09 7.913850e+03 
2636000000 7.926575e+03 
2.638000e+09 7.904900e+03 
2640000000 7.894175e+03 
2.642000e+09 7.902700e+03 
2644000000 7.897300e+03 
2646000000 7.868575e+03 
2648000000 7.904875e+03 
2.650000e+09 7.946900e+03 
2652000000 7.944275e+03 
2654000000 7.952900e+03 
2656000000 7.927350e+03 
2.658000e+09 7.956400e+03 
2660000000 7.941150e+03 
2662000000 7.941875e+03 
2664000000 7.953175e+03 
2.666000e+09 7.930150e+03 
2668000000 7.952100e+03 
2670000000 7.952475e+03 
2672000000 7.933700e+03 
2.674000e+09 7.927475e+03 
2676000000 7.924375e+03 
2678000000 7.925725e+03 
2680000000 7.877225e+03 
2.682000e+09 7.895725e+03 
2684000000 7.884350e+03 
2686000000 7.850025e+03 
2688000000 7.874550e+03 
2.690000e+09 7.867925e+03 
2692000000 7.891250e+03 
2694000000 7.914775e+03 
2696000000 7.910475e+03 
2698000000 7.912350e+03 
2700000000 7.935150e+03 
2702000000 7.966550e+03 
2704000000 7.959700e+03 
2706000000 7.949425e+03 
2708000000 7.955850e+03 
2710000000 7.945175e+03 
2712000000 7.957900e+03 
2714000000 7.964225e+03 
2716000000 7.940650e+03 
2718000000 7.952250e+03 
2720000000 7.937025e+03 
2722000000 7.949325e+03 
2724000000 7.924750e+03 
2726000000 7.935550e+03 
2728000000 7.932150e+03 
2730000000 7.960075e+03 
2732000000 7.957325e+03 
2734000000 7.934775e+03 
2736000000 7.964750e+03 
2738000000 7.938925e+03 
2740000000 7.932775e+03 
2742000000 7.944625e+03 
2744000000 7.934125e+03 
2746000000 7.946800e+03 
2748000000 7.940225e+03 
2750000000 7.944800e+03 
2752000000 7.946875e+03 
2754000000 7.943925e+03 
2756000000 7.949300e+03 
2758000000 7.936950e+03 
2760000000 7.943950e+03 
2762000000 7.931675e+03 
2764000000 7.926725e+03 
2766000000 7.935275e+03 
2768000000 7.949700e+03 
2770000000 7.936750e+03 
2.772000e+09 7.937300e+03 
2774000000 7.928775e+03 
2.776000e+09 7.950875e+03 
2778000000 7.946600e+03 
2.780000e+09 7.936925e+03 
2782000000 7.949700e+03 
2.784000e+09 7.926325e+03 
2786000000 7.952975e+03 
2.788000e+09 7.953775e+03 
2790000000 7.956525e+03 
2.792000e+09 7961 
2794000000 7.940975e+03 
2.796000e+09 7.954850e+03 
2798000000 7.942650e+03 
2.800000e+09 7.951650e+03 
2802000000 7.950700e+03 
2.804000e+09 7.931275e+03 
2806000000 7.927575e+03 
2.808000e+09 7.963050e+03 
2810000000 7.955875e+03 
2.812000e+09 7.944125e+03 
2814000000 7.939850e+03 
2.816000e+09 7.948675e+03 
2818000000 7.930275e+03 
2.820000e+09 7.916625e+03 
2822000000 7.913600e+03 
2.824000e+09 7.874625e+03 
2826000000 7.896550e+03 
2.828000e+09 7.870350e+03 
2830000000 7.893525e+03 
2832000000 7907 
2834000000 7.937350e+03 
2.836000e+09 7.936050e+03 
2838000000 7.960475e+03 
2.840000e+09 7.964150e+03 
2842000000 7.947850e+03 
2.844000e+09 7939 
2846000000 7.948800e+03 
2848000000 7.950475e+03 
2850000000 7.943675e+03 
2.852000e+09 7.932225e+03 
2854000000 7.941150e+03 
2.856000e+09 7.944625e+03 
2858000000 7.921750e+03 
2.860000e+09 7.920150e+03 
2862000000 7.917525e+03 
2864000000 7.930375e+03 
2866000000 7.924050e+03 
2.868000e+09 7.906600e+03 
2870000000 7.910575e+03 

END
