IGOR
WAVES/D/O sweep,sig(1) 
BEGIN
2470000000 7.904050e+03 
2472000000 7.878350e+03 
2474000000 7.890875e+03 
2476000000 7.889275e+03 
2478000000 7.882200e+03 
2480000000 7.888775e+03 
2482000000 7.847900e+03 
2484000000 7.891825e+03 
2486000000 7.886750e+03 
2488000000 7.874675e+03 
2490000000 7.889600e+03 
2492000000 7.876525e+03 
2494000000 7.886875e+03 
2496000000 7.875450e+03 
2498000000 7.897875e+03 
2500000000 7.883775e+03 
2502000000 7.895350e+03 
2504000000 7.874975e+03 
2506000000 7.881650e+03 
2508000000 7.880475e+03 
2510000000 7.878675e+03 
2512000000 7.886925e+03 
2514000000 7.896275e+03 
2516000000 7.894250e+03 
2518000000 7.885250e+03 
2520000000 7.883850e+03 
2.522000e+09 7.882250e+03 
2524000000 7.893125e+03 
2.526000e+09 7.915850e+03 
2528000000 7.873250e+03 
2.530000e+09 7.878900e+03 
2532000000 7.881925e+03 
2.534000e+09 7.888225e+03 
2536000000 7.883575e+03 
2.538000e+09 7.876150e+03 
2540000000 7.883175e+03 
2.542000e+09 7.886525e+03 
2544000000 7.882075e+03 
2.546000e+09 7.897300e+03 
2548000000 7.879050e+03 
2.550000e+09 7.873450e+03 
2552000000 7.868200e+03 
2.554000e+09 7.879300e+03 
2556000000 7.874225e+03 
2.558000e+09 7.899550e+03 
2560000000 7.882200e+03 
2.562000e+09 7.891375e+03 
2564000000 7.871025e+03 
2.566000e+09 7.863175e+03 
2568000000 7.887100e+03 
2.570000e+09 7.880025e+03 
2572000000 7.898325e+03 
2.574000e+09 7.881950e+03 
2576000000 7.877475e+03 
2.578000e+09 7.893625e+03 
2580000000 7.891975e+03 
2.582000e+09 7.861625e+03 
2584000000 7.900825e+03 
2.586000e+09 7.892800e+03 
2588000000 7.886575e+03 
2.590000e+09 7.872700e+03 
2592000000 7.897475e+03 
2.594000e+09 7.894075e+03 
2596000000 7.874850e+03 
2.598000e+09 7.886550e+03 
2600000000 7.867350e+03 
2.602000e+09 7.866025e+03 
2604000000 7.873500e+03 
2.606000e+09 7.886325e+03 
2608000000 7.870050e+03 
2.610000e+09 7.887900e+03 
2612000000 7.892725e+03 
2.614000e+09 7.875050e+03 
2616000000 7.885675e+03 
2.618000e+09 7.880875e+03 
2620000000 7.874050e+03 
2.622000e+09 7.888025e+03 
2624000000 7.866775e+03 
2.626000e+09 7.879775e+03 
2628000000 7875 
2.630000e+09 7860 
2632000000 7.848675e+03 
2.634000e+09 7.836300e+03 
2636000000 7.849475e+03 
2.638000e+09 7.811250e+03 
2640000000 7.856625e+03 
2.642000e+09 7.836850e+03 
2644000000 7.861075e+03 
2646000000 7.855300e+03 
2648000000 7.863600e+03 
2.650000e+09 7.882725e+03 
2652000000 7.861850e+03 
2654000000 7.879350e+03 
2656000000 7861 
2.658000e+09 7.872950e+03 
2660000000 7.876525e+03 
2662000000 7.875900e+03 
2664000000 7.882625e+03 
2.666000e+09 7.874725e+03 
2668000000 7.901075e+03 
2670000000 7.887425e+03 
2672000000 7.870225e+03 
2.674000e+09 7.888200e+03 
2676000000 7.881225e+03 
2678000000 7.848500e+03 
2680000000 7847 
2.682000e+09 7.837050e+03 
2684000000 7.817800e+03 
2686000000 7.790400e+03 
2688000000 7.812300e+03 
2.690000e+09 7.817900e+03 
2692000000 7.839150e+03 
2694000000 7.831650e+03 
2696000000 7.842150e+03 
2698000000 7.868050e+03 
2700000000 7.864775e+03 
2702000000 7.882900e+03 
2704000000 7.886625e+03 
2706000000 7.870125e+03 
2708000000 7.895925e+03 
2710000000 7.894975e+03 
2712000000 7.888125e+03 
2714000000 7.886450e+03 
2716000000 7.882200e+03 
2718000000 7.899775e+03 
2720000000 7.918650e+03 
2722000000 7.906575e+03 
2724000000 7.897475e+03 
2726000000 7.887875e+03 
2728000000 7.898875e+03 
2730000000 7.891175e+03 
2732000000 7.872900e+03 
2734000000 7.878500e+03 
2736000000 7.893775e+03 
2738000000 7.870850e+03 
2740000000 7.887650e+03 
2742000000 7.902500e+03 
2744000000 7.886575e+03 
2746000000 7.862250e+03 
2748000000 7.883375e+03 
2750000000 7.876600e+03 
2752000000 7.907800e+03 
2754000000 7.875750e+03 
2756000000 7.903550e+03 
2758000000 7.899375e+03 
2760000000 7.877125e+03 
2762000000 7.878525e+03 
2764000000 7.869875e+03 
2766000000 7.880600e+03 
2768000000 7.886825e+03 
2770000000 7.878950e+03 
2.772000e+09 7.899850e+03 
2774000000 7.883400e+03 
2.776000e+09 7.889400e+03 
2778000000 7.912275e+03 
2.780000e+09 7.883675e+03 
2782000000 7.891475e+03 
2.784000e+09 7.897450e+03 
2786000000 7.879625e+03 
2.788000e+09 7.876650e+03 
2790000000 7.889200e+03 
2.792000e+09 7.895875e+03 
2794000000 7.891450e+03 
2.796000e+09 7.890075e+03 
2798000000 7.886575e+03 
2.800000e+09 7.898275e+03 
2802000000 7.910575e+03 
2.804000e+09 7.880525e+03 
2806000000 7.888975e+03 
2.808000e+09 7.895550e+03 
2810000000 7.880075e+03 
2.812000e+09 7.884600e+03 
2814000000 7.875575e+03 
2.816000e+09 7.881025e+03 
2818000000 7.852025e+03 
2.820000e+09 7.842325e+03 
2822000000 7.837875e+03 
2.824000e+09 7.807125e+03 
2826000000 7.791875e+03 
2.828000e+09 7.795200e+03 
2830000000 7.837025e+03 
2832000000 7.818875e+03 
2834000000 7.859525e+03 
2.836000e+09 7.866875e+03 
2838000000 7.874175e+03 
2.840000e+09 7.876250e+03 
2842000000 7.896475e+03 
2.844000e+09 7891 
2846000000 7.893025e+03 
2848000000 7.895375e+03 
2850000000 7.894625e+03 
2.852000e+09 7.890425e+03 
2854000000 7902 
2.856000e+09 7.875950e+03 
2858000000 7.854525e+03 
2.860000e+09 7.853475e+03 
2862000000 7.869100e+03 
2864000000 7.861300e+03 
2866000000 7.841175e+03 
2.868000e+09 7.842850e+03 
2870000000 7.840025e+03 

END
