IGOR
WAVES/D/O sweep,sig(1) 
BEGIN
2470000000 7.920575e+03 
2472000000 7.916225e+03 
2474000000 7.922150e+03 
2476000000 7.915425e+03 
2478000000 7.940175e+03 
2480000000 7.934275e+03 
2482000000 7.945875e+03 
2484000000 7.914050e+03 
2486000000 7.922200e+03 
2488000000 7.934750e+03 
2490000000 7.932725e+03 
2492000000 7.950500e+03 
2494000000 7.922250e+03 
2496000000 7.950575e+03 
2498000000 7.939400e+03 
2500000000 7.938975e+03 
2502000000 7.903050e+03 
2504000000 7.926200e+03 
2506000000 7.948675e+03 
2508000000 7.910150e+03 
2510000000 7.942400e+03 
2512000000 7.939575e+03 
2514000000 7.937275e+03 
2516000000 7.951675e+03 
2518000000 7.919350e+03 
2520000000 7.928475e+03 
2.522000e+09 7.959125e+03 
2524000000 7.930125e+03 
2.526000e+09 7.926425e+03 
2528000000 7.910975e+03 
2.530000e+09 7.937700e+03 
2532000000 7.928700e+03 
2.534000e+09 7.949250e+03 
2536000000 7.924375e+03 
2.538000e+09 7.951125e+03 
2540000000 7.921925e+03 
2.542000e+09 7.908050e+03 
2544000000 7.922950e+03 
2.546000e+09 7.928300e+03 
2548000000 7.932825e+03 
2.550000e+09 7.901375e+03 
2552000000 7.907700e+03 
2.554000e+09 7.942375e+03 
2556000000 7.928300e+03 
2.558000e+09 7.936850e+03 
2560000000 7.933750e+03 
2.562000e+09 7.933175e+03 
2564000000 7.946675e+03 
2.566000e+09 7.917700e+03 
2568000000 7.924950e+03 
2.570000e+09 7.922350e+03 
2572000000 7.920125e+03 
2.574000e+09 7.929900e+03 
2576000000 7922 
2.578000e+09 7.922450e+03 
2580000000 7.929150e+03 
2.582000e+09 7.911125e+03 
2584000000 7.922800e+03 
2.586000e+09 7.950050e+03 
2588000000 7.929300e+03 
2.590000e+09 7.956175e+03 
2592000000 7.962950e+03 
2.594000e+09 7.937775e+03 
2596000000 7.941150e+03 
2.598000e+09 7.936375e+03 
2600000000 7.948450e+03 
2.602000e+09 7.937950e+03 
2604000000 7.930925e+03 
2.606000e+09 7.929350e+03 
2608000000 7.929650e+03 
2.610000e+09 7.929925e+03 
2612000000 7.923675e+03 
2.614000e+09 7.933550e+03 
2616000000 7.930800e+03 
2.618000e+09 7.922250e+03 
2620000000 7.920050e+03 
2.622000e+09 7.926775e+03 
2624000000 7.915550e+03 
2.626000e+09 7.897175e+03 
2628000000 7.935375e+03 
2.630000e+09 7.917650e+03 
2632000000 7.878150e+03 
2.634000e+09 7.903525e+03 
2636000000 7.887725e+03 
2.638000e+09 7.884625e+03 
2640000000 7.868150e+03 
2.642000e+09 7.881950e+03 
2644000000 7.883275e+03 
2646000000 7.917175e+03 
2648000000 7.922575e+03 
2.650000e+09 7.904800e+03 
2652000000 7.914850e+03 
2654000000 7.918575e+03 
2656000000 7.944850e+03 
2.658000e+09 7.927775e+03 
2660000000 7.943100e+03 
2662000000 7.920025e+03 
2664000000 7.909425e+03 
2.666000e+09 7.933325e+03 
2668000000 7.926225e+03 
2670000000 7.932800e+03 
2672000000 7.951025e+03 
2.674000e+09 7.930350e+03 
2676000000 7.902250e+03 
2678000000 7.883975e+03 
2680000000 7.895650e+03 
2.682000e+09 7.847150e+03 
2684000000 7.836250e+03 
2686000000 7.858725e+03 
2688000000 7.873275e+03 
2.690000e+09 7.861725e+03 
2692000000 7.877075e+03 
2694000000 7.891425e+03 
2696000000 7.921850e+03 
2698000000 7.888625e+03 
2700000000 7.906700e+03 
2702000000 7.927175e+03 
2704000000 7923 
2706000000 7.951900e+03 
2708000000 7.927725e+03 
2710000000 7.943775e+03 
2712000000 7.930250e+03 
2714000000 7.921925e+03 
2716000000 7.920575e+03 
2718000000 7.934750e+03 
2720000000 7.920775e+03 
2722000000 7.915925e+03 
2724000000 7.944950e+03 
2726000000 7.931550e+03 
2728000000 7.925250e+03 
2730000000 7.915250e+03 
2732000000 7917 
2734000000 7.932400e+03 
2736000000 7.914900e+03 
2738000000 7.925750e+03 
2740000000 7.928025e+03 
2742000000 7.912475e+03 
2744000000 7.945275e+03 
2746000000 7.923550e+03 
2748000000 7.918425e+03 
2750000000 7.928325e+03 
2752000000 7.916650e+03 
2754000000 7.921875e+03 
2756000000 7935 
2758000000 7.920725e+03 
2760000000 7.919200e+03 
2762000000 7.949825e+03 
2764000000 7.880925e+03 
2766000000 7.921350e+03 
2768000000 7.923575e+03 
2770000000 7.937350e+03 
2.772000e+09 7.951725e+03 
2774000000 7.908550e+03 
2.776000e+09 7.916275e+03 
2778000000 7.915525e+03 
2.780000e+09 7.936625e+03 
2782000000 7.925825e+03 
2.784000e+09 7.924150e+03 
2786000000 7.933975e+03 
2.788000e+09 7.937525e+03 
2790000000 7.927550e+03 
2.792000e+09 7.931200e+03 
2794000000 7.915475e+03 
2.796000e+09 7.904075e+03 
2798000000 7.932975e+03 
2.800000e+09 7919 
2802000000 7.927050e+03 
2.804000e+09 7.915400e+03 
2806000000 7.911275e+03 
2.808000e+09 7.938075e+03 
2810000000 7.908825e+03 
2.812000e+09 7.905750e+03 
2814000000 7.929375e+03 
2.816000e+09 7.903350e+03 
2818000000 7.897250e+03 
2.820000e+09 7.880725e+03 
2822000000 7.884825e+03 
2.824000e+09 7.866100e+03 
2826000000 7.843225e+03 
2.828000e+09 7.848375e+03 
2830000000 7.867975e+03 
2832000000 7.865925e+03 
2834000000 7.868725e+03 
2.836000e+09 7.905950e+03 
2838000000 7.919850e+03 
2.840000e+09 7.931400e+03 
2842000000 7.928675e+03 
2.844000e+09 7.932975e+03 
2846000000 7.916575e+03 
2848000000 7928 
2850000000 7.916100e+03 
2.852000e+09 7.917700e+03 
2854000000 7.915450e+03 
2.856000e+09 7.909600e+03 
2858000000 7.926925e+03 
2.860000e+09 7.888600e+03 
2862000000 7.894550e+03 
2864000000 7.870350e+03 
2866000000 7.889700e+03 
2.868000e+09 7.888900e+03 
2870000000 7.892275e+03 

END
