IGOR
WAVES/D/O sweep,sig(1) 
BEGIN
2470000000 8.099850e+03 
2472000000 8.093325e+03 
2474000000 8.090175e+03 
2476000000 8.105525e+03 
2478000000 8.127400e+03 
2480000000 8.109300e+03 
2482000000 8.109425e+03 
2484000000 8.093700e+03 
2486000000 8.097950e+03 
2488000000 8.095100e+03 
2490000000 8.094250e+03 
2492000000 8.113750e+03 
2494000000 8.093600e+03 
2496000000 8099 
2498000000 8.106325e+03 
2500000000 8.098675e+03 
2502000000 8.120375e+03 
2504000000 8.119700e+03 
2506000000 8.091400e+03 
2508000000 8.123050e+03 
2510000000 8.104450e+03 
2512000000 8.111050e+03 
2514000000 8.105325e+03 
2516000000 8.095050e+03 
2518000000 8.120200e+03 
2520000000 8.124275e+03 
2.522000e+09 8.100925e+03 
2524000000 8.089700e+03 
2.526000e+09 8.088650e+03 
2528000000 8.105500e+03 
2.530000e+09 8.107050e+03 
2532000000 8.118500e+03 
2.534000e+09 8.105325e+03 
2536000000 8.098975e+03 
2.538000e+09 8.111675e+03 
2540000000 8.110300e+03 
2.542000e+09 8.086675e+03 
2544000000 8.106150e+03 
2.546000e+09 8.098325e+03 
2548000000 8.096150e+03 
2.550000e+09 8.113100e+03 
2552000000 8.105750e+03 
2.554000e+09 8104 
2556000000 8.116700e+03 
2.558000e+09 8.105775e+03 
2560000000 8.104900e+03 
2.562000e+09 8114 
2564000000 8.086850e+03 
2.566000e+09 8.117300e+03 
2568000000 8.096200e+03 
2.570000e+09 8.104150e+03 
2572000000 8.108825e+03 
2.574000e+09 8.115300e+03 
2576000000 8.110650e+03 
2.578000e+09 8.122625e+03 
2580000000 8.105450e+03 
2.582000e+09 8.101500e+03 
2584000000 8.126550e+03 
2.586000e+09 8.096950e+03 
2588000000 8.102075e+03 
2.590000e+09 8.101250e+03 
2592000000 8.086325e+03 
2.594000e+09 8.079925e+03 
2596000000 8.097400e+03 
2.598000e+09 8.095850e+03 
2600000000 8.115325e+03 
2.602000e+09 8.103600e+03 
2604000000 8.100450e+03 
2.606000e+09 8.089150e+03 
2608000000 8.092375e+03 
2.610000e+09 8.109725e+03 
2612000000 8.117775e+03 
2.614000e+09 8.100775e+03 
2616000000 8.111675e+03 
2.618000e+09 8.101625e+03 
2620000000 8.106250e+03 
2.622000e+09 8.100900e+03 
2624000000 8.110850e+03 
2.626000e+09 8.102450e+03 
2628000000 8.068500e+03 
2.630000e+09 8.091450e+03 
2632000000 8.055800e+03 
2.634000e+09 8088 
2636000000 8.068650e+03 
2.638000e+09 8.056375e+03 
2640000000 8.068300e+03 
2.642000e+09 8.043325e+03 
2644000000 8.063825e+03 
2646000000 8.050725e+03 
2648000000 8.073750e+03 
2.650000e+09 8.089950e+03 
2652000000 8.086925e+03 
2654000000 8.093475e+03 
2656000000 8.130975e+03 
2.658000e+09 8115 
2660000000 8.112450e+03 
2662000000 8.131400e+03 
2664000000 8.099275e+03 
2.666000e+09 8.105225e+03 
2668000000 8.086800e+03 
2670000000 8.090725e+03 
2672000000 8.092900e+03 
2.674000e+09 8.071375e+03 
2676000000 8.065300e+03 
2678000000 8.067400e+03 
2680000000 8.056225e+03 
2.682000e+09 8.019950e+03 
2684000000 8.024550e+03 
2686000000 7.982625e+03 
2688000000 8.005725e+03 
2.690000e+09 8.023450e+03 
2692000000 8.038700e+03 
2694000000 8.052175e+03 
2696000000 8.068675e+03 
2698000000 8.100150e+03 
2700000000 8.094325e+03 
2702000000 8.086675e+03 
2704000000 8.098300e+03 
2706000000 8.109375e+03 
2708000000 8.111750e+03 
2710000000 8.101975e+03 
2712000000 8.104275e+03 
2714000000 8.084725e+03 
2716000000 8.105450e+03 
2718000000 8.086925e+03 
2720000000 8.100500e+03 
2722000000 8.095875e+03 
2724000000 8.134575e+03 
2726000000 8108 
2728000000 8.120550e+03 
2730000000 8.095650e+03 
2732000000 8.089975e+03 
2734000000 8.098575e+03 
2736000000 8.122600e+03 
2738000000 8.114925e+03 
2740000000 8.086150e+03 
2742000000 8.080900e+03 
2744000000 8.059050e+03 
2746000000 8.113500e+03 
2748000000 8.100950e+03 
2750000000 8.112075e+03 
2752000000 8.101975e+03 
2754000000 8.088500e+03 
2756000000 8.116525e+03 
2758000000 8.093800e+03 
2760000000 8.079075e+03 
2762000000 8.097975e+03 
2764000000 8.097575e+03 
2766000000 8.099475e+03 
2768000000 8097 
2770000000 8.105775e+03 
2.772000e+09 8.107325e+03 
2774000000 8.094300e+03 
2.776000e+09 8.107325e+03 
2778000000 8.088950e+03 
2.780000e+09 8.116625e+03 
2782000000 8.083350e+03 
2.784000e+09 8.101625e+03 
2786000000 8.100525e+03 
2.788000e+09 8.116050e+03 
2790000000 8.113875e+03 
2.792000e+09 8.087450e+03 
2794000000 8087 
2.796000e+09 8.096450e+03 
2798000000 8.099625e+03 
2.800000e+09 8.073675e+03 
2802000000 8.069550e+03 
2.804000e+09 8.069225e+03 
2806000000 8.091600e+03 
2.808000e+09 8.112225e+03 
2810000000 8.094250e+03 
2.812000e+09 8.093850e+03 
2814000000 8.097375e+03 
2.816000e+09 8.081975e+03 
2818000000 8.064350e+03 
2.820000e+09 8.036475e+03 
2822000000 8.040700e+03 
2.824000e+09 8.026575e+03 
2826000000 8.007625e+03 
2.828000e+09 8.022550e+03 
2830000000 8.038900e+03 
2832000000 8.020175e+03 
2834000000 8.060750e+03 
2.836000e+09 8.049675e+03 
2838000000 8104 
2.840000e+09 8.066525e+03 
2842000000 8.084025e+03 
2.844000e+09 8.082250e+03 
2846000000 8.102925e+03 
2848000000 8.097325e+03 
2850000000 8.090100e+03 
2.852000e+09 8.080400e+03 
2854000000 8.096400e+03 
2.856000e+09 8.089825e+03 
2858000000 8.064725e+03 
2.860000e+09 8.072375e+03 
2862000000 8.060125e+03 
2864000000 8.053525e+03 
2866000000 8.057150e+03 
2.868000e+09 8.073950e+03 
2870000000 8.069050e+03 

END
