IGOR
WAVES/D/O sweep,sig(1) 
BEGIN
2470000000 8.201475e+03 
2472000000 8.195650e+03 
2474000000 8.197175e+03 
2476000000 8.203725e+03 
2478000000 8.222275e+03 
2480000000 8.192950e+03 
2482000000 8.225025e+03 
2484000000 8.209100e+03 
2486000000 8.195725e+03 
2488000000 8.214300e+03 
2490000000 8.201775e+03 
2492000000 8.197700e+03 
2494000000 8.213450e+03 
2496000000 8.210800e+03 
2498000000 8.207825e+03 
2500000000 8.204200e+03 
2502000000 8.197500e+03 
2504000000 8.210975e+03 
2506000000 8.192475e+03 
2508000000 8.195750e+03 
2510000000 8.200075e+03 
2512000000 8.187025e+03 
2514000000 8.190925e+03 
2516000000 8.222325e+03 
2518000000 8.193425e+03 
2520000000 8.195725e+03 
2.522000e+09 8.204350e+03 
2524000000 8.185300e+03 
2.526000e+09 8.212700e+03 
2528000000 8.217450e+03 
2.530000e+09 8.189025e+03 
2532000000 8.200225e+03 
2.534000e+09 8.187775e+03 
2536000000 8.201525e+03 
2.538000e+09 8.208725e+03 
2540000000 8.191200e+03 
2.542000e+09 8.181050e+03 
2544000000 8.182375e+03 
2.546000e+09 8.179975e+03 
2548000000 8.206225e+03 
2.550000e+09 8.181875e+03 
2552000000 8.189500e+03 
2.554000e+09 8.204825e+03 
2556000000 8.180850e+03 
2.558000e+09 8.184725e+03 
2560000000 8.200800e+03 
2.562000e+09 8.182050e+03 
2564000000 8.208075e+03 
2.566000e+09 8.199550e+03 
2568000000 8.198400e+03 
2.570000e+09 8.202800e+03 
2572000000 8.210025e+03 
2.574000e+09 8.203275e+03 
2576000000 8.174750e+03 
2.578000e+09 8.182725e+03 
2580000000 8.188100e+03 
2.582000e+09 8.190200e+03 
2584000000 8.176225e+03 
2.586000e+09 8.188800e+03 
2588000000 8.177425e+03 
2.590000e+09 8.198200e+03 
2592000000 8.189425e+03 
2.594000e+09 8.210375e+03 
2596000000 8.184725e+03 
2.598000e+09 8.187550e+03 
2600000000 8.200600e+03 
2.602000e+09 8.181300e+03 
2604000000 8.197200e+03 
2.606000e+09 8.203050e+03 
2608000000 8.207850e+03 
2.610000e+09 8.189025e+03 
2612000000 8.203025e+03 
2.614000e+09 8.188550e+03 
2616000000 8.220300e+03 
2.618000e+09 8.195700e+03 
2620000000 8.187325e+03 
2.622000e+09 8.199800e+03 
2624000000 8.185725e+03 
2.626000e+09 8.195200e+03 
2628000000 8.200675e+03 
2.630000e+09 8.183350e+03 
2632000000 8.179625e+03 
2.634000e+09 8.137775e+03 
2636000000 8.141525e+03 
2.638000e+09 8.149750e+03 
2640000000 8.157200e+03 
2.642000e+09 8.149700e+03 
2644000000 8.156075e+03 
2646000000 8.124550e+03 
2648000000 8.176075e+03 
2.650000e+09 8.178900e+03 
2652000000 8.210650e+03 
2654000000 8.183175e+03 
2656000000 8.176450e+03 
2.658000e+09 8.193900e+03 
2660000000 8.191625e+03 
2662000000 8.205225e+03 
2664000000 8.180850e+03 
2.666000e+09 8.182200e+03 
2668000000 8.196500e+03 
2670000000 8.199600e+03 
2672000000 8.198675e+03 
2.674000e+09 8.164825e+03 
2676000000 8.167750e+03 
2678000000 8.158425e+03 
2680000000 8.139600e+03 
2.682000e+09 8.143675e+03 
2684000000 8.113400e+03 
2686000000 8.125575e+03 
2688000000 8.096425e+03 
2.690000e+09 8.105325e+03 
2692000000 8.139750e+03 
2694000000 8.144975e+03 
2696000000 8.152300e+03 
2698000000 8.193375e+03 
2700000000 8.190150e+03 
2702000000 8.207225e+03 
2704000000 8.194675e+03 
2706000000 8.180025e+03 
2708000000 8.194775e+03 
2710000000 8.191275e+03 
2712000000 8.200175e+03 
2714000000 8.195775e+03 
2716000000 8.216100e+03 
2718000000 8.191875e+03 
2720000000 8.187975e+03 
2722000000 8.201100e+03 
2724000000 8.218600e+03 
2726000000 8.206350e+03 
2728000000 8.211425e+03 
2730000000 8.199850e+03 
2732000000 8.196500e+03 
2734000000 8.203650e+03 
2736000000 8.179825e+03 
2738000000 8.208675e+03 
2740000000 8.201300e+03 
2742000000 8.201475e+03 
2744000000 8.187725e+03 
2746000000 8.192975e+03 
2748000000 8.203725e+03 
2750000000 8.200450e+03 
2752000000 8.185975e+03 
2754000000 8.203525e+03 
2756000000 8.185300e+03 
2758000000 8.181050e+03 
2760000000 8.191425e+03 
2762000000 8.189300e+03 
2764000000 8.195850e+03 
2766000000 8.223125e+03 
2768000000 8.195275e+03 
2770000000 8.197600e+03 
2.772000e+09 8.222550e+03 
2774000000 8.198150e+03 
2.776000e+09 8.166525e+03 
2778000000 8.217150e+03 
2.780000e+09 8.192900e+03 
2782000000 8.196275e+03 
2.784000e+09 8.198375e+03 
2786000000 8.183725e+03 
2.788000e+09 8.195575e+03 
2790000000 8.191550e+03 
2.792000e+09 8.198625e+03 
2794000000 8.189225e+03 
2.796000e+09 8.201325e+03 
2798000000 8.198225e+03 
2.800000e+09 8.189350e+03 
2802000000 8.184800e+03 
2.804000e+09 8.206325e+03 
2806000000 8.191650e+03 
2.808000e+09 8.207650e+03 
2810000000 8.190900e+03 
2.812000e+09 8.192825e+03 
2814000000 8.177975e+03 
2.816000e+09 8.183625e+03 
2818000000 8.160150e+03 
2.820000e+09 8.148025e+03 
2822000000 8.146925e+03 
2.824000e+09 8.113725e+03 
2826000000 8.094100e+03 
2.828000e+09 8.118800e+03 
2830000000 8.123475e+03 
2832000000 8.120875e+03 
2834000000 8.153225e+03 
2.836000e+09 8.167525e+03 
2838000000 8.208400e+03 
2.840000e+09 8.201500e+03 
2842000000 8.202625e+03 
2.844000e+09 8.229250e+03 
2846000000 8.183125e+03 
2848000000 8.187950e+03 
2850000000 8.179600e+03 
2.852000e+09 8.184725e+03 
2854000000 8.204450e+03 
2.856000e+09 8.177675e+03 
2858000000 8.177825e+03 
2.860000e+09 8.159950e+03 
2862000000 8.146600e+03 
2864000000 8.155125e+03 
2866000000 8.153450e+03 
2.868000e+09 8.150025e+03 
2870000000 8.156200e+03 

END
