IGOR
WAVES/D/O sweep,sig(1) 
BEGIN
2470000000 7867 
2472000000 7852 
2474000000 7.878350e+03 
2476000000 7.870175e+03 
2478000000 7.870675e+03 
2480000000 7871 
2482000000 7.868050e+03 
2484000000 7.871875e+03 
2486000000 7.883250e+03 
2488000000 7.870500e+03 
2490000000 7.857500e+03 
2492000000 7.891125e+03 
2494000000 7.868075e+03 
2496000000 7.867225e+03 
2498000000 7.892550e+03 
2500000000 7.880375e+03 
2502000000 7.889875e+03 
2504000000 7.885250e+03 
2506000000 7.892300e+03 
2508000000 7.880250e+03 
2510000000 7.877575e+03 
2512000000 7883 
2514000000 7.864250e+03 
2516000000 7.880300e+03 
2518000000 7.892875e+03 
2520000000 7.864975e+03 
2.522000e+09 7.871450e+03 
2524000000 7.870075e+03 
2.526000e+09 7.885725e+03 
2528000000 7.881050e+03 
2.530000e+09 7.868800e+03 
2532000000 7.882850e+03 
2.534000e+09 7.858075e+03 
2536000000 7.869600e+03 
2.538000e+09 7885 
2540000000 7.865925e+03 
2.542000e+09 7.866525e+03 
2544000000 7.882900e+03 
2.546000e+09 7.864375e+03 
2548000000 7.871675e+03 
2.550000e+09 7.857575e+03 
2552000000 7.873650e+03 
2.554000e+09 7.857075e+03 
2556000000 7.874725e+03 
2.558000e+09 7.884350e+03 
2560000000 7.879425e+03 
2.562000e+09 7.894450e+03 
2564000000 7.872575e+03 
2.566000e+09 7.878600e+03 
2568000000 7.871825e+03 
2.570000e+09 7.867650e+03 
2572000000 7.884175e+03 
2.574000e+09 7.878550e+03 
2576000000 7.890400e+03 
2.578000e+09 7.876200e+03 
2580000000 7872 
2.582000e+09 7.872475e+03 
2584000000 7.853100e+03 
2.586000e+09 7.875025e+03 
2588000000 7.883575e+03 
2.590000e+09 7.877475e+03 
2592000000 7.884500e+03 
2.594000e+09 7883 
2596000000 7.858150e+03 
2.598000e+09 7.878900e+03 
2600000000 7.862925e+03 
2.602000e+09 7.891025e+03 
2604000000 7.881350e+03 
2.606000e+09 7.885900e+03 
2608000000 7.886725e+03 
2.610000e+09 7.906500e+03 
2612000000 7.881725e+03 
2.614000e+09 7.866075e+03 
2616000000 7.867350e+03 
2.618000e+09 7.876725e+03 
2620000000 7.870200e+03 
2.622000e+09 7.881400e+03 
2624000000 7.877925e+03 
2.626000e+09 7.877725e+03 
2628000000 7.876675e+03 
2.630000e+09 7.868125e+03 
2632000000 7.856450e+03 
2.634000e+09 7.849150e+03 
2636000000 7.837700e+03 
2.638000e+09 7.835300e+03 
2640000000 7.841800e+03 
2.642000e+09 7840 
2644000000 7.841175e+03 
2646000000 7.868225e+03 
2648000000 7.870500e+03 
2.650000e+09 7.867125e+03 
2652000000 7.870450e+03 
2654000000 7.865575e+03 
2656000000 7.862425e+03 
2.658000e+09 7.896300e+03 
2660000000 7.877525e+03 
2662000000 7.866750e+03 
2664000000 7.894300e+03 
2.666000e+09 7.905150e+03 
2668000000 7.891625e+03 
2670000000 7.888100e+03 
2672000000 7.905700e+03 
2.674000e+09 7.887800e+03 
2676000000 7.862750e+03 
2678000000 7.825425e+03 
2680000000 7.811325e+03 
2.682000e+09 7.832475e+03 
2684000000 7.796750e+03 
2686000000 7.810300e+03 
2688000000 7.810950e+03 
2.690000e+09 7.820800e+03 
2692000000 7.834900e+03 
2694000000 7.831500e+03 
2696000000 7.853700e+03 
2698000000 7.882575e+03 
2700000000 7.866950e+03 
2702000000 7.873450e+03 
2704000000 7.886750e+03 
2706000000 7.892225e+03 
2708000000 7.892175e+03 
2710000000 7.892425e+03 
2712000000 7.890300e+03 
2714000000 7.884050e+03 
2716000000 7.870075e+03 
2718000000 7.884025e+03 
2720000000 7.887775e+03 
2722000000 7.884900e+03 
2724000000 7.879075e+03 
2726000000 7.884875e+03 
2728000000 7.893175e+03 
2730000000 7.873075e+03 
2732000000 7.901675e+03 
2734000000 7.886500e+03 
2736000000 7.864925e+03 
2738000000 7.869350e+03 
2740000000 7.851900e+03 
2742000000 7.888550e+03 
2744000000 7.912675e+03 
2746000000 7.903675e+03 
2748000000 7.894700e+03 
2750000000 7.905525e+03 
2752000000 7.899075e+03 
2754000000 7.901575e+03 
2756000000 7.888425e+03 
2758000000 7.903075e+03 
2760000000 7.883350e+03 
2762000000 7.880175e+03 
2764000000 7.886725e+03 
2766000000 7.876725e+03 
2768000000 7.897850e+03 
2770000000 7.891625e+03 
2.772000e+09 7.899025e+03 
2774000000 7.885825e+03 
2.776000e+09 7.906800e+03 
2778000000 7.882300e+03 
2.780000e+09 7.890900e+03 
2782000000 7.886625e+03 
2.784000e+09 7.862900e+03 
2786000000 7.876825e+03 
2.788000e+09 7.888175e+03 
2790000000 7.875150e+03 
2.792000e+09 7.884350e+03 
2794000000 7.897175e+03 
2.796000e+09 7.896750e+03 
2798000000 7.908075e+03 
2.800000e+09 7.906125e+03 
2802000000 7.899625e+03 
2.804000e+09 7.888050e+03 
2806000000 7.881925e+03 
2.808000e+09 7.902425e+03 
2810000000 7.893975e+03 
2.812000e+09 7.900775e+03 
2814000000 7.899850e+03 
2.816000e+09 7.856950e+03 
2818000000 7.857800e+03 
2.820000e+09 7.844075e+03 
2822000000 7.815625e+03 
2.824000e+09 7.810325e+03 
2826000000 7.805425e+03 
2.828000e+09 7.834550e+03 
2830000000 7.812750e+03 
2832000000 7.833125e+03 
2834000000 7.856925e+03 
2.836000e+09 7.858800e+03 
2838000000 7.853950e+03 
2.840000e+09 7.868600e+03 
2842000000 7.877350e+03 
2.844000e+09 7.877750e+03 
2846000000 7.888575e+03 
2848000000 7.892300e+03 
2850000000 7.880675e+03 
2.852000e+09 7.873875e+03 
2854000000 7.877775e+03 
2.856000e+09 7.895400e+03 
2858000000 7.856225e+03 
2.860000e+09 7.850175e+03 
2862000000 7.861475e+03 
2864000000 7.849025e+03 
2866000000 7.851900e+03 
2.868000e+09 7.856800e+03 
2870000000 7.843500e+03 

END
