IGOR
WAVES/D/O sweep,sig(1) 
BEGIN
2470000000 8.046825e+03 
2472000000 8.044650e+03 
2474000000 8032 
2476000000 8.047025e+03 
2478000000 8.015775e+03 
2480000000 8.040775e+03 
2482000000 8.024125e+03 
2484000000 8.044100e+03 
2486000000 8.036200e+03 
2488000000 8.020400e+03 
2490000000 8016 
2492000000 8.032075e+03 
2494000000 8.031100e+03 
2496000000 8.048525e+03 
2498000000 8.010800e+03 
2500000000 8.036250e+03 
2502000000 8.055725e+03 
2504000000 8.052250e+03 
2506000000 8.033875e+03 
2508000000 8.014900e+03 
2510000000 8.060450e+03 
2512000000 8.036050e+03 
2514000000 8.040550e+03 
2516000000 8.025675e+03 
2518000000 8.048075e+03 
2520000000 8.051125e+03 
2.522000e+09 8.027225e+03 
2524000000 8.018050e+03 
2.526000e+09 8.053800e+03 
2528000000 8.037875e+03 
2.530000e+09 8.036550e+03 
2532000000 8.030550e+03 
2.534000e+09 8.038375e+03 
2536000000 8.028575e+03 
2.538000e+09 8.023050e+03 
2540000000 7.992975e+03 
2.542000e+09 8.035075e+03 
2544000000 8.039575e+03 
2.546000e+09 8.034625e+03 
2548000000 8.016200e+03 
2.550000e+09 8.043625e+03 
2552000000 8.037900e+03 
2.554000e+09 8.019700e+03 
2556000000 8.011675e+03 
2.558000e+09 8.036900e+03 
2560000000 8.036175e+03 
2.562000e+09 8.021450e+03 
2564000000 8.016200e+03 
2.566000e+09 8.020300e+03 
2568000000 8.027875e+03 
2.570000e+09 8.012950e+03 
2572000000 8.015775e+03 
2.574000e+09 8.037325e+03 
2576000000 8016 
2.578000e+09 8.024125e+03 
2580000000 7.999675e+03 
2.582000e+09 8.023275e+03 
2584000000 8.017050e+03 
2.586000e+09 8.019675e+03 
2588000000 8.026850e+03 
2.590000e+09 8.001350e+03 
2592000000 8.032650e+03 
2.594000e+09 8.018200e+03 
2596000000 8.018675e+03 
2.598000e+09 8.004375e+03 
2600000000 8.031825e+03 
2.602000e+09 8.023650e+03 
2604000000 8.022150e+03 
2.606000e+09 8.024425e+03 
2608000000 8.038600e+03 
2.610000e+09 8.037575e+03 
2612000000 8.013225e+03 
2.614000e+09 8.020725e+03 
2616000000 8.020825e+03 
2.618000e+09 8.034675e+03 
2620000000 8.026550e+03 
2.622000e+09 8.018300e+03 
2624000000 8.037525e+03 
2.626000e+09 8.050825e+03 
2628000000 7.999425e+03 
2.630000e+09 7.996225e+03 
2632000000 8.002300e+03 
2.634000e+09 7.977275e+03 
2636000000 7.956400e+03 
2.638000e+09 7.964975e+03 
2640000000 7.966050e+03 
2.642000e+09 7.977175e+03 
2644000000 7.995400e+03 
2646000000 7.985575e+03 
2648000000 8.002400e+03 
2.650000e+09 8.022475e+03 
2652000000 8.006375e+03 
2654000000 8.020250e+03 
2656000000 8.037125e+03 
2.658000e+09 8.040325e+03 
2660000000 8.042225e+03 
2662000000 8.015700e+03 
2664000000 8.015225e+03 
2.666000e+09 8.042525e+03 
2668000000 8.048100e+03 
2670000000 8.023325e+03 
2672000000 8.008175e+03 
2.674000e+09 8.001175e+03 
2676000000 7.987700e+03 
2678000000 7.971625e+03 
2680000000 7.961625e+03 
2.682000e+09 7.958425e+03 
2684000000 7.940450e+03 
2686000000 7.918625e+03 
2688000000 7.964775e+03 
2.690000e+09 7.935725e+03 
2692000000 7.971600e+03 
2694000000 7.976925e+03 
2696000000 7.999125e+03 
2698000000 8.014550e+03 
2700000000 8.002875e+03 
2702000000 8.012800e+03 
2704000000 8.033700e+03 
2706000000 8.019050e+03 
2708000000 8.019600e+03 
2710000000 8.013900e+03 
2712000000 8.023900e+03 
2714000000 8.031100e+03 
2716000000 8.047625e+03 
2718000000 8.027750e+03 
2720000000 8.005325e+03 
2722000000 8.025400e+03 
2724000000 8.039725e+03 
2726000000 7.999450e+03 
2728000000 8.017850e+03 
2730000000 8.018600e+03 
2732000000 8.015800e+03 
2734000000 8.045900e+03 
2736000000 8.024825e+03 
2738000000 8.004975e+03 
2740000000 8.020625e+03 
2742000000 8.020450e+03 
2744000000 8.020075e+03 
2746000000 8.019375e+03 
2748000000 8.021150e+03 
2750000000 8.018925e+03 
2752000000 8.013225e+03 
2754000000 8.006350e+03 
2756000000 8.025075e+03 
2758000000 8.028725e+03 
2760000000 8.025900e+03 
2762000000 8.033625e+03 
2764000000 8.039950e+03 
2766000000 8.029525e+03 
2768000000 8.011725e+03 
2770000000 8.016250e+03 
2.772000e+09 8.025750e+03 
2774000000 8.009850e+03 
2.776000e+09 8.021800e+03 
2778000000 8.016525e+03 
2.780000e+09 8.022100e+03 
2782000000 8.039400e+03 
2.784000e+09 8.021650e+03 
2786000000 8.037600e+03 
2.788000e+09 8.031275e+03 
2790000000 8.029275e+03 
2.792000e+09 8.009300e+03 
2794000000 8.009375e+03 
2.796000e+09 7.990775e+03 
2798000000 8029 
2.800000e+09 7.999325e+03 
2802000000 8.002400e+03 
2.804000e+09 8.017100e+03 
2806000000 8.041450e+03 
2.808000e+09 8.017975e+03 
2810000000 8.015100e+03 
2.812000e+09 8.003075e+03 
2814000000 8.012050e+03 
2.816000e+09 8.004750e+03 
2818000000 7.991925e+03 
2.820000e+09 7.950925e+03 
2822000000 7.934450e+03 
2.824000e+09 7.944500e+03 
2826000000 7.914450e+03 
2.828000e+09 7.937950e+03 
2830000000 7.943575e+03 
2832000000 7.995050e+03 
2834000000 7.945275e+03 
2.836000e+09 7.973175e+03 
2838000000 8.006450e+03 
2.840000e+09 8.024325e+03 
2842000000 8.019075e+03 
2.844000e+09 8.030150e+03 
2846000000 8.040675e+03 
2848000000 8.043375e+03 
2850000000 8.014925e+03 
2.852000e+09 8.029925e+03 
2854000000 8.042225e+03 
2.856000e+09 8.020450e+03 
2858000000 8.004500e+03 
2.860000e+09 8.001850e+03 
2862000000 7.993800e+03 
2864000000 7.982275e+03 
2866000000 7.995650e+03 
2.868000e+09 7.997100e+03 
2870000000 7.986750e+03 

END
