IGOR
WAVES/D/O sweep,sig(1) 
BEGIN
2470000000 8.193350e+03 
2472000000 8.209100e+03 
2474000000 8206 
2476000000 8.206450e+03 
2478000000 8.175175e+03 
2480000000 8.205150e+03 
2482000000 8.204275e+03 
2484000000 8.182700e+03 
2486000000 8.176775e+03 
2488000000 8.188325e+03 
2490000000 8.202025e+03 
2492000000 8.208475e+03 
2494000000 8213 
2496000000 8.197375e+03 
2498000000 8.187150e+03 
2500000000 8.199225e+03 
2502000000 8.180650e+03 
2504000000 8.200975e+03 
2506000000 8.194850e+03 
2508000000 8.184625e+03 
2510000000 8.206700e+03 
2512000000 8185 
2514000000 8.199325e+03 
2516000000 8.184975e+03 
2518000000 8.225450e+03 
2520000000 8.195975e+03 
2.522000e+09 8.200400e+03 
2524000000 8.205975e+03 
2.526000e+09 8.179750e+03 
2528000000 8.210250e+03 
2.530000e+09 8.192650e+03 
2532000000 8.180900e+03 
2.534000e+09 8.201975e+03 
2536000000 8.182075e+03 
2.538000e+09 8.182750e+03 
2540000000 8.171750e+03 
2.542000e+09 8.179250e+03 
2544000000 8.195675e+03 
2.546000e+09 8.193875e+03 
2548000000 8.170225e+03 
2.550000e+09 8.171875e+03 
2552000000 8.213150e+03 
2.554000e+09 8.206450e+03 
2556000000 8.185175e+03 
2.558000e+09 8.165625e+03 
2560000000 8.185425e+03 
2.562000e+09 8.184300e+03 
2564000000 8.190200e+03 
2.566000e+09 8.205175e+03 
2568000000 8.180625e+03 
2.570000e+09 8.185150e+03 
2572000000 8.192675e+03 
2.574000e+09 8.205075e+03 
2576000000 8.181275e+03 
2.578000e+09 8.176550e+03 
2580000000 8.191900e+03 
2.582000e+09 8.187975e+03 
2584000000 8.170875e+03 
2.586000e+09 8186 
2588000000 8222 
2.590000e+09 8.221775e+03 
2592000000 8.180850e+03 
2.594000e+09 8.190025e+03 
2596000000 8.212200e+03 
2.598000e+09 8.189075e+03 
2600000000 8.199350e+03 
2.602000e+09 8.203900e+03 
2604000000 8.174700e+03 
2.606000e+09 8.185075e+03 
2608000000 8.200775e+03 
2.610000e+09 8.190450e+03 
2612000000 8.183825e+03 
2.614000e+09 8.179375e+03 
2616000000 8.198800e+03 
2.618000e+09 8.193150e+03 
2620000000 8.202525e+03 
2.622000e+09 8.194900e+03 
2624000000 8.194075e+03 
2.626000e+09 8.189475e+03 
2628000000 8.185425e+03 
2.630000e+09 8.172600e+03 
2632000000 8.172700e+03 
2.634000e+09 8.138700e+03 
2636000000 8.123050e+03 
2.638000e+09 8157 
2640000000 8.141900e+03 
2.642000e+09 8.135750e+03 
2644000000 8.161950e+03 
2646000000 8.155600e+03 
2648000000 8.167475e+03 
2.650000e+09 8180 
2652000000 8.174400e+03 
2654000000 8.206550e+03 
2656000000 8.183925e+03 
2.658000e+09 8.190850e+03 
2660000000 8.204275e+03 
2662000000 8.173900e+03 
2664000000 8.195450e+03 
2.666000e+09 8.207450e+03 
2668000000 8.187025e+03 
2670000000 8.177875e+03 
2672000000 8.197925e+03 
2.674000e+09 8.200800e+03 
2676000000 8.178900e+03 
2678000000 8.152025e+03 
2680000000 8.136200e+03 
2.682000e+09 8.128450e+03 
2684000000 8.133950e+03 
2686000000 8.114225e+03 
2688000000 8.116325e+03 
2.690000e+09 8.097450e+03 
2692000000 8.128900e+03 
2694000000 8.157600e+03 
2696000000 8.167975e+03 
2698000000 8.182200e+03 
2700000000 8178 
2702000000 8.204075e+03 
2704000000 8.196575e+03 
2706000000 8.203825e+03 
2708000000 8.205550e+03 
2710000000 8.201050e+03 
2712000000 8214 
2714000000 8.187125e+03 
2716000000 8.201150e+03 
2718000000 8202 
2720000000 8.196625e+03 
2722000000 8.197925e+03 
2724000000 8.195575e+03 
2726000000 8.185425e+03 
2728000000 8.197925e+03 
2730000000 8.182275e+03 
2732000000 8.189675e+03 
2734000000 8.193425e+03 
2736000000 8.202350e+03 
2738000000 8.186825e+03 
2740000000 8.202175e+03 
2742000000 8.209800e+03 
2744000000 8.198675e+03 
2746000000 8.182775e+03 
2748000000 8.190250e+03 
2750000000 8.205850e+03 
2752000000 8.191675e+03 
2754000000 8.184325e+03 
2756000000 8.185150e+03 
2758000000 8.183400e+03 
2760000000 8.193200e+03 
2762000000 8.199275e+03 
2764000000 8.193325e+03 
2766000000 8.182975e+03 
2768000000 8.187775e+03 
2770000000 8.188475e+03 
2.772000e+09 8.183475e+03 
2774000000 8.208500e+03 
2.776000e+09 8.203925e+03 
2778000000 8.189325e+03 
2.780000e+09 8.168225e+03 
2782000000 8189 
2.784000e+09 8.195525e+03 
2786000000 8.189325e+03 
2.788000e+09 8.177225e+03 
2790000000 8.176525e+03 
2.792000e+09 8.172850e+03 
2794000000 8.164200e+03 
2.796000e+09 8.179750e+03 
2798000000 8.189325e+03 
2.800000e+09 8.196975e+03 
2802000000 8.201800e+03 
2.804000e+09 8.182950e+03 
2806000000 8.179625e+03 
2.808000e+09 8.194125e+03 
2810000000 8.178425e+03 
2.812000e+09 8.180325e+03 
2814000000 8.170625e+03 
2.816000e+09 8.172550e+03 
2818000000 8.155550e+03 
2.820000e+09 8.135725e+03 
2822000000 8.121550e+03 
2.824000e+09 8.110350e+03 
2826000000 8.109150e+03 
2.828000e+09 8.094475e+03 
2830000000 8.098175e+03 
2832000000 8.124975e+03 
2834000000 8.135900e+03 
2.836000e+09 8.146300e+03 
2838000000 8.176550e+03 
2.840000e+09 8.175600e+03 
2842000000 8.167325e+03 
2.844000e+09 8180 
2846000000 8.212325e+03 
2848000000 8.198425e+03 
2850000000 8.152675e+03 
2.852000e+09 8.185050e+03 
2854000000 8.188200e+03 
2.856000e+09 8.158825e+03 
2858000000 8.177150e+03 
2.860000e+09 8.149225e+03 
2862000000 8.149575e+03 
2864000000 8.132275e+03 
2866000000 8.139300e+03 
2.868000e+09 8.135575e+03 
2870000000 8.157625e+03 

END
