IGOR
WAVES/D/O sweep,sig(4) 
BEGIN
920 1.837997e+06 1.829446e+06 1.806785e+06 1.809409e+06 
9.204000e+02 1841384 1.835614e+06 1810698 1814177 
9.208000e+02 1.836595e+06 1.828749e+06 1.805588e+06 1.810013e+06 
9.212000e+02 1839661 1.831865e+06 1.807552e+06 1814006 
9.216000e+02 1837609 1829805 1.806032e+06 1.809477e+06 
922 1836770 1832404 1.808500e+06 1.810893e+06 
9.224000e+02 1.836485e+06 1.827967e+06 1806451 1.807601e+06 
9.228000e+02 1.845146e+06 1.837209e+06 1.812061e+06 1815360 
9.232000e+02 1842349 1.834560e+06 1810718 1813862 
9.236000e+02 1839198 1831752 1.808473e+06 1.811271e+06 
924 1831740 1.824472e+06 1800184 1804338 
9.244000e+02 1832614 1.825270e+06 1.803679e+06 1.806244e+06 
9.248000e+02 1.840779e+06 1.834320e+06 1.809087e+06 1.814880e+06 
9.252000e+02 1.840326e+06 1.831815e+06 1.808530e+06 1.812234e+06 
9.256000e+02 1842810 1833244 1.809518e+06 1.813276e+06 
926 1.838660e+06 1.829110e+06 1.807243e+06 1.811409e+06 
9.264000e+02 1.836031e+06 1.826647e+06 1.803780e+06 1.808107e+06 
9.268000e+02 1.833263e+06 1824435 1.802221e+06 1.805951e+06 
9.272000e+02 1.839088e+06 1.831264e+06 1.808000e+06 1812469 
9.276000e+02 1.842307e+06 1835294 1811299 1815986 
928 1831189 1.824102e+06 1.802108e+06 1.804835e+06 
9.284000e+02 1.835296e+06 1.828046e+06 1805681 1805840 
9.288000e+02 1827813 1820545 1.797535e+06 1.801849e+06 
9.292000e+02 1832350 1.826152e+06 1802698 1.806219e+06 
9.296000e+02 1834187 1.827366e+06 1.804363e+06 1807594 
930 1.835545e+06 1.827278e+06 1.803511e+06 1.807856e+06 
9.304000e+02 1.838167e+06 1.832010e+06 1807480 1.811631e+06 
9.308000e+02 1.835967e+06 1.830310e+06 1.806366e+06 1.808564e+06 
9.312000e+02 1.840247e+06 1832435 1808474 1813442 
9.316000e+02 1.835161e+06 1827613 1.805699e+06 1808304 
932 1.835688e+06 1.828527e+06 1.804114e+06 1.808148e+06 
9.324000e+02 1.837089e+06 1.828956e+06 1.805578e+06 1.809178e+06 
9.328000e+02 1.838861e+06 1.832837e+06 1.808432e+06 1.812654e+06 
9.332000e+02 1.838680e+06 1830618 1.805959e+06 1.810381e+06 
9.336000e+02 1834420 1.826433e+06 1804486 1807989 
934 1831459 1.824098e+06 1801418 1.805084e+06 
9.344000e+02 1829508 1822188 1799518 1.802877e+06 
9.348000e+02 1826840 1.817945e+06 1796450 1.798088e+06 
9.352000e+02 1.827219e+06 1.820609e+06 1.798081e+06 1.802284e+06 
9.356000e+02 1.829909e+06 1.822210e+06 1.799541e+06 1.801911e+06 
936 1829466 1820560 1.797112e+06 1.802516e+06 
9.364000e+02 1.826416e+06 1818579 1.794998e+06 1.799399e+06 
9.368000e+02 1825408 1.820150e+06 1.795262e+06 1.799946e+06 
9.372000e+02 1.826547e+06 1.817289e+06 1794964 1798267 
9.376000e+02 1832130 1.823512e+06 1.801146e+06 1.803826e+06 
938 1823540 1.816921e+06 1.794105e+06 1.797710e+06 
9.384000e+02 1.823962e+06 1.816574e+06 1.793585e+06 1.798136e+06 
9.388000e+02 1826363 1.819001e+06 1796015 1.797867e+06 
9.392000e+02 1.821631e+06 1.815108e+06 1.792067e+06 1.793956e+06 
9.396000e+02 1.821678e+06 1813930 1790272 1.795881e+06 
940 1.824624e+06 1817548 1.794669e+06 1.797546e+06 
9.404000e+02 1818512 1.812962e+06 1788050 1.792909e+06 
9.408000e+02 1.824586e+06 1.815952e+06 1.793677e+06 1.798240e+06 
9.412000e+02 1.818316e+06 1.810135e+06 1.787147e+06 1.791819e+06 
9.416000e+02 1.821548e+06 1812891 1.790037e+06 1794342 
942 1823643 1816592 1.793953e+06 1.796513e+06 
9.424000e+02 1826148 1.817461e+06 1795482 1798854 
9.428000e+02 1.828317e+06 1.819195e+06 1.797824e+06 1.800636e+06 
9.432000e+02 1825782 1.816915e+06 1.794885e+06 1.798857e+06 
9.436000e+02 1820291 1.813679e+06 1791430 1.794643e+06 
944 1826291 1819033 1.795654e+06 1.799502e+06 
9.444000e+02 1.822883e+06 1.815877e+06 1.792979e+06 1799232 
9.448000e+02 1.826733e+06 1.817606e+06 1794394 1.799559e+06 
9.452000e+02 1.823547e+06 1817086 1.794488e+06 1.798507e+06 
9.456000e+02 1829345 1.820469e+06 1.797687e+06 1.802089e+06 
946 1.828189e+06 1.819539e+06 1.798407e+06 1.801954e+06 
9.464000e+02 1832067 1.825476e+06 1.802856e+06 1.806316e+06 
9.468000e+02 1.828010e+06 1.819844e+06 1.797441e+06 1.802152e+06 
9.472000e+02 1826543 1.818425e+06 1796634 1.800018e+06 
9.476000e+02 1.826776e+06 1817113 1.795456e+06 1.799661e+06 
948 1.822353e+06 1.813837e+06 1792886 1.796895e+06 
9.484000e+02 1.822171e+06 1.812195e+06 1.791314e+06 1.795313e+06 
9.488000e+02 1825579 1818206 1.794328e+06 1800431 
9.492000e+02 1.818197e+06 1809366 1.789030e+06 1.791282e+06 
9.496000e+02 1.821000e+06 1.811980e+06 1791357 1795975 
950 1822197 1812742 1.792625e+06 1.795850e+06 
9.504000e+02 1.821534e+06 1.812669e+06 1791541 1.795787e+06 
9.508000e+02 1.816216e+06 1.806405e+06 1785679 1.790495e+06 
9.512000e+02 1818120 1.807779e+06 1788467 1.792957e+06 
9.516000e+02 1.816191e+06 1808303 1.784266e+06 1790894 
952 1820695 1.810020e+06 1789383 1.793190e+06 
9.524000e+02 1820042 1.812148e+06 1789795 1.793588e+06 
9.528000e+02 1818759 1.809913e+06 1.788791e+06 1.794270e+06 
9.532000e+02 1820039 1.810950e+06 1788428 1.794267e+06 
9.536000e+02 1.825259e+06 1819862 1797653 1803628 
954 1.825628e+06 1.816871e+06 1.795447e+06 1.800456e+06 
9.544000e+02 1.827272e+06 1818228 1797348 1.801855e+06 
9.548000e+02 1.824130e+06 1.816243e+06 1.796028e+06 1.801873e+06 
9.552000e+02 1.825258e+06 1.816748e+06 1.794721e+06 1801082 
9.556000e+02 1.829562e+06 1.818692e+06 1798524 1804006 
956 1832547 1.821021e+06 1.799566e+06 1805692 
9.564000e+02 1.833340e+06 1.821813e+06 1.802990e+06 1.806851e+06 
9.568000e+02 1.830541e+06 1821204 1.800317e+06 1.805860e+06 
9.572000e+02 1831214 1.819584e+06 1.801193e+06 1.804661e+06 
9.576000e+02 1.832343e+06 1823575 1803354 1.810589e+06 
958 1.830730e+06 1819330 1.801796e+06 1.805185e+06 
9.584000e+02 1.829413e+06 1.818250e+06 1799317 1805816 
9.588000e+02 1831769 1820098 1801652 1.807428e+06 
9.592000e+02 1831682 1820077 1.800530e+06 1.806678e+06 
9.596000e+02 1828497 1.815780e+06 1.797499e+06 1803490 
960 1.824872e+06 1813904 1.795099e+06 1.801614e+06 
9.604000e+02 1.824782e+06 1813781 1796827 1.802475e+06 
9.608000e+02 1.834520e+06 1.822849e+06 1803474 1810716 
9.612000e+02 1.828352e+06 1.817165e+06 1.797234e+06 1.805683e+06 
9.616000e+02 1823477 1.811803e+06 1792750 1.800469e+06 
962 1.827231e+06 1.814313e+06 1.795326e+06 1.803697e+06 
9.624000e+02 1.835292e+06 1825204 1.805417e+06 1.813154e+06 
9.628000e+02 1.836549e+06 1.824533e+06 1805136 1812346 
9.632000e+02 1840435 1.829425e+06 1.810170e+06 1.816294e+06 
9.636000e+02 1.832127e+06 1.821185e+06 1800839 1.809220e+06 
964 1.831849e+06 1.821826e+06 1801737 1.807656e+06 
9.644000e+02 1831260 1.821183e+06 1.800605e+06 1.806872e+06 
9.648000e+02 1.840896e+06 1829941 1.808983e+06 1.815422e+06 
9.652000e+02 1837362 1826859 1805571 1.812858e+06 
9.656000e+02 1.841017e+06 1.831119e+06 1.809681e+06 1.815936e+06 
966 1837130 1.826909e+06 1.806833e+06 1.813331e+06 
9.664000e+02 1.840088e+06 1831235 1.811124e+06 1815456 
9.668000e+02 1839675 1.832255e+06 1.808031e+06 1.814059e+06 
9.672000e+02 1.836527e+06 1828759 1.806285e+06 1.812010e+06 
9.676000e+02 1836675 1.825576e+06 1805640 1811386 
968 1.839442e+06 1.830964e+06 1.808444e+06 1812518 
9.684000e+02 1.832125e+06 1822632 1.801758e+06 1805033 
9.688000e+02 1.836063e+06 1.827391e+06 1.806306e+06 1.809465e+06 
9.692000e+02 1.833928e+06 1823844 1.803514e+06 1.808529e+06 
9.696000e+02 1.833164e+06 1825959 1.802061e+06 1.807695e+06 
970 1.837765e+06 1.829021e+06 1.808004e+06 1810846 
9.704000e+02 1.840868e+06 1.831488e+06 1811930 1.813461e+06 
9.708000e+02 1.840687e+06 1.831116e+06 1.809545e+06 1.812491e+06 
9.712000e+02 1.848966e+06 1.841588e+06 1817931 1.822881e+06 
9.716000e+02 1849453 1839433 1818456 1823065 
972 1.846801e+06 1839974 1.816800e+06 1822228 
9.724000e+02 1848929 1.841196e+06 1818141 1.821097e+06 
9.728000e+02 1.845287e+06 1836626 1.813370e+06 1.818802e+06 
9.732000e+02 1.842510e+06 1834956 1.811459e+06 1.816409e+06 
9.736000e+02 1.837410e+06 1.829320e+06 1.807795e+06 1.812694e+06 
974 1.844830e+06 1.836694e+06 1815403 1818684 
9.744000e+02 1845182 1836257 1814834 1818190 
9.748000e+02 1.843368e+06 1.836269e+06 1.814611e+06 1.817962e+06 
9.752000e+02 1.840061e+06 1.830994e+06 1.808895e+06 1812707 
9.756000e+02 1839568 1830693 1.808238e+06 1.811309e+06 
976 1.840314e+06 1833150 1.810198e+06 1.813023e+06 
9.764000e+02 1.840654e+06 1.832788e+06 1808214 1.812495e+06 
9.768000e+02 1.832589e+06 1.824807e+06 1802439 1806180 
9.772000e+02 1.836339e+06 1.827390e+06 1.804304e+06 1809750 
9.776000e+02 1.842657e+06 1.835402e+06 1814129 1.815968e+06 
978 1833668 1.826425e+06 1.803819e+06 1.807578e+06 
9.784000e+02 1841194 1.833352e+06 1809930 1.812834e+06 
9.788000e+02 1841394 1834829 1.811950e+06 1.815666e+06 
9.792000e+02 1.837748e+06 1829493 1.808140e+06 1.810328e+06 
9.796000e+02 1.834981e+06 1830319 1.806320e+06 1809655 
980 1841310 1831675 1810030 1.812843e+06 
9.804000e+02 1.837469e+06 1.828608e+06 1.808133e+06 1.811280e+06 
9.808000e+02 1.836139e+06 1.828405e+06 1.806200e+06 1810242 
9.812000e+02 1836865 1829507 1.806226e+06 1.809463e+06 
9.816000e+02 1831885 1824353 1.801581e+06 1.806254e+06 
982 1832590 1.824564e+06 1802494 1.806354e+06 
9.824000e+02 1834102 1.825882e+06 1.804556e+06 1.807353e+06 
9.828000e+02 1831160 1.824263e+06 1.800534e+06 1.803338e+06 
9.832000e+02 1827691 1.820273e+06 1799111 1.802731e+06 
9.836000e+02 1833264 1824879 1802850 1807025 
984 1830010 1821792 1.800942e+06 1.803641e+06 
9.844000e+02 1.831712e+06 1.823682e+06 1.801024e+06 1.804084e+06 
9.848000e+02 1.825762e+06 1.817661e+06 1.793990e+06 1797972 
9.852000e+02 1831559 1.824278e+06 1.801826e+06 1.804108e+06 
9.856000e+02 1.836294e+06 1828805 1805812 1.810361e+06 
986 1828228 1820855 1797859 1.802816e+06 
9.864000e+02 1.831169e+06 1.824398e+06 1.799247e+06 1804653 
9.868000e+02 1.829022e+06 1.824722e+06 1800360 1.803363e+06 
9.872000e+02 1.832967e+06 1827104 1804200 1.807975e+06 
9.876000e+02 1830295 1824318 1.801124e+06 1802249 
988 1.834706e+06 1827624 1.805997e+06 1809136 
9.884000e+02 1.834303e+06 1.828305e+06 1.805093e+06 1809018 
9.888000e+02 1.831084e+06 1.824959e+06 1801366 1.804416e+06 
9.892000e+02 1833129 1824895 1.801470e+06 1.806052e+06 
9.896000e+02 1.831548e+06 1822457 1801563 1.803803e+06 
990 1.827415e+06 1.820315e+06 1.797516e+06 1.801184e+06 
9.904000e+02 1.829482e+06 1.822629e+06 1.799948e+06 1.803573e+06 
9.908000e+02 1.834248e+06 1.827516e+06 1.805147e+06 1.808127e+06 
9.912000e+02 1.838187e+06 1.832867e+06 1.808201e+06 1.812310e+06 
9.916000e+02 1831761 1.825303e+06 1.802412e+06 1.805165e+06 
992 1832312 1.823621e+06 1804595 1.807121e+06 
9.924000e+02 1.836524e+06 1.828885e+06 1803922 1.807812e+06 
9.928000e+02 1.832286e+06 1.826095e+06 1.802891e+06 1.805248e+06 
9.932000e+02 1.835627e+06 1827577 1.805247e+06 1.808473e+06 
9.936000e+02 1836530 1828840 1805131 1.808099e+06 
994 1.840356e+06 1.834091e+06 1.811318e+06 1.812075e+06 
9.944000e+02 1837131 1829250 1806432 1.808566e+06 
9.948000e+02 1.840834e+06 1830962 1.807956e+06 1.812023e+06 
9.952000e+02 1.836092e+06 1.827706e+06 1.805905e+06 1.807964e+06 
9.956000e+02 1.837939e+06 1.831118e+06 1.807608e+06 1.810647e+06 
996 1.838172e+06 1.829878e+06 1.807517e+06 1.811510e+06 
9.964000e+02 1.836741e+06 1829451 1805568 1.809243e+06 
9.968000e+02 1.836715e+06 1827797 1.804941e+06 1.807447e+06 
9.972000e+02 1.837285e+06 1.828525e+06 1805068 1808877 
9.976000e+02 1834749 1825167 1.803816e+06 1.806049e+06 
998 1.835853e+06 1.829094e+06 1804833 1.809825e+06 
9.984000e+02 1.832638e+06 1.823953e+06 1.801334e+06 1.806371e+06 
9.988000e+02 1.833840e+06 1.826803e+06 1.803965e+06 1.806919e+06 
9.992000e+02 1837137 1.831369e+06 1807033 1.810405e+06 
9.996000e+02 1.835144e+06 1.825728e+06 1.803139e+06 1.806595e+06 
1000 1839640 1.831428e+06 1807845 1.811570e+06 

END
X//SEQUENCE PARAMETERS
X//meas
X//SPCM
X//meas2
X//PD0 not connected
X//bGo
X//1
X//bExp
X//1
X//bTomo
X//0
X//name
X//f_DEER_scan_freq
X//From
X//920
X//To
X//1000
X//bSweep1log
X//0
X//N
X//201
X//From2
X//11
X//bSweep2log
X//0
X//bSweep2
X//0
X//To2
X//81
X//N2
X//15
X//From3
X//0
X//bSweep3log
X//0
X//bSweep3
X//0
X//To3
X//200
X//N3
X//21
X//pi
X//8
X//halfpi
X//4
X//interval
X//4
X//readout
X//1000000
X//misc
X//8
X//CtrGateDur
X//200000
X//bWarmUpAOM
X//0
X//bTrack
X//1
X//saveRaw
X//0
X//post_init_wait
X//5000
X//post_MW_wait
X//1000
X//P1Pulse
X//0
X//TrackPointN
X//53
X//DEERpi
X//64
X//DEERt
X//100
X//bAAR
X//1
X//Repeat
X//10000
X//Average
X//99999
X//bCust
X//0
X//measPD
X//0
X//bRaman
X//0
X//NSweepParam
X//201
X//bGoAfterAvg
X//1
X//bCtr
X//0
X//m
X//1000
X//ctrN
X//4
X//bRandom
X//0
X//dataN
X//4
X//refCounts
X//919184.2105
X//iAverage
X//3
X//bAutoRun
X//0
