IGOR
WAVES/D/O sweep,sig(1) 
BEGIN
2800000000 9.408440e+03 
2.801000e+09 9.412612e+03 
2.802000e+09 9.413337e+03 
2803000000 9.416465e+03 
2804000000 9.412633e+03 
2.805000e+09 9.418623e+03 
2806000000 9.410948e+03 
2807000000 9.419385e+03 
2808000000 9.413977e+03 
2.809000e+09 9.412333e+03 
2.810000e+09 9.414979e+03 
2811000000 9.409969e+03 
2812000000 9.410048e+03 
2.813000e+09 9.415369e+03 
2814000000 9.418619e+03 
2815000000 9.414400e+03 
2816000000 9.411527e+03 
2.817000e+09 9.415119e+03 
2.818000e+09 9.411017e+03 
2819000000 9.416133e+03 
2820000000 9.419065e+03 
2.821000e+09 9.413204e+03 
2822000000 9.412185e+03 
2823000000 9.415523e+03 
2824000000 9.414104e+03 
2.825000e+09 9.417290e+03 
2.826000e+09 9.416085e+03 
2827000000 9.412400e+03 
2828000000 9.412521e+03 
2.829000e+09 9.414337e+03 
2830000000 9.419506e+03 
2831000000 9.417006e+03 
2832000000 9.415646e+03 
2.833000e+09 9.412542e+03 
2.834000e+09 9.414108e+03 
2835000000 9.412096e+03 
2836000000 9.408494e+03 
2.837000e+09 9.417365e+03 
2838000000 9.416235e+03 
2839000000 9.416633e+03 
2840000000 9.418504e+03 
2.841000e+09 9.412071e+03 
2.842000e+09 9.410002e+03 
2843000000 9.417529e+03 
2844000000 9.408369e+03 
2.845000e+09 9.412085e+03 
2846000000 9.413063e+03 
2847000000 9.417306e+03 
2848000000 9.419565e+03 
2.849000e+09 9.414946e+03 
2.850000e+09 9.421271e+03 
2851000000 9.421083e+03 
2852000000 9.415040e+03 
2.853000e+09 9.414523e+03 
2854000000 9.419123e+03 
2855000000 9.413863e+03 
2856000000 9.421298e+03 
2857000000 9.418360e+03 
2.858000e+09 9.416960e+03 
2859000000 9.420340e+03 
2860000000 9.410552e+03 
2861000000 9.413452e+03 
2862000000 9.410552e+03 
2863000000 9.417542e+03 
2864000000 9.417013e+03 
2865000000 9.419152e+03 
2.866000e+09 9.412223e+03 
2867000000 9.424229e+03 
2868000000 9.416600e+03 
2869000000 9.420540e+03 
2870000000 9.418552e+03 
2871000000 9.421990e+03 
2872000000 9.419131e+03 
2873000000 9.419258e+03 
2.874000e+09 9.416123e+03 
2875000000 9.415740e+03 
2876000000 9.421779e+03 
2877000000 9.417694e+03 
2878000000 9.419596e+03 
2879000000 9.418896e+03 
2880000000 9.414015e+03 
2881000000 9.416373e+03 
2.882000e+09 9.408913e+03 
2883000000 9.408808e+03 
2884000000 9.403748e+03 
2885000000 9.407265e+03 
2886000000 9.408931e+03 
2887000000 9.404506e+03 
2888000000 9.405719e+03 
2889000000 9.401946e+03 
2.890000e+09 9.405367e+03 
2891000000 9.396704e+03 
2892000000 9.396760e+03 
2893000000 9.399060e+03 
2894000000 9.395244e+03 
2895000000 9.399525e+03 
2896000000 9.397640e+03 
2897000000 9.402244e+03 
2.898000e+09 9.397425e+03 
2899000000 9.395092e+03 
2900000000 9.396698e+03 
2901000000 9.398058e+03 
2902000000 9.398133e+03 
2903000000 9.404185e+03 
2904000000 9.407371e+03 
2905000000 9.402512e+03 
2.906000e+09 9.405598e+03 
2907000000 9.406900e+03 
2908000000 9413 
2909000000 9.406765e+03 
2910000000 9.409190e+03 
2911000000 9.416933e+03 
2912000000 9.414290e+03 
2913000000 9.416790e+03 
2.914000e+09 9.415327e+03 
2915000000 9.419579e+03 
2916000000 9.419019e+03 
2917000000 9.417844e+03 
2918000000 9.417079e+03 
2919000000 9.420410e+03 
2920000000 9.415113e+03 
2921000000 9.419731e+03 
2.922000e+09 9.419015e+03 
2923000000 9.416352e+03 
2924000000 9.411346e+03 
2925000000 9.416433e+03 
2926000000 9.417733e+03 
2927000000 9.410637e+03 
2928000000 9.413967e+03 
2929000000 9.412546e+03 
2.930000e+09 9.409877e+03 
2931000000 9.415129e+03 
2932000000 9.409658e+03 
2933000000 9.409300e+03 
2934000000 9.404129e+03 
2935000000 9.405012e+03 
2936000000 9.401654e+03 
2937000000 9.401775e+03 
2.938000e+09 9.397012e+03 
2939000000 9.400844e+03 
2940000000 9.395725e+03 
2941000000 9.396244e+03 
2942000000 9.395402e+03 
2943000000 9.395227e+03 
2944000000 9.391865e+03 
2945000000 9.397960e+03 
2.946000e+09 9.390208e+03 
2947000000 9.390860e+03 
2948000000 9.386456e+03 
2949000000 9.387598e+03 
2950000000 9.381837e+03 
2951000000 9.384842e+03 
2952000000 9.375123e+03 
2953000000 9.377242e+03 
2.954000e+09 9.370223e+03 
2955000000 9.374625e+03 
2956000000 9.380633e+03 
2957000000 9.371494e+03 
2958000000 9.377508e+03 
2959000000 9.381581e+03 
2960000000 9.381521e+03 
2961000000 9.382479e+03 
2.962000e+09 9.384283e+03 
2963000000 9.399560e+03 
2964000000 9.400396e+03 
2965000000 9.398975e+03 
2966000000 9.406040e+03 
2967000000 9.405092e+03 
2968000000 9.409531e+03 
2969000000 9.407042e+03 
2.970000e+09 9.414808e+03 
2971000000 9.415856e+03 
2972000000 9.407950e+03 
2973000000 9.408019e+03 
2974000000 9.412479e+03 
2975000000 9.419048e+03 
2976000000 9.416515e+03 
2977000000 9.416440e+03 
2.978000e+09 9.416269e+03 
2979000000 9.417769e+03 
2980000000 9.410767e+03 
2981000000 9.417329e+03 
2982000000 9.413804e+03 
2983000000 9.416258e+03 
2984000000 9.418806e+03 
2985000000 9.416694e+03 
2986000000 9.417767e+03 
2987000000 9.418673e+03 
2988000000 9.414467e+03 
2989000000 9.417269e+03 
2990000000 9.419121e+03 
2991000000 9.412229e+03 
2992000000 9.417654e+03 
2993000000 9.415325e+03 
2994000000 9.420052e+03 
2995000000 9.418192e+03 
2996000000 9.411377e+03 
2997000000 9.421763e+03 
2998000000 9.419121e+03 
2999000000 9.411602e+03 
3000000000 9.414913e+03 

END
X//SEQUENCE PARAMETERS
X//meas
X//SPCM
X//meas2
X//PD0 not connected
X//bGo
X//0
X//bExp
X//0
X//bTomo
X//false
X//m
X//200
X//name
X//ESR
X//From
X//2.8
X//To
X//3
X//bSweep1log
X//0
X//N
X//201
X//From2
X//0
X//bSweep2log
X//0
X//bSweep2
X//0
X//To2
X//200
X//N2
X//21
X//From3
X//0
X//bSweep3log
X//0
X//bSweep3
X//0
X//To3
X//200
X//N3
X//21
X//pi
X//200
X//halfpi
X//100
X//interval
X//5000
X//readout
X//10000
X//misc
X//10
X//CtrGateDur
X//400
X//bWarmUpAOM
X//0
X//bTrack
X//0
X//saveRaw
X//0
X//post_init_wait
X//5000
X//post_MW_wait
X//1000
X//P1Pulse
X//0
X//TrackPointN
X//13
X//DEERpi
X//200
X//DEERt
X//5000
X//bAAR
X//1
X//Repeat
X//60000
X//Average
X//99999
X//bCust
X//0
X//measPD
X//0
X//ctrN
X//1
X//bRaman
X//0
X//NSweepParam
X//201
X//bGoAfterAvg
X//1
X//bRandom
X//0
X//dataN
X//1
X//refCounts
X//0
X//iAverage
X//12
X//bCtr
X//0
X//bLiO
X//1
