IGOR
WAVES/D/O sweep,sig(1) 
BEGIN
2770000000 1.556250e+01 
2.772000e+09 1.516250e+01 
2774000000 1.521250e+01 
2776000000 1.608750e+01 
2778000000 1.543750e+01 
2.780000e+09 1.553750e+01 
2782000000 1.528750e+01 
2784000000 1.588750e+01 
2786000000 1.492500e+01 
2.788000e+09 1.596250e+01 
2790000000 1.650000e+01 
2792000000 1.513750e+01 
2794000000 1.561250e+01 
2.796000e+09 1.585000e+01 
2798000000 1.498750e+01 
2800000000 1.546250e+01 
2802000000 1.590000e+01 
2.804000e+09 1.527500e+01 
2806000000 1.528750e+01 
2808000000 1.605000e+01 
2810000000 1.608750e+01 
2.812000e+09 1.550000e+01 
2814000000 1.528750e+01 
2816000000 1.517500e+01 
2818000000 1.538750e+01 
2.820000e+09 1.473750e+01 
2822000000 1.566250e+01 
2824000000 1.548750e+01 
2826000000 1.557500e+01 
2.828000e+09 1.552500e+01 
2830000000 1.557500e+01 
2832000000 1.547500e+01 
2834000000 1.575000e+01 
2.836000e+09 1.521250e+01 
2838000000 1.537500e+01 
2840000000 1.512500e+01 
2842000000 1.555000e+01 
2.844000e+09 1.563750e+01 
2846000000 1.563750e+01 
2848000000 1.561250e+01 
2850000000 1.531250e+01 
2852000000 1.585000e+01 
2854000000 1.545000e+01 
2.856000e+09 1.571250e+01 
2858000000 1.571250e+01 
2860000000 1.607500e+01 
2862000000 1.547500e+01 
2.864000e+09 1.558750e+01 
2866000000 1.548750e+01 
2868000000 1.570000e+01 
2870000000 1.550000e+01 
2.872000e+09 1.460000e+01 
2874000000 1.532500e+01 
2876000000 1.583750e+01 
2878000000 1.592500e+01 
2.880000e+09 1.628750e+01 
2882000000 1.586250e+01 
2884000000 1.556250e+01 
2886000000 1.602500e+01 
2.888000e+09 1.578750e+01 
2890000000 1.572500e+01 
2892000000 1.472500e+01 
2894000000 1.530000e+01 
2896000000 1.598750e+01 
2898000000 1.576250e+01 
2.900000e+09 1.545000e+01 
2902000000 1.620000e+01 
2904000000 1.602500e+01 
2906000000 1.530000e+01 
2.908000e+09 1.556250e+01 
2910000000 1.623750e+01 
2912000000 1.497500e+01 
2914000000 1.550000e+01 
2.916000e+09 1.473750e+01 
2918000000 1.548750e+01 
2920000000 1.613750e+01 
2922000000 1.561250e+01 
2.924000e+09 1.536250e+01 
2926000000 1.493750e+01 
2928000000 1.498750e+01 
2930000000 16 
2.932000e+09 1.620000e+01 
2934000000 1.592500e+01 
2936000000 1.630000e+01 
2938000000 1.587500e+01 
2.940000e+09 1.475000e+01 
2942000000 1.561250e+01 
2944000000 1.538750e+01 
2946000000 1.512500e+01 
2.948000e+09 1.523750e+01 
2950000000 1.620000e+01 
2952000000 1.542500e+01 
2954000000 1.652500e+01 
2.956000e+09 1.563750e+01 
2958000000 1.555000e+01 
2960000000 1.507500e+01 
2962000000 1.538750e+01 
2.964000e+09 1.608750e+01 
2966000000 1.572500e+01 
2968000000 1.557500e+01 
2970000000 1.553750e+01 

END
