IGOR
WAVES/D/O sweep,sig(1) 
BEGIN
2500000000 5.066781e+03 
2.501333e+09 5.060756e+03 
2.502667e+09 5.050275e+03 
2504000000 5.056819e+03 
2.505333e+09 5.061525e+03 
2.506667e+09 5.070381e+03 
2508000000 5.059025e+03 
2.509333e+09 5.064981e+03 
2.510667e+09 5.058337e+03 
2512000000 5.056625e+03 
2.513333e+09 5.057381e+03 
2.514667e+09 5.059969e+03 
2516000000 5.060262e+03 
2.517333e+09 5.063575e+03 
2.518667e+09 5.059331e+03 
2520000000 5.063100e+03 
2.521333e+09 5.056369e+03 
2.522667e+09 5.068169e+03 
2524000000 5.063281e+03 
2.525333e+09 5.061212e+03 
2.526667e+09 5.064413e+03 
2528000000 5.064531e+03 
2.529333e+09 5.059800e+03 
2.530667e+09 5.061663e+03 
2532000000 5.064094e+03 
2.533333e+09 5.052919e+03 
2.534667e+09 5.060637e+03 
2536000000 5.065600e+03 
2.537333e+09 5.063344e+03 
2.538667e+09 5.061025e+03 
2540000000 5.057913e+03 
2.541333e+09 5.063081e+03 
2.542667e+09 5.062181e+03 
2544000000 5.055900e+03 
2.545333e+09 5.062944e+03 
2.546667e+09 5.060988e+03 
2548000000 5.056881e+03 
2.549333e+09 5.061419e+03 
2.550667e+09 5.064512e+03 
2552000000 5.066669e+03 
2.553333e+09 5.066188e+03 
2.554667e+09 5.057237e+03 
2556000000 5.063087e+03 
2.557333e+09 5.062062e+03 
2.558667e+09 5.054094e+03 
2560000000 5.056131e+03 
2.561333e+09 5.056681e+03 
2.562667e+09 5.066425e+03 
2564000000 5.065444e+03 
2.565333e+09 5.066294e+03 
2.566667e+09 5.054481e+03 
2568000000 5.057613e+03 
2.569333e+09 5.058244e+03 
2.570667e+09 5.068244e+03 
2572000000 5.057831e+03 
2.573333e+09 5.067462e+03 
2.574667e+09 5.053931e+03 
2576000000 5.062994e+03 
2.577333e+09 5.068469e+03 
2.578667e+09 5.063656e+03 
2580000000 5.063619e+03 
2.581333e+09 5.066181e+03 
2.582667e+09 5.061144e+03 
2584000000 5.065250e+03 
2.585333e+09 5.064312e+03 
2.586667e+09 5.068425e+03 
2588000000 5.060562e+03 
2.589333e+09 5.059344e+03 
2.590667e+09 5.065800e+03 
2592000000 5.065694e+03 
2.593333e+09 5.062875e+03 
2.594667e+09 5.061600e+03 
2596000000 5.062856e+03 
2.597333e+09 5.063337e+03 
2.598667e+09 5.057637e+03 
2600000000 5.061050e+03 
2.601333e+09 5.059650e+03 
2.602667e+09 5.049612e+03 
2604000000 5.062288e+03 
2.605333e+09 5.063300e+03 
2.606667e+09 5.054781e+03 
2608000000 5.063631e+03 
2.609333e+09 5.065719e+03 
2.610667e+09 5.060294e+03 
2612000000 5.058831e+03 
2.613333e+09 5.061794e+03 
2.614667e+09 5.058038e+03 
2616000000 5.059656e+03 
2.617333e+09 5.057394e+03 
2.618667e+09 5.063825e+03 
2620000000 5.059363e+03 
2.621333e+09 5.064469e+03 
2.622667e+09 5.061944e+03 
2624000000 5056 
2.625333e+09 5.066600e+03 
2.626667e+09 5.056725e+03 
2628000000 5.062806e+03 
2.629333e+09 5.060544e+03 
2.630667e+09 5.062969e+03 
2632000000 5.057944e+03 
2.633333e+09 5.059225e+03 
2.634667e+09 5.053262e+03 
2636000000 5.066056e+03 
2.637333e+09 5.061131e+03 
2.638667e+09 5.062712e+03 
2640000000 5.063450e+03 
2.641333e+09 5.066525e+03 
2.642667e+09 5.061269e+03 
2644000000 5.063362e+03 
2.645333e+09 5.056994e+03 
2.646667e+09 5.059044e+03 
2648000000 5.058994e+03 
2.649333e+09 5.059825e+03 
2.650667e+09 5.067650e+03 
2652000000 5.056325e+03 
2.653333e+09 5.059956e+03 
2.654667e+09 5.063444e+03 
2656000000 5.063081e+03 
2.657333e+09 5.071581e+03 
2.658667e+09 5.063044e+03 
2660000000 5.058569e+03 
2.661333e+09 5.060844e+03 
2.662667e+09 5.061325e+03 
2664000000 5.072762e+03 
2.665333e+09 5.063069e+03 
2.666667e+09 5.066663e+03 
2668000000 5.066188e+03 
2.669333e+09 5.062881e+03 
2.670667e+09 5.057044e+03 
2672000000 5.059706e+03 
2.673333e+09 5.058837e+03 
2.674667e+09 5.060875e+03 
2676000000 5.066887e+03 
2.677333e+09 5.067137e+03 
2.678667e+09 5.060656e+03 
2680000000 5.062312e+03 
2.681333e+09 5.062781e+03 
2.682667e+09 5.064375e+03 
2684000000 5.066988e+03 
2.685333e+09 5.059006e+03 
2.686667e+09 5.067231e+03 
2.688000e+09 5.065013e+03 
2.689333e+09 5.059913e+03 
2.690667e+09 5057 
2692000000 5.059031e+03 
2.693333e+09 5.059875e+03 
2.694667e+09 5.064075e+03 
2696000000 5.059981e+03 
2.697333e+09 5.063938e+03 
2.698667e+09 5.059731e+03 
2700000000 5.062606e+03 
2.701333e+09 5.065587e+03 
2.702667e+09 5.062269e+03 
2.704000e+09 5.063669e+03 
2.705333e+09 5.064462e+03 
2.706667e+09 5.059381e+03 
2.708000e+09 5.061962e+03 
2.709333e+09 5.057950e+03 
2.710667e+09 5.064119e+03 
2.712000e+09 5.057825e+03 
2.713333e+09 5.060650e+03 
2.714667e+09 5.059400e+03 
2.716000e+09 5.062225e+03 
2.717333e+09 5.069981e+03 
2.718667e+09 5.066706e+03 
2.720000e+09 5.065475e+03 
2.721333e+09 5.056194e+03 
2.722667e+09 5.059650e+03 
2.724000e+09 5.068581e+03 
2.725333e+09 5.076775e+03 
2.726667e+09 5.064413e+03 
2.728000e+09 5.065994e+03 
2.729333e+09 5.060719e+03 
2.730667e+09 5.060925e+03 
2732000000 5.060519e+03 
2.733333e+09 5.062900e+03 
2.734667e+09 5.054438e+03 
2736000000 5.065075e+03 
2.737333e+09 5.063369e+03 
2.738667e+09 5.058837e+03 
2740000000 5.061994e+03 
2.741333e+09 5.054163e+03 
2.742667e+09 5.054413e+03 
2744000000 5.063538e+03 
2.745333e+09 5.061169e+03 
2.746667e+09 5.064538e+03 
2748000000 5.067837e+03 
2.749333e+09 5.051244e+03 
2.750667e+09 5.062031e+03 
2752000000 5.062875e+03 
2.753333e+09 5065 
2.754667e+09 5.060969e+03 
2756000000 5.065681e+03 
2.757333e+09 5.061850e+03 
2.758667e+09 5.052637e+03 
2760000000 5.054219e+03 
2.761333e+09 5.058062e+03 
2.762667e+09 5.061175e+03 
2764000000 5.064156e+03 
2.765333e+09 5.074475e+03 
2.766667e+09 5.060225e+03 
2768000000 5.051888e+03 
2.769333e+09 5.056113e+03 
2.770667e+09 5.054488e+03 
2772000000 5.061513e+03 
2.773333e+09 5.061531e+03 
2.774667e+09 5.057531e+03 
2776000000 5.060844e+03 
2.777333e+09 5.063238e+03 
2.778667e+09 5.061137e+03 
2780000000 5.059294e+03 
2.781333e+09 5.054244e+03 
2.782667e+09 5.066294e+03 
2784000000 5.059725e+03 
2.785333e+09 5.057119e+03 
2.786667e+09 5.065312e+03 
2788000000 5.063831e+03 
2.789333e+09 5.061344e+03 
2.790667e+09 5.065263e+03 
2792000000 5.055956e+03 
2.793333e+09 5.057812e+03 
2.794667e+09 5.058275e+03 
2796000000 5.053331e+03 
2.797333e+09 5.056375e+03 
2.798667e+09 5.057931e+03 
2800000000 5.055869e+03 
2.801333e+09 5.057837e+03 
2.802667e+09 5.049150e+03 
2804000000 5.050938e+03 
2.805333e+09 5.056606e+03 
2.806667e+09 5.052562e+03 
2808000000 5.050194e+03 
2.809333e+09 5.046725e+03 
2.810667e+09 5.052850e+03 
2812000000 5.045806e+03 
2.813333e+09 5.054956e+03 
2.814667e+09 5.049069e+03 
2816000000 5.044481e+03 
2.817333e+09 5.042225e+03 
2.818667e+09 5.039337e+03 
2820000000 5.039400e+03 
2.821333e+09 5.034506e+03 
2.822667e+09 5.032775e+03 
2824000000 5.042631e+03 
2.825333e+09 5.045169e+03 
2.826667e+09 5.057756e+03 
2828000000 5.045675e+03 
2.829333e+09 5.058650e+03 
2.830667e+09 5.051931e+03 
2832000000 5.060475e+03 
2.833333e+09 5.054975e+03 
2.834667e+09 5.055325e+03 
2836000000 5.065681e+03 
2.837333e+09 5.062800e+03 
2.838667e+09 5.059350e+03 
2840000000 5.055644e+03 
2.841333e+09 5.065300e+03 
2.842667e+09 5.054794e+03 
2844000000 5.059325e+03 
2.845333e+09 5.061100e+03 
2.846667e+09 5.057050e+03 
2848000000 5.049462e+03 
2.849333e+09 5.054062e+03 
2.850667e+09 5.048650e+03 
2852000000 5.049956e+03 
2.853333e+09 5.041319e+03 
2.854667e+09 5.040712e+03 
2856000000 5.049044e+03 
2.857333e+09 5.044794e+03 
2.858667e+09 5.050294e+03 
2860000000 5.051112e+03 
2.861333e+09 5.059356e+03 
2.862667e+09 5.049675e+03 
2864000000 5.067181e+03 
2.865333e+09 5.063006e+03 
2.866667e+09 5.051525e+03 
2868000000 5.065388e+03 
2.869333e+09 5.064969e+03 
2.870667e+09 5.059769e+03 
2872000000 5.064938e+03 
2.873333e+09 5.067962e+03 
2.874667e+09 5.063006e+03 
2876000000 5.065150e+03 
2.877333e+09 5.069731e+03 
2.878667e+09 5.065513e+03 
2880000000 5.064812e+03 
2.881333e+09 5.069344e+03 
2.882667e+09 5.065669e+03 
2884000000 5.061462e+03 
2.885333e+09 5.062038e+03 
2.886667e+09 5.068663e+03 
2888000000 5.061769e+03 
2.889333e+09 5.069119e+03 
2.890667e+09 5.059275e+03 
2892000000 5.067663e+03 
2.893333e+09 5.060538e+03 
2.894667e+09 5.060188e+03 
2896000000 5.062944e+03 
2.897333e+09 5.051881e+03 
2.898667e+09 5.064844e+03 
2900000000 5.069825e+03 

END
X//SEQUENCE PARAMETERS
X//meas
X//SPCM
X//meas2
X//PD0 not connected
X//bGo
X//0
X//bExp
X//0
X//bTomo
X//0
X//m
X//1000
X//name
X//ESR
X//From
X//2.5
X//To
X//2.9
X//bSweep1log
X//0
X//N
X//301
X//From2
X//0
X//bSweep2log
X//0
X//bSweep2
X//0
X//To2
X//200
X//N2
X//21
X//From3
X//0
X//bSweep3log
X//0
X//bSweep3
X//0
X//To3
X//200
X//N3
X//21
X//pi
X//50
X//halfpi
X//100
X//interval
X//5000
X//readout
X//200000
X//misc
X//20
X//CtrGateDur
X//20000
X//bWarmUpAOM
X//0
X//bTrack
X//0
X//saveRaw
X//0
X//post_init_wait
X//5000
X//post_MW_wait
X//1000
X//P1Pulse
X//0
X//TrackPointN
X//13
X//DEERpi
X//200
X//DEERt
X//5000
X//bAAR
X//1
X//Repeat
X//1000
X//Average
X//5
X//bCust
X//0
X//measPD
X//0
X//ctrN
X//1
X//bAutoRun
X//0
X//bRaman
X//0
X//NSweepParam
X//301
X//bGoAfterAvg
X//1
X//bRandom
X//0
X//dataN
X//1
X//refCounts
X//0
X//iAverage
X//2
X//bCtr
X//0
X//bLiO
X//1
