IGOR
WAVES/D/O sweep,sig(1) 
BEGIN
2750000000 9.921046e+03 
2.751333e+09 9.921738e+03 
2.752667e+09 9.921546e+03 
2754000000 9.925558e+03 
2.755333e+09 9.923788e+03 
2.756667e+09 9.924212e+03 
2758000000 9.920625e+03 
2.759333e+09 9.919538e+03 
2.760667e+09 9.913033e+03 
2762000000 9.922296e+03 
2.763333e+09 9.912242e+03 
2.764667e+09 9.922596e+03 
2766000000 9.911350e+03 
2.767333e+09 9.923887e+03 
2.768667e+09 9.924829e+03 
2770000000 9.915696e+03 
2.771333e+09 9.914458e+03 
2.772667e+09 9.919171e+03 
2774000000 9.912862e+03 
2.775333e+09 9.924462e+03 
2.776667e+09 9.917154e+03 
2778000000 9.924708e+03 
2.779333e+09 9.918312e+03 
2.780667e+09 9.907229e+03 
2782000000 9.917017e+03 
2.783333e+09 9.918546e+03 
2.784667e+09 9.915112e+03 
2786000000 9.920663e+03 
2.787333e+09 9.913446e+03 
2.788667e+09 9.918583e+03 
2790000000 9.912804e+03 
2.791333e+09 9.916038e+03 
2.792667e+09 9.907900e+03 
2794000000 9.907271e+03 
2.795333e+09 9.910796e+03 
2.796667e+09 9.904171e+03 
2798000000 9.902237e+03 
2.799333e+09 9.897129e+03 
2.800667e+09 9.898812e+03 
2802000000 9.901275e+03 
2.803333e+09 9.914800e+03 
2.804667e+09 9.900604e+03 
2806000000 9.917283e+03 
2.807333e+09 9.911308e+03 
2.808667e+09 9.920333e+03 
2810000000 9.908442e+03 
2.811333e+09 9.917079e+03 
2.812667e+09 9.924992e+03 
2814000000 9.916454e+03 
2.815333e+09 9.916812e+03 
2.816667e+09 9.918312e+03 
2818000000 9.918033e+03 
2.819333e+09 9.917825e+03 
2.820667e+09 9.909617e+03 
2822000000 9.904933e+03 
2.823333e+09 9.893996e+03 
2.824667e+09 9.882346e+03 
2826000000 9.880954e+03 
2.827333e+09 9.864021e+03 
2.828667e+09 9.864442e+03 
2830000000 9.855712e+03 
2.831333e+09 9.867108e+03 
2.832667e+09 9.859971e+03 
2834000000 9.872038e+03 
2.835333e+09 9.864504e+03 
2.836667e+09 9.872983e+03 
2838000000 9.863679e+03 
2.839333e+09 9.876946e+03 
2.840667e+09 9.877121e+03 
2842000000 9.873821e+03 
2.843333e+09 9.874725e+03 
2.844667e+09 9.874008e+03 
2846000000 9.889121e+03 
2.847333e+09 9.899233e+03 
2.848667e+09 9.895500e+03 
2850000000 9.912292e+03 
2.851333e+09 9.915850e+03 
2.852667e+09 9.916312e+03 
2854000000 9.922242e+03 
2.855333e+09 9.915425e+03 
2.856667e+09 9.921267e+03 
2858000000 9.918942e+03 
2.859333e+09 9.914304e+03 
2.860667e+09 9.925079e+03 
2862000000 9.915146e+03 
2.863333e+09 9.920179e+03 
2.864667e+09 9.915825e+03 
2866000000 9.920233e+03 
2.867333e+09 9.925979e+03 
2.868667e+09 9.911438e+03 
2870000000 9.917767e+03 
2.871333e+09 9.920792e+03 
2.872667e+09 9.904796e+03 
2874000000 9.924133e+03 
2.875333e+09 9.915142e+03 
2.876667e+09 9.921513e+03 
2878000000 9.918567e+03 
2.879333e+09 9.924121e+03 
2.880667e+09 9.916108e+03 
2882000000 9911 
2.883333e+09 9.919087e+03 
2.884667e+09 9.918433e+03 
2886000000 9.924667e+03 
2.887333e+09 9.924312e+03 
2.888667e+09 9.923821e+03 
2890000000 9.917092e+03 
2.891333e+09 9.915121e+03 
2.892667e+09 9.927900e+03 
2894000000 9.907163e+03 
2.895333e+09 9.915587e+03 
2.896667e+09 9.917746e+03 
2898000000 9.914454e+03 
2.899333e+09 9.913000e+03 
2.900667e+09 9.925946e+03 
2902000000 9.918092e+03 
2.903333e+09 9.921867e+03 
2.904667e+09 9.917946e+03 
2906000000 9.910358e+03 
2.907333e+09 9.913133e+03 
2.908667e+09 9.919192e+03 
2910000000 9.919175e+03 
2.911333e+09 9.912129e+03 
2.912667e+09 9.919650e+03 
2914000000 9.916954e+03 
2.915333e+09 9.913950e+03 
2.916667e+09 9.922242e+03 
2918000000 9.916962e+03 
2.919333e+09 9.908242e+03 
2.920667e+09 9.919146e+03 
2922000000 9.913333e+03 
2.923333e+09 9.925188e+03 
2.924667e+09 9.919608e+03 
2926000000 9.920021e+03 
2.927333e+09 9.913517e+03 
2.928667e+09 9.926096e+03 
2930000000 9.915737e+03 
2.931333e+09 9.917446e+03 
2.932667e+09 9.915308e+03 
2934000000 9.913688e+03 
2.935333e+09 9.917450e+03 
2.936667e+09 9.920717e+03 
2938000000 9.925167e+03 
2.939333e+09 9.921925e+03 
2.940667e+09 9.917842e+03 
2942000000 9.915617e+03 
2.943333e+09 9.912988e+03 
2.944667e+09 9.903613e+03 
2946000000 9.917346e+03 
2.947333e+09 9.921217e+03 
2.948667e+09 9.920775e+03 
2950000000 9.924683e+03 

END
X//SEQUENCE PARAMETERS
X//meas
X//SPCM
X//meas2
X//PD0 not connected
X//bGo
X//0
X//bExp
X//0
X//bTomo
X//false
X//m
X//200
X//name
X//ESR
X//From
X//2.75
X//To
X//2.95
X//bSweep1log
X//0
X//N
X//151
X//From2
X//0
X//bSweep2log
X//0
X//bSweep2
X//0
X//To2
X//200
X//N2
X//21
X//From3
X//0
X//bSweep3log
X//0
X//bSweep3
X//0
X//To3
X//200
X//N3
X//21
X//pi
X//200
X//halfpi
X//100
X//interval
X//5000
X//readout
X//10000
X//misc
X//20
X//CtrGateDur
X//400
X//bWarmUpAOM
X//0
X//bTrack
X//0
X//saveRaw
X//0
X//post_init_wait
X//5000
X//post_MW_wait
X//1000
X//P1Pulse
X//0
X//TrackPointN
X//13
X//DEERpi
X//200
X//DEERt
X//5000
X//bAAR
X//1
X//Repeat
X//60000
X//Average
X//5
X//bCust
X//0
X//measPD
X//0
X//ctrN
X//1
X//bAutoRun
X//true
X//bRaman
X//0
X//NSweepParam
X//151
X//bGoAfterAvg
X//1
X//bRandom
X//0
X//dataN
X//1
X//refCounts
X//0
X//bCtr
X//0
X//iAverage
X//3
X//bLiO
X//1
