IGOR
WAVES/D/O sweep,sig(1) 
BEGIN
1839000000 7.641480e+03 
1839250000 7.650290e+03 
1839500000 7.635710e+03 
1839750000 7.636590e+03 
1.840000e+09 7.641790e+03 
1840250000 7.656630e+03 
1840500000 7.640770e+03 
1840750000 7.632820e+03 
1841000000 7.635590e+03 
1841250000 7.631410e+03 
1841500000 7.633720e+03 
1841750000 7.644030e+03 
1842000000 7.637580e+03 
1842250000 7.645340e+03 
1842500000 7.629300e+03 
1842750000 7.621530e+03 
1843000000 7.645880e+03 
1843250000 7.642520e+03 
1843500000 7.646080e+03 
1843750000 7.634420e+03 
1.844000e+09 7.636610e+03 
1844250000 7.653710e+03 
1844500000 7.642800e+03 
1844750000 7.635060e+03 
1845000000 7.633610e+03 
1845250000 7.627310e+03 
1845500000 7.646290e+03 
1845750000 7.648690e+03 
1846000000 7.639220e+03 
1846250000 7.632920e+03 
1846500000 7.647130e+03 
1846750000 7.638490e+03 
1847000000 7.633290e+03 
1847250000 7.653280e+03 
1847500000 7.639240e+03 
1847750000 7.636790e+03 
1.848000e+09 7.643600e+03 
1848250000 7.636800e+03 
1848500000 7.635720e+03 
1848750000 7.628570e+03 
1849000000 7.630780e+03 
1849250000 7.655170e+03 
1849500000 7.627390e+03 
1849750000 7.639590e+03 
1850000000 7.630070e+03 
1850250000 7.635920e+03 
1850500000 7.630450e+03 
1850750000 7.620600e+03 
1851000000 7.619830e+03 
1851250000 7642 
1851500000 7.626280e+03 
1851750000 7.628820e+03 
1.852000e+09 7.621830e+03 
1852250000 7.616290e+03 
1852500000 7.629470e+03 
1852750000 7.621140e+03 
1853000000 7.624120e+03 
1853250000 7.611330e+03 
1853500000 7.607930e+03 
1853750000 7.606980e+03 
1854000000 7.613790e+03 
1854250000 7.602950e+03 
1854500000 7.596260e+03 
1854750000 7.608670e+03 
1855000000 7.602460e+03 
1855250000 7.584390e+03 
1855500000 7.585810e+03 
1855750000 7.574870e+03 
1.856000e+09 7.584360e+03 
1856250000 7.570570e+03 
1856500000 7.562110e+03 
1856750000 7.556590e+03 
1857000000 7.544590e+03 
1857250000 7.549590e+03 
1857500000 7.553140e+03 
1857750000 7.548550e+03 
1858000000 7.550420e+03 
1858250000 7.542610e+03 
1858500000 7.547690e+03 
1858750000 7.539200e+03 
1859000000 7.532270e+03 
1859250000 7.531520e+03 
1859500000 7.548440e+03 
1859750000 7.539640e+03 
1.860000e+09 7.545470e+03 
1860250000 7.546860e+03 
1860500000 7.541020e+03 
1860750000 7.530560e+03 
1861000000 7.528020e+03 
1861250000 7.552020e+03 
1861500000 7.546550e+03 
1861750000 7.556710e+03 
1862000000 7.561740e+03 
1862250000 7.564830e+03 
1862500000 7.590590e+03 
1862750000 7.578560e+03 
1863000000 7.590800e+03 
1863250000 7.588680e+03 
1863500000 7.596760e+03 
1863750000 7.601730e+03 
1.864000e+09 7.610390e+03 
1864250000 7.603920e+03 
1864500000 7.600090e+03 
1864750000 7.615760e+03 
1865000000 7.613840e+03 
1865250000 7.627950e+03 
1865500000 7.617120e+03 
1865750000 7.615870e+03 
1866000000 7.619620e+03 
1866250000 7.619520e+03 
1866500000 7.623100e+03 
1866750000 7.623900e+03 
1867000000 7.623760e+03 
1867250000 7.617400e+03 
1867500000 7.625470e+03 
1867750000 7.639530e+03 
1868000000 7.630700e+03 
1868250000 7.643760e+03 
1868500000 7.629510e+03 
1868750000 7.642150e+03 
1869000000 7.623640e+03 
1869250000 7.629800e+03 
1869500000 7.645060e+03 
1869750000 7.634820e+03 
1870000000 7.635110e+03 
1870250000 7.644610e+03 
1870500000 7.633510e+03 
1870750000 7.636220e+03 
1871000000 7.643600e+03 
1871250000 7.646480e+03 
1871500000 7.642520e+03 
1871750000 7.647300e+03 
1872000000 7.644040e+03 
1872250000 7.638940e+03 
1872500000 7.645110e+03 
1872750000 7.636880e+03 
1873000000 7.652330e+03 
1873250000 7.630790e+03 
1873500000 7.629990e+03 
1873750000 7.646220e+03 
1874000000 7.632320e+03 
1874250000 7.649780e+03 
1874500000 7.632680e+03 
1874750000 7.636970e+03 
1875000000 7.633680e+03 
1875250000 7.655230e+03 
1875500000 7.642120e+03 
1875750000 7.643670e+03 
1876000000 7.638290e+03 
1876250000 7.625660e+03 
1876500000 7.642180e+03 
1876750000 7.646610e+03 
1877000000 7.641320e+03 
1877250000 7.652160e+03 
1877500000 7.643700e+03 
1877750000 7.648580e+03 
1878000000 7.643940e+03 
1878250000 7.641320e+03 
1878500000 7.638860e+03 
1878750000 7.642980e+03 
1879000000 7.643030e+03 
1879250000 7.647790e+03 
1879500000 7.625020e+03 
1879750000 7.650780e+03 
1880000000 7.636950e+03 
1880250000 7.642180e+03 
1880500000 7.635930e+03 
1880750000 7.632600e+03 
1881000000 7.637500e+03 
1881250000 7.641780e+03 
1881500000 7.637550e+03 
1881750000 7.644690e+03 
1882000000 7.629320e+03 
1882250000 7.646780e+03 
1882500000 7.635760e+03 
1882750000 7.626560e+03 
1883000000 7.647800e+03 
1883250000 7.639100e+03 
1883500000 7.635970e+03 
1883750000 7.636890e+03 
1884000000 7.650700e+03 
1884250000 7.641070e+03 
1884500000 7.630380e+03 
1884750000 7.633220e+03 
1885000000 7.656810e+03 
1885250000 7.633500e+03 
1885500000 7.640390e+03 
1885750000 7.644240e+03 
1.886000e+09 7.649320e+03 
1886250000 7.649670e+03 
1886500000 7.643650e+03 
1886750000 7.647480e+03 
1887000000 7.634750e+03 
1887250000 7.639340e+03 
1887500000 7.636800e+03 
1887750000 7.641260e+03 
1888000000 7.654020e+03 
1888250000 7.632230e+03 
1888500000 7.652960e+03 
1888750000 7.650360e+03 
1889000000 7.639600e+03 

END
X//SEQUENCE PARAMETERS
X//meas
X//SPCM
X//meas2
X//PD0 not connected
X//bGo
X//0
X//bExp
X//0
X//bTomo
X//0
X//m
X//3.8
X//name
X//ESR
X//From
X//1.839
X//To
X//1.889
X//bSweep1log
X//0
X//N
X//201
X//From2
X//0
X//bSweep2log
X//0
X//bSweep2
X//0
X//To2
X//200
X//N2
X//21
X//From3
X//0
X//bSweep3log
X//0
X//bSweep3
X//0
X//To3
X//200
X//N3
X//21
X//pi
X//50
X//halfpi
X//100
X//interval
X//5000
X//readout
X//200000
X//misc
X//5
X//CtrGateDur
X//20000
X//bWarmUpAOM
X//0
X//bTrack
X//0
X//saveRaw
X//0
X//post_init_wait
X//5000
X//post_MW_wait
X//1000
X//P1Pulse
X//0
X//TrackPointN
X//13
X//DEERpi
X//200
X//DEERt
X//5000
X//bAAR
X//1
X//Repeat
X//1000
X//Average
X//5
X//bCust
X//0
X//measPD
X//0
X//ctrN
X//1
X//bAutoRun
X//true
X//bRaman
X//0
X//NSweepParam
X//201
X//bGoAfterAvg
X//1
X//bRandom
X//0
X//dataN
X//1
X//refCounts
X//0
X//bCtr
X//0
X//iAverage
X//5
X//bLiO
X//1
