IGOR
WAVES/D/O sweep,sig(1) 
BEGIN
2750000000 1.000223e+04 
2.751333e+09 1.000202e+04 
2.752667e+09 9.996952e+03 
2754000000 1.000036e+04 
2.755333e+09 1.000488e+04 
2.756667e+09 1.000323e+04 
2758000000 9.997698e+03 
2.759333e+09 1.000397e+04 
2.760667e+09 1.000149e+04 
2762000000 1.000374e+04 
2.763333e+09 1.000692e+04 
2.764667e+09 9.995225e+03 
2766000000 1.000145e+04 
2.767333e+09 1.000407e+04 
2.768667e+09 9.999490e+03 
2770000000 1.000175e+04 
2.771333e+09 9.998733e+03 
2.772667e+09 9.996523e+03 
2774000000 9.994668e+03 
2.775333e+09 1.000327e+04 
2.776667e+09 1.000303e+04 
2778000000 9.997587e+03 
2.779333e+09 9.998840e+03 
2.780667e+09 9.995898e+03 
2782000000 1.000715e+04 
2.783333e+09 9.999520e+03 
2.784667e+09 1.000168e+04 
2786000000 1.000661e+04 
2.787333e+09 1.000709e+04 
2.788667e+09 9.998890e+03 
2790000000 9.997255e+03 
2.791333e+09 9.998898e+03 
2.792667e+09 1.000079e+04 
2794000000 9.997165e+03 
2.795333e+09 9.999907e+03 
2.796667e+09 1.000138e+04 
2798000000 9.990967e+03 
2.799333e+09 9.992727e+03 
2.800667e+09 9.987990e+03 
2802000000 9.986830e+03 
2.803333e+09 9.984733e+03 
2.804667e+09 9.990457e+03 
2806000000 9.979358e+03 
2.807333e+09 9.974080e+03 
2.808667e+09 9.975847e+03 
2810000000 9.985458e+03 
2.811333e+09 9.989587e+03 
2.812667e+09 9.982275e+03 
2814000000 9.987415e+03 
2.815333e+09 9.982977e+03 
2.816667e+09 9.981695e+03 
2818000000 9.976167e+03 
2.819333e+09 9.968498e+03 
2.820667e+09 9.964847e+03 
2822000000 9.953157e+03 
2.823333e+09 9.941960e+03 
2.824667e+09 9.946167e+03 
2826000000 9.940533e+03 
2.827333e+09 9.938347e+03 
2.828667e+09 9.951375e+03 
2830000000 9.955335e+03 
2.831333e+09 9.960880e+03 
2.832667e+09 9.960663e+03 
2834000000 9.955742e+03 
2.835333e+09 9.961612e+03 
2.836667e+09 9.959185e+03 
2838000000 9.967720e+03 
2.839333e+09 9.967352e+03 
2.840667e+09 9.982618e+03 
2842000000 9.983930e+03 
2.843333e+09 9.984335e+03 
2.844667e+09 9.998628e+03 
2846000000 9.997608e+03 
2.847333e+09 1.000217e+04 
2.848667e+09 9.992600e+03 
2850000000 1.000257e+04 
2.851333e+09 1.000030e+04 
2.852667e+09 9.997458e+03 
2854000000 9.996490e+03 
2.855333e+09 1.000437e+04 
2.856667e+09 9.999985e+03 
2858000000 9.998958e+03 
2.859333e+09 9.997040e+03 
2.860667e+09 9.996913e+03 
2862000000 9.998580e+03 
2.863333e+09 9.995070e+03 
2.864667e+09 9.995625e+03 
2866000000 1.000681e+04 
2.867333e+09 1.000092e+04 
2.868667e+09 1.000907e+04 
2870000000 9.997567e+03 
2.871333e+09 9.994062e+03 
2.872667e+09 1.000194e+04 
2874000000 9.999248e+03 
2.875333e+09 1.000455e+04 
2.876667e+09 1.000261e+04 
2878000000 1.000434e+04 
2.879333e+09 9.997425e+03 
2.880667e+09 1.001389e+04 
2882000000 1.000164e+04 
2.883333e+09 1.000357e+04 
2.884667e+09 1.000223e+04 
2886000000 1.000095e+04 
2.887333e+09 1.000385e+04 
2.888667e+09 1.000610e+04 
2890000000 9.998705e+03 
2.891333e+09 1.000035e+04 
2.892667e+09 1.000440e+04 
2894000000 1.000039e+04 
2.895333e+09 1.000136e+04 
2.896667e+09 1.000426e+04 
2898000000 9.998263e+03 
2.899333e+09 1.000147e+04 
2.900667e+09 1.000191e+04 
2902000000 1.000403e+04 
2.903333e+09 1.000331e+04 
2.904667e+09 1.000220e+04 
2906000000 1.000191e+04 
2.907333e+09 9.996470e+03 
2.908667e+09 1.000122e+04 
2910000000 9.995755e+03 
2.911333e+09 1.000440e+04 
2.912667e+09 9.997542e+03 
2914000000 1.000472e+04 
2.915333e+09 9.998807e+03 
2.916667e+09 1.000402e+04 
2918000000 1.000357e+04 
2.919333e+09 1.000088e+04 
2.920667e+09 1.000274e+04 
2922000000 1.000426e+04 
2.923333e+09 1.000070e+04 
2.924667e+09 1.000447e+04 
2926000000 9.998575e+03 
2.927333e+09 1.000927e+04 
2.928667e+09 9.996880e+03 
2930000000 1.000531e+04 
2.931333e+09 1.000236e+04 
2.932667e+09 9.995735e+03 
2934000000 1.000003e+04 
2.935333e+09 1.000739e+04 
2.936667e+09 1.000304e+04 
2938000000 1.000185e+04 
2.939333e+09 9.998722e+03 
2.940667e+09 1.000327e+04 
2942000000 9.999205e+03 
2.943333e+09 1.000453e+04 
2.944667e+09 1.000636e+04 
2946000000 9.997480e+03 
2.947333e+09 1.000399e+04 
2.948667e+09 9.997730e+03 
2950000000 1.000398e+04 

END
X//SEQUENCE PARAMETERS
X//meas
X//SPCM
X//meas2
X//PD0 not connected
X//bGo
X//0
X//bExp
X//0
X//bTomo
X//false
X//m
X//200
X//name
X//ESR
X//From
X//2.75
X//To
X//2.95
X//bSweep1log
X//0
X//N
X//151
X//From2
X//0
X//bSweep2log
X//0
X//bSweep2
X//0
X//To2
X//200
X//N2
X//21
X//From3
X//0
X//bSweep3log
X//0
X//bSweep3
X//0
X//To3
X//200
X//N3
X//21
X//pi
X//200
X//halfpi
X//100
X//interval
X//5000
X//readout
X//10000
X//misc
X//20
X//CtrGateDur
X//400
X//bWarmUpAOM
X//0
X//bTrack
X//0
X//saveRaw
X//0
X//post_init_wait
X//5000
X//post_MW_wait
X//1000
X//P1Pulse
X//0
X//TrackPointN
X//13
X//DEERpi
X//200
X//DEERt
X//5000
X//bAAR
X//1
X//Repeat
X//60000
X//Average
X//5
X//bCust
X//0
X//measPD
X//0
X//ctrN
X//1
X//bAutoRun
X//true
X//bRaman
X//0
X//NSweepParam
X//151
X//bGoAfterAvg
X//1
X//bRandom
X//0
X//dataN
X//1
X//refCounts
X//0
X//bCtr
X//0
X//iAverage
X//5
X//bLiO
X//1
