IGOR
WAVES/D/O sweep,sig(1) 
BEGIN
2470000000 7.769050e+03 
2472000000 7.755425e+03 
2474000000 7.747950e+03 
2476000000 7.774950e+03 
2478000000 7.775875e+03 
2480000000 7.746525e+03 
2482000000 7.764625e+03 
2484000000 7.749650e+03 
2486000000 7.771175e+03 
2488000000 7.757550e+03 
2490000000 7.778150e+03 
2492000000 7.745025e+03 
2494000000 7.762225e+03 
2496000000 7.764225e+03 
2498000000 7.756100e+03 
2500000000 7.769650e+03 
2502000000 7.740900e+03 
2504000000 7.779150e+03 
2506000000 7.765950e+03 
2508000000 7.740725e+03 
2510000000 7.750400e+03 
2512000000 7.767050e+03 
2514000000 7.761325e+03 
2516000000 7.767750e+03 
2518000000 7.773175e+03 
2520000000 7.777175e+03 
2.522000e+09 7.765975e+03 
2524000000 7.746025e+03 
2.526000e+09 7.759375e+03 
2528000000 7.762025e+03 
2.530000e+09 7.753600e+03 
2532000000 7.773850e+03 
2.534000e+09 7.763575e+03 
2536000000 7.748300e+03 
2.538000e+09 7.784550e+03 
2540000000 7.744550e+03 
2.542000e+09 7.762700e+03 
2544000000 7.744400e+03 
2.546000e+09 7.760025e+03 
2548000000 7.756350e+03 
2.550000e+09 7.742700e+03 
2552000000 7.754350e+03 
2.554000e+09 7.752550e+03 
2556000000 7.739175e+03 
2.558000e+09 7.762100e+03 
2560000000 7.742825e+03 
2.562000e+09 7.749200e+03 
2564000000 7.756475e+03 
2.566000e+09 7.726200e+03 
2568000000 7.747375e+03 
2.570000e+09 7.743300e+03 
2572000000 7.741350e+03 
2.574000e+09 7.748275e+03 
2576000000 7.735050e+03 
2.578000e+09 7.752975e+03 
2580000000 7.764925e+03 
2.582000e+09 7.725700e+03 
2584000000 7.732900e+03 
2.586000e+09 7.748075e+03 
2588000000 7.770025e+03 
2.590000e+09 7.734225e+03 
2592000000 7.745725e+03 
2.594000e+09 7.754050e+03 
2596000000 7.739550e+03 
2.598000e+09 7.744025e+03 
2600000000 7.749925e+03 
2.602000e+09 7.764275e+03 
2604000000 7.758100e+03 
2.606000e+09 7.733250e+03 
2608000000 7747 
2.610000e+09 7.741675e+03 
2612000000 7.741900e+03 
2.614000e+09 7.745650e+03 
2616000000 7.751625e+03 
2.618000e+09 7.738475e+03 
2620000000 7.741400e+03 
2.622000e+09 7.740900e+03 
2624000000 7.748225e+03 
2.626000e+09 7.743750e+03 
2628000000 7.738550e+03 
2.630000e+09 7.734125e+03 
2632000000 7.754425e+03 
2.634000e+09 7.741050e+03 
2636000000 7.735650e+03 
2.638000e+09 7.744425e+03 
2640000000 7.762775e+03 
2.642000e+09 7.753375e+03 
2644000000 7.713200e+03 
2646000000 7.715450e+03 
2648000000 7.701300e+03 
2.650000e+09 7.700350e+03 
2652000000 7.683575e+03 
2654000000 7.659125e+03 
2656000000 7.654275e+03 
2.658000e+09 7.665950e+03 
2660000000 7.653825e+03 
2662000000 7.672550e+03 
2664000000 7.676050e+03 
2.666000e+09 7.676100e+03 
2668000000 7.677200e+03 
2670000000 7.714725e+03 
2672000000 7.737775e+03 
2.674000e+09 7.756025e+03 
2676000000 7.764850e+03 
2678000000 7.760350e+03 
2680000000 7.748600e+03 
2.682000e+09 7.738400e+03 
2684000000 7.749525e+03 
2686000000 7.747100e+03 
2688000000 7.753200e+03 
2.690000e+09 7.734575e+03 
2692000000 7.758800e+03 
2694000000 7.725850e+03 
2696000000 7.757725e+03 
2698000000 7.750725e+03 
2700000000 7.728150e+03 
2702000000 7.740625e+03 
2704000000 7.732125e+03 
2706000000 7.778750e+03 
2708000000 7.755300e+03 
2710000000 7.736725e+03 
2712000000 7.731025e+03 
2714000000 7.722050e+03 
2716000000 7.713450e+03 
2718000000 7.700125e+03 
2720000000 7.678325e+03 
2722000000 7.685725e+03 
2724000000 7.658600e+03 
2726000000 7.665200e+03 
2728000000 7.673525e+03 
2730000000 7.676400e+03 
2732000000 7.715850e+03 
2734000000 7.707575e+03 
2736000000 7.703725e+03 
2738000000 7.718475e+03 
2740000000 7.741350e+03 
2742000000 7.750350e+03 
2744000000 7.739950e+03 
2746000000 7.744925e+03 
2748000000 7.745150e+03 
2750000000 7.765325e+03 
2752000000 7.749900e+03 
2754000000 7.760325e+03 
2756000000 7.745475e+03 
2758000000 7.753025e+03 
2760000000 7.747075e+03 
2762000000 7.735900e+03 
2764000000 7.743400e+03 
2766000000 7.761650e+03 
2768000000 7.742900e+03 
2770000000 7.757525e+03 
2.772000e+09 7.734350e+03 
2774000000 7.758375e+03 
2.776000e+09 7.722125e+03 
2778000000 7.741225e+03 
2.780000e+09 7.756275e+03 
2782000000 7.757250e+03 
2.784000e+09 7763 
2786000000 7.757425e+03 
2.788000e+09 7.751400e+03 
2790000000 7.745100e+03 
2.792000e+09 7.751725e+03 
2794000000 7.758275e+03 
2.796000e+09 7.761200e+03 
2798000000 7.745250e+03 
2.800000e+09 7.751850e+03 
2802000000 7.746675e+03 
2.804000e+09 7.761950e+03 
2806000000 7.756250e+03 
2.808000e+09 7.743800e+03 
2810000000 7.746250e+03 
2.812000e+09 7.743925e+03 
2814000000 7.734100e+03 
2.816000e+09 7.757325e+03 
2818000000 7.733175e+03 
2.820000e+09 7.754475e+03 
2822000000 7.738675e+03 
2.824000e+09 7.755250e+03 
2826000000 7.754900e+03 
2.828000e+09 7.758775e+03 
2830000000 7.763850e+03 
2832000000 7.742725e+03 
2834000000 7.740900e+03 
2.836000e+09 7.738125e+03 
2838000000 7.744125e+03 
2.840000e+09 7.753450e+03 
2842000000 7.755700e+03 
2.844000e+09 7.743025e+03 
2846000000 7.764025e+03 
2848000000 7.719350e+03 
2850000000 7.754550e+03 
2.852000e+09 7.739725e+03 
2854000000 7.766475e+03 
2.856000e+09 7.761950e+03 
2858000000 7.756600e+03 
2.860000e+09 7.762300e+03 
2862000000 7.728550e+03 
2864000000 7.746850e+03 
2866000000 7.751900e+03 
2.868000e+09 7.756325e+03 
2870000000 7.753375e+03 

END
