IGOR
WAVES/D/O sweep,sig(1) 
BEGIN
2570000000 8.078500e+03 
2.572150e+09 8.055475e+03 
2574300000 8.065825e+03 
2576450000 8.044850e+03 
2578600000 8.069300e+03 
2.580750e+09 8.076025e+03 
2582900000 8092 
2585050000 8.069800e+03 
2.587200e+09 8.076450e+03 
2589350000 8.107175e+03 
2591500000 8.113700e+03 
2593650000 8.094700e+03 
2.595800e+09 8.106800e+03 
2597950000 8.087500e+03 
2600100000 8.110950e+03 
2.602250e+09 8.095225e+03 
2604400000 8098 
2606550000 8.107775e+03 
2608700000 8.109625e+03 
2.610850e+09 8.078675e+03 
2613000000 8.083100e+03 
2615150000 8.063850e+03 
2.617300e+09 8.082500e+03 
2619450000 8.059750e+03 
2621600000 8.059375e+03 
2623750000 8.039350e+03 
2.625900e+09 8.051525e+03 
2628050000 8.028600e+03 
2630200000 8.030675e+03 
2.632350e+09 8.040325e+03 
2634500000 8.055675e+03 
2636650000 8.078700e+03 
2638800000 8.082025e+03 
2.640950e+09 8.078300e+03 
2643100000 8087 
2645250000 8.104225e+03 
2.647400e+09 8.074625e+03 
2649550000 8.091275e+03 
2651700000 8.095100e+03 
2653850000 8.100025e+03 
2.656000e+09 8.086375e+03 
2658150000 8.100175e+03 
2660300000 8.083825e+03 
2.662450e+09 8.093275e+03 
2664600000 8.101900e+03 
2666750000 8.079425e+03 
2668900000 8.087225e+03 
2.671050e+09 8.090200e+03 
2673200000 8.072750e+03 
2675350000 8.067825e+03 
2677500000 8.067950e+03 
2679650000 8.064650e+03 
2681800000 8.074250e+03 
2683950000 8.043375e+03 
2.686100e+09 8.029050e+03 
2688250000 8.060100e+03 
2690400000 8.061275e+03 
2692550000 8.067950e+03 
2694700000 8.076925e+03 
2696850000 8.097150e+03 
2699000000 8.092675e+03 
2.701150e+09 8.113875e+03 
2703300000 8.095550e+03 
2705450000 8.083825e+03 
2707600000 8.092800e+03 
2.709750e+09 8.121475e+03 
2711900000 8.098125e+03 
2714050000 8.108925e+03 
2.716200e+09 8.098925e+03 
2718350000 8.063750e+03 
2720500000 8.095825e+03 
2722650000 8.066150e+03 
2724800000 8.078300e+03 
2726950000 8.079450e+03 
2729100000 8.085600e+03 
2.731250e+09 8.073525e+03 
2733400000 8.076125e+03 
2735550000 8.063200e+03 
2737700000 8.057625e+03 
2.739850e+09 8.061425e+03 
2742000000 8.073700e+03 
2744150000 8.068650e+03 
2.746300e+09 8.102600e+03 
2748450000 8.091925e+03 
2750600000 8.085600e+03 
2752750000 8.065900e+03 
2754900000 8101 
2757050000 8.106675e+03 
2759200000 8.106350e+03 
2.761350e+09 8.099275e+03 
2763500000 8.061550e+03 
2765650000 8.078425e+03 
2767800000 8.095425e+03 
2.769950e+09 8.074100e+03 
2772100000 8.084175e+03 
2774250000 8.075900e+03 
2.776400e+09 8.103575e+03 
2778550000 8.104950e+03 
2780700000 8.111575e+03 
2782850000 8096 
2785000000 8.071425e+03 
2787150000 8.087725e+03 
2789300000 8.114325e+03 
2791450000 8.084725e+03 
2793600000 8.094625e+03 
2795750000 8.095025e+03 
2797900000 8.101425e+03 
2.800050e+09 8.117175e+03 
2802200000 8.074100e+03 
2804350000 8.097350e+03 
2806500000 8111 
2808650000 8.081525e+03 
2810800000 8.084775e+03 
2812950000 8.100100e+03 
2815100000 8.096100e+03 
2817250000 8.099075e+03 
2819400000 8.076825e+03 
2821550000 8.091050e+03 
2823700000 8.057025e+03 
2825850000 8.112650e+03 
2828000000 8.056200e+03 
2.830150e+09 8.086150e+03 
2832300000 8.076150e+03 
2834450000 8088 
2836600000 8.099525e+03 
2838750000 8.090975e+03 
2840900000 8.072900e+03 
2843050000 8.060025e+03 
2845200000 8.095775e+03 
2847350000 8.091600e+03 
2849500000 8.111975e+03 
2851650000 8.083775e+03 
2853800000 8.073025e+03 
2855950000 8.086700e+03 
2858100000 8.093900e+03 
2.860250e+09 8.098100e+03 
2862400000 8071 
2864550000 8.085050e+03 
2866700000 8.103775e+03 
2868850000 8.085325e+03 
2871000000 8.086575e+03 
2873150000 8.087450e+03 
2875300000 8.089500e+03 
2877450000 8.073675e+03 
2879600000 8.078350e+03 
2881750000 8.052700e+03 
2883900000 8.090875e+03 
2886050000 8.111875e+03 
2888200000 8.078925e+03 
2.890350e+09 8.074025e+03 
2892500000 8.063350e+03 
2894650000 8.089150e+03 
2896800000 8.088725e+03 
2898950000 8.089950e+03 
2901100000 8.080600e+03 
2903250000 8.074125e+03 
2905400000 8.069575e+03 
2907550000 8.083350e+03 
2909700000 8.099625e+03 
2911850000 8.116350e+03 
2914000000 8.068925e+03 
2916150000 8.085250e+03 
2918300000 8.084550e+03 
2920450000 8.061800e+03 
2922600000 8.072275e+03 
2924750000 8.098100e+03 
2926900000 8.082900e+03 
2929050000 8.092950e+03 
2931200000 8.072075e+03 
2933350000 8.095650e+03 
2935500000 8.086850e+03 
2937650000 8.095225e+03 
2939800000 8.105250e+03 
2941950000 8.101375e+03 
2.944100e+09 8.081075e+03 
2946250000 8.099575e+03 
2948400000 8.083325e+03 
2950550000 8.103275e+03 
2952700000 8.113625e+03 
2954850000 8.102350e+03 
2957000000 8.087200e+03 
2959150000 8.082800e+03 
2961300000 8.094725e+03 
2963450000 8.105225e+03 
2965600000 8.094800e+03 
2967750000 8.089275e+03 
2969900000 8.098350e+03 
2972050000 8.099700e+03 
2974200000 8.100750e+03 
2976350000 8.090675e+03 
2978500000 8.107975e+03 
2980650000 8.107825e+03 
2982800000 8.091800e+03 
2984950000 8.082500e+03 
2987100000 8.083575e+03 
2989250000 8.081925e+03 
2991400000 8.079025e+03 
2993550000 8.106475e+03 
2995700000 8.114750e+03 
2997850000 8.113700e+03 
3000000000 8.103850e+03 

END
