IGOR
WAVES/D/O sweep,sig(1) 
BEGIN
2470000000 7.269675e+03 
2472000000 7.286200e+03 
2474000000 7.290200e+03 
2476000000 7.265200e+03 
2478000000 7.286100e+03 
2480000000 7.264425e+03 
2482000000 7.291675e+03 
2484000000 7.288250e+03 
2486000000 7.273925e+03 
2488000000 7.292725e+03 
2490000000 7.289775e+03 
2492000000 7.293150e+03 
2494000000 7.291900e+03 
2496000000 7.283025e+03 
2498000000 7.309225e+03 
2500000000 7.276275e+03 
2502000000 7.279350e+03 
2504000000 7.272150e+03 
2506000000 7.262650e+03 
2508000000 7.290400e+03 
2510000000 7.272075e+03 
2512000000 7.266250e+03 
2514000000 7.275875e+03 
2516000000 7.266450e+03 
2518000000 7.296325e+03 
2520000000 7.293925e+03 
2.522000e+09 7.290300e+03 
2524000000 7287 
2.526000e+09 7.292100e+03 
2528000000 7.269850e+03 
2.530000e+09 7.284500e+03 
2532000000 7.298550e+03 
2.534000e+09 7.289225e+03 
2536000000 7.284250e+03 
2.538000e+09 7.272275e+03 
2540000000 7.279575e+03 
2.542000e+09 7.290125e+03 
2544000000 7.313650e+03 
2.546000e+09 7.319350e+03 
2548000000 7.281800e+03 
2.550000e+09 7.301450e+03 
2552000000 7.308125e+03 
2.554000e+09 7.292325e+03 
2556000000 7.292650e+03 
2.558000e+09 7.300850e+03 
2560000000 7295 
2.562000e+09 7.307125e+03 
2564000000 7.298100e+03 
2.566000e+09 7.291475e+03 
2568000000 7.315575e+03 
2.570000e+09 7.301925e+03 
2572000000 7.315050e+03 
2.574000e+09 7.298550e+03 
2576000000 7.304825e+03 
2.578000e+09 7.277050e+03 
2580000000 7.296175e+03 
2.582000e+09 7.320075e+03 
2584000000 7284 
2.586000e+09 7.303675e+03 
2588000000 7.302575e+03 
2.590000e+09 7.289525e+03 
2592000000 7.305950e+03 
2.594000e+09 7.301400e+03 
2596000000 7.288075e+03 
2.598000e+09 7.278450e+03 
2600000000 7.309300e+03 
2.602000e+09 7.280450e+03 
2604000000 7.294900e+03 
2.606000e+09 7.307650e+03 
2608000000 7.312575e+03 
2.610000e+09 7.302850e+03 
2612000000 7.289725e+03 
2.614000e+09 7.326025e+03 
2616000000 7.294375e+03 
2.618000e+09 7.306450e+03 
2620000000 7.315875e+03 
2.622000e+09 7.294850e+03 
2624000000 7.303725e+03 
2.626000e+09 7.276150e+03 
2628000000 7.278350e+03 
2.630000e+09 7.287825e+03 
2632000000 7.279450e+03 
2.634000e+09 7.270450e+03 
2636000000 7.283475e+03 
2.638000e+09 7.262900e+03 
2640000000 7.274875e+03 
2.642000e+09 7.283350e+03 
2644000000 7.275600e+03 
2646000000 7.270100e+03 
2648000000 7.296575e+03 
2.650000e+09 7.294800e+03 
2652000000 7.307675e+03 
2654000000 7.303175e+03 
2656000000 7.301050e+03 
2.658000e+09 7.322525e+03 
2660000000 7.302700e+03 
2662000000 7.295250e+03 
2664000000 7.295725e+03 
2.666000e+09 7.320725e+03 
2668000000 7.319125e+03 
2670000000 7.312725e+03 
2672000000 7.317400e+03 
2.674000e+09 7.291300e+03 
2676000000 7.305475e+03 
2678000000 7.316625e+03 
2680000000 7.315275e+03 
2.682000e+09 7.327575e+03 
2684000000 7.315300e+03 
2686000000 7.308050e+03 
2688000000 7.297050e+03 
2.690000e+09 7.326800e+03 
2692000000 7.294250e+03 
2694000000 7.303125e+03 
2696000000 7.273350e+03 
2698000000 7.307925e+03 
2700000000 7.291800e+03 
2702000000 7.302300e+03 
2704000000 7.314675e+03 
2706000000 7.292650e+03 
2708000000 7.290100e+03 
2710000000 7.295975e+03 
2712000000 7.308100e+03 
2714000000 7.294975e+03 
2716000000 7.312750e+03 
2718000000 7.281450e+03 
2720000000 7.295750e+03 
2722000000 7.265850e+03 
2724000000 7.285125e+03 
2726000000 7.284425e+03 
2728000000 7.287675e+03 
2730000000 7.326350e+03 
2732000000 7.306900e+03 
2734000000 7.298500e+03 
2736000000 7.313550e+03 
2738000000 7.294225e+03 
2740000000 7.274450e+03 
2742000000 7.286200e+03 
2744000000 7.260150e+03 
2746000000 7.287025e+03 
2748000000 7.269775e+03 
2750000000 7.277325e+03 
2752000000 7.271275e+03 
2754000000 7.286850e+03 
2756000000 7.284275e+03 
2758000000 7.298675e+03 
2760000000 7.299650e+03 
2762000000 7.286275e+03 
2764000000 7.278300e+03 
2766000000 7.306300e+03 
2768000000 7.282150e+03 
2770000000 7.301675e+03 
2.772000e+09 7.308700e+03 
2774000000 7.304075e+03 
2.776000e+09 7.303350e+03 
2778000000 7.324925e+03 
2.780000e+09 7.310250e+03 
2782000000 7.302175e+03 
2.784000e+09 7.295350e+03 
2786000000 7.305275e+03 
2.788000e+09 7.305250e+03 
2790000000 7.320725e+03 
2.792000e+09 7.278825e+03 
2794000000 7.298100e+03 
2.796000e+09 7.295975e+03 
2798000000 7.303750e+03 
2.800000e+09 7.283400e+03 
2802000000 7.267925e+03 
2.804000e+09 7.284150e+03 
2806000000 7.284825e+03 
2.808000e+09 7.297925e+03 
2810000000 7.312650e+03 
2.812000e+09 7.289775e+03 
2814000000 7.272450e+03 
2.816000e+09 7.284700e+03 
2818000000 7.300175e+03 
2.820000e+09 7.306025e+03 
2822000000 7.295975e+03 
2.824000e+09 7.286275e+03 
2826000000 7.302500e+03 
2.828000e+09 7.317975e+03 
2830000000 7.290850e+03 
2832000000 7.314575e+03 
2834000000 7.294075e+03 
2.836000e+09 7.309700e+03 
2838000000 7.298650e+03 
2.840000e+09 7.303350e+03 
2842000000 7.293525e+03 
2.844000e+09 7.314675e+03 
2846000000 7.296150e+03 
2848000000 7.294450e+03 
2850000000 7.289250e+03 
2.852000e+09 7.292400e+03 
2854000000 7.312425e+03 
2.856000e+09 7321 
2858000000 7.301175e+03 
2.860000e+09 7.288600e+03 
2862000000 7.296775e+03 
2864000000 7.285425e+03 
2866000000 7.316900e+03 
2.868000e+09 7.297750e+03 
2870000000 7.290500e+03 

END
