IGOR
WAVES/D/O sweep,sig(1) 
BEGIN
2570000000 8.150400e+03 
2.572150e+09 8.154850e+03 
2574300000 8.126950e+03 
2576450000 8.154975e+03 
2578600000 8.147875e+03 
2.580750e+09 8.162700e+03 
2582900000 8.155600e+03 
2585050000 8.166250e+03 
2.587200e+09 8.170950e+03 
2589350000 8.166925e+03 
2591500000 8.163300e+03 
2593650000 8.180225e+03 
2.595800e+09 8.178725e+03 
2597950000 8.158875e+03 
2600100000 8.172450e+03 
2.602250e+09 8.171050e+03 
2604400000 8.183050e+03 
2606550000 8.183950e+03 
2608700000 8.169675e+03 
2.610850e+09 8162 
2613000000 8.164325e+03 
2615150000 8.173575e+03 
2.617300e+09 8.147550e+03 
2619450000 8.143875e+03 
2621600000 8152 
2623750000 8.135175e+03 
2.625900e+09 8.119700e+03 
2628050000 8.127500e+03 
2630200000 8.132575e+03 
2.632350e+09 8.122475e+03 
2634500000 8.143550e+03 
2636650000 8.161850e+03 
2638800000 8.163325e+03 
2.640950e+09 8.183775e+03 
2643100000 8.167450e+03 
2645250000 8.170625e+03 
2.647400e+09 8.187375e+03 
2649550000 8.162700e+03 
2651700000 8.182150e+03 
2653850000 8.183350e+03 
2.656000e+09 8.173050e+03 
2658150000 8.163625e+03 
2660300000 8.170775e+03 
2.662450e+09 8.176725e+03 
2664600000 8.165500e+03 
2666750000 8.145275e+03 
2668900000 8.166225e+03 
2.671050e+09 8.150900e+03 
2673200000 8.174375e+03 
2675350000 8.132600e+03 
2677500000 8.135025e+03 
2679650000 8.120325e+03 
2681800000 8.100250e+03 
2683950000 8.131675e+03 
2.686100e+09 8.107550e+03 
2688250000 8.135475e+03 
2690400000 8.122800e+03 
2692550000 8.153400e+03 
2694700000 8.146925e+03 
2696850000 8.175600e+03 
2699000000 8.165175e+03 
2.701150e+09 8.156275e+03 
2703300000 8.154250e+03 
2705450000 8.174400e+03 
2707600000 8179 
2.709750e+09 8.191600e+03 
2711900000 8.160075e+03 
2714050000 8.175075e+03 
2.716200e+09 8.177525e+03 
2718350000 8170 
2720500000 8.181450e+03 
2722650000 8.177225e+03 
2724800000 8.162875e+03 
2726950000 8.157575e+03 
2729100000 8.147300e+03 
2.731250e+09 8.148650e+03 
2733400000 8.127800e+03 
2735550000 8.163450e+03 
2737700000 8.146075e+03 
2.739850e+09 8162 
2742000000 8.149225e+03 
2744150000 8.188475e+03 
2.746300e+09 8.175975e+03 
2748450000 8.167900e+03 
2750600000 8.178850e+03 
2752750000 8192 
2754900000 8.171800e+03 
2757050000 8.164725e+03 
2759200000 8.163100e+03 
2.761350e+09 8.198725e+03 
2763500000 8.183600e+03 
2765650000 8.172725e+03 
2767800000 8.175100e+03 
2.769950e+09 8.159600e+03 
2772100000 8.172100e+03 
2774250000 8.184625e+03 
2.776400e+09 8.178850e+03 
2778550000 8.204725e+03 
2780700000 8196 
2782850000 8.177975e+03 
2785000000 8.178900e+03 
2787150000 8.175225e+03 
2789300000 8.171275e+03 
2791450000 8.198975e+03 
2793600000 8.170025e+03 
2795750000 8.182425e+03 
2797900000 8.176700e+03 
2.800050e+09 8.184600e+03 
2802200000 8.183550e+03 
2804350000 8.167375e+03 
2806500000 8.176050e+03 
2808650000 8.183200e+03 
2810800000 8.172225e+03 
2812950000 8.184500e+03 
2815100000 8.168825e+03 
2817250000 8.174100e+03 
2819400000 8.178475e+03 
2821550000 8.190975e+03 
2823700000 8.181975e+03 
2825850000 8.172050e+03 
2828000000 8.194925e+03 
2.830150e+09 8.167850e+03 
2832300000 8.188450e+03 
2834450000 8.171825e+03 
2836600000 8.186575e+03 
2838750000 8.177125e+03 
2840900000 8.178150e+03 
2843050000 8.182925e+03 
2845200000 8.198425e+03 
2847350000 8.188025e+03 
2849500000 8.169275e+03 
2851650000 8.161575e+03 
2853800000 8.159500e+03 
2855950000 8.172025e+03 
2858100000 8.157400e+03 
2.860250e+09 8.208125e+03 
2862400000 8159 
2864550000 8.164825e+03 
2866700000 8.181550e+03 
2868850000 8.174550e+03 
2871000000 8.165200e+03 
2873150000 8.173200e+03 
2875300000 8.167425e+03 
2877450000 8.176050e+03 
2879600000 8.181125e+03 
2881750000 8.174025e+03 
2883900000 8.186500e+03 
2886050000 8.181650e+03 
2888200000 8.175850e+03 
2.890350e+09 8.178775e+03 
2892500000 8.173400e+03 
2894650000 8.209350e+03 
2896800000 8.192225e+03 
2898950000 8.186075e+03 
2901100000 8.163825e+03 
2903250000 8.161525e+03 
2905400000 8.171150e+03 
2907550000 8.187750e+03 
2909700000 8.189750e+03 
2911850000 8.165225e+03 
2914000000 8.181050e+03 
2916150000 8.181800e+03 
2918300000 8.169225e+03 
2920450000 8.177525e+03 
2922600000 8.176525e+03 
2924750000 8.167325e+03 
2926900000 8.168925e+03 
2929050000 8.179325e+03 
2931200000 8.176975e+03 
2933350000 8.146350e+03 
2935500000 8.174275e+03 
2937650000 8.199575e+03 
2939800000 8.168850e+03 
2941950000 8.159575e+03 
2.944100e+09 8.182200e+03 
2946250000 8.161200e+03 
2948400000 8.157500e+03 
2950550000 8.159875e+03 
2952700000 8.178950e+03 
2954850000 8.207500e+03 
2957000000 8.177925e+03 
2959150000 8.171175e+03 
2961300000 8.178950e+03 
2963450000 8.168025e+03 
2965600000 8.192425e+03 
2967750000 8.178425e+03 
2969900000 8.184500e+03 
2972050000 8.168500e+03 
2974200000 8.180900e+03 
2976350000 8.184475e+03 
2978500000 8.190575e+03 
2980650000 8.191400e+03 
2982800000 8.177475e+03 
2984950000 8180 
2987100000 8.198450e+03 
2989250000 8.163200e+03 
2991400000 8188 
2993550000 8.195700e+03 
2995700000 8.178400e+03 
2997850000 8.169125e+03 
3000000000 8.173725e+03 

END
