IGOR
WAVES/D/O sweep,sig(1) 
BEGIN
2570000000 7.953550e+03 
2.572150e+09 7.926475e+03 
2574300000 7.933650e+03 
2576450000 7.945075e+03 
2578600000 7.921925e+03 
2.580750e+09 7.945175e+03 
2582900000 7.935250e+03 
2585050000 7.937400e+03 
2.587200e+09 7.950725e+03 
2589350000 7.953200e+03 
2591500000 7.937900e+03 
2593650000 7.957050e+03 
2.595800e+09 7.946700e+03 
2597950000 7.939625e+03 
2600100000 7.940750e+03 
2.602250e+09 7.929625e+03 
2604400000 7950 
2606550000 7950 
2608700000 7.925075e+03 
2.610850e+09 7.961900e+03 
2613000000 7.963325e+03 
2615150000 7.941225e+03 
2.617300e+09 7.953900e+03 
2619450000 7.949825e+03 
2621600000 7.937775e+03 
2623750000 7.892325e+03 
2.625900e+09 7.891800e+03 
2628050000 7.899150e+03 
2630200000 7.922325e+03 
2.632350e+09 7.917675e+03 
2634500000 7.915475e+03 
2636650000 7.946700e+03 
2638800000 7.928675e+03 
2.640950e+09 7.955025e+03 
2643100000 7959 
2645250000 7.948550e+03 
2.647400e+09 7.944800e+03 
2649550000 7.958400e+03 
2651700000 7.944900e+03 
2653850000 7.928750e+03 
2.656000e+09 7.958800e+03 
2658150000 7.957950e+03 
2660300000 7.964225e+03 
2.662450e+09 7.949850e+03 
2664600000 7.957375e+03 
2666750000 7.928225e+03 
2668900000 7.922550e+03 
2.671050e+09 7940 
2673200000 7.966725e+03 
2675350000 7.956950e+03 
2677500000 7.931550e+03 
2679650000 7.927875e+03 
2681800000 7.914900e+03 
2683950000 7.906525e+03 
2.686100e+09 7.898900e+03 
2688250000 7.891750e+03 
2690400000 7.922750e+03 
2692550000 7.914650e+03 
2694700000 7.925100e+03 
2696850000 7.915425e+03 
2699000000 7.972225e+03 
2.701150e+09 7.935275e+03 
2703300000 7955 
2705450000 7.933475e+03 
2707600000 7.964375e+03 
2.709750e+09 7.947025e+03 
2711900000 7.959400e+03 
2714050000 7.959475e+03 
2.716200e+09 7.940450e+03 
2718350000 7.965650e+03 
2720500000 7.961400e+03 
2722650000 7.945775e+03 
2724800000 7.944450e+03 
2726950000 7.951450e+03 
2729100000 7.941100e+03 
2.731250e+09 7.918925e+03 
2733400000 7.940625e+03 
2735550000 7.918500e+03 
2737700000 7.935550e+03 
2.739850e+09 7.912825e+03 
2742000000 7.954325e+03 
2744150000 7.949600e+03 
2.746300e+09 7.951225e+03 
2748450000 7.964475e+03 
2750600000 7.943950e+03 
2752750000 7.953050e+03 
2754900000 7.974075e+03 
2757050000 7.950175e+03 
2759200000 7.952275e+03 
2.761350e+09 7.986275e+03 
2763500000 7.949150e+03 
2765650000 7.951900e+03 
2767800000 7.949875e+03 
2.769950e+09 7.925375e+03 
2772100000 7.955975e+03 
2774250000 7.943250e+03 
2.776400e+09 7.943925e+03 
2778550000 7.964325e+03 
2780700000 7.996800e+03 
2782850000 7.971250e+03 
2785000000 7.958025e+03 
2787150000 7.977675e+03 
2789300000 7.972875e+03 
2791450000 7.969650e+03 
2793600000 7.938950e+03 
2795750000 7.959775e+03 
2797900000 7.949900e+03 
2.800050e+09 7.967375e+03 
2802200000 7.952450e+03 
2804350000 7.971700e+03 
2806500000 7.965275e+03 
2808650000 7.940800e+03 
2810800000 7.946100e+03 
2812950000 7.940225e+03 
2815100000 7.968400e+03 
2817250000 7.956125e+03 
2819400000 7.959675e+03 
2821550000 7.961450e+03 
2823700000 7.973850e+03 
2825850000 7.985050e+03 
2828000000 7.974675e+03 
2.830150e+09 7.966050e+03 
2832300000 7.986150e+03 
2834450000 7.968675e+03 
2836600000 7.954650e+03 
2838750000 7.961225e+03 
2840900000 7.958725e+03 
2843050000 7.988450e+03 
2845200000 7.954125e+03 
2847350000 7.945300e+03 
2849500000 7.981300e+03 
2851650000 7.992475e+03 
2853800000 7.966350e+03 
2855950000 7.967925e+03 
2858100000 7.957475e+03 
2.860250e+09 7.957375e+03 
2862400000 7965 
2864550000 7.950450e+03 
2866700000 7.955650e+03 
2868850000 7.966375e+03 
2871000000 7.976750e+03 
2873150000 7.954375e+03 
2875300000 7.957950e+03 
2877450000 7.970300e+03 
2879600000 7.973950e+03 
2881750000 7.958600e+03 
2883900000 7.949500e+03 
2886050000 7.970975e+03 
2888200000 7.966500e+03 
2.890350e+09 7.949550e+03 
2892500000 7.968350e+03 
2894650000 7.978775e+03 
2896800000 7.985050e+03 
2898950000 7.973300e+03 
2901100000 8.003625e+03 
2903250000 7.960450e+03 
2905400000 7.971725e+03 
2907550000 7.975800e+03 
2909700000 7.957875e+03 
2911850000 7.966700e+03 
2914000000 7.986725e+03 
2916150000 7.975575e+03 
2918300000 7.982850e+03 
2920450000 7.975575e+03 
2922600000 7.989825e+03 
2924750000 7.963900e+03 
2926900000 7.963425e+03 
2929050000 7.946450e+03 
2931200000 7.962125e+03 
2933350000 7.969800e+03 
2935500000 7.975450e+03 
2937650000 7.963325e+03 
2939800000 7.990525e+03 
2941950000 7.991375e+03 
2.944100e+09 7.984500e+03 
2946250000 7.990725e+03 
2948400000 7.977100e+03 
2950550000 7.941800e+03 
2952700000 7.961075e+03 
2954850000 7.948225e+03 
2957000000 7.981075e+03 
2959150000 7.962300e+03 
2961300000 7.973225e+03 
2963450000 7.985200e+03 
2965600000 8.005800e+03 
2967750000 7.972500e+03 
2969900000 7.961950e+03 
2972050000 7.954950e+03 
2974200000 7.977800e+03 
2976350000 7.977175e+03 
2978500000 7.963025e+03 
2980650000 7.964825e+03 
2982800000 7.958875e+03 
2984950000 7.983175e+03 
2987100000 7.948500e+03 
2989250000 7.957400e+03 
2991400000 7.994800e+03 
2993550000 7.960800e+03 
2995700000 7.959550e+03 
2997850000 7.955525e+03 
3000000000 7.972850e+03 

END
