IGOR
WAVES/D/O sweep,sig(1) 
BEGIN
2470000000 7.818625e+03 
2472000000 7.797850e+03 
2474000000 7.800100e+03 
2476000000 7.794800e+03 
2478000000 7.804875e+03 
2480000000 7.780500e+03 
2482000000 7.790125e+03 
2484000000 7.806925e+03 
2486000000 7.809150e+03 
2488000000 7.790950e+03 
2490000000 7.773925e+03 
2492000000 7.781925e+03 
2494000000 7.822200e+03 
2496000000 7.778925e+03 
2498000000 7808 
2500000000 7.808900e+03 
2502000000 7.812850e+03 
2504000000 7.797850e+03 
2506000000 7.796775e+03 
2508000000 7.787025e+03 
2510000000 7.818400e+03 
2512000000 7.795225e+03 
2514000000 7.790125e+03 
2516000000 7.798725e+03 
2518000000 7.790900e+03 
2520000000 7.805575e+03 
2.522000e+09 7.781325e+03 
2524000000 7.799325e+03 
2.526000e+09 7.818950e+03 
2528000000 7.810225e+03 
2.530000e+09 7.789400e+03 
2532000000 7.793575e+03 
2.534000e+09 7.786900e+03 
2536000000 7.809150e+03 
2.538000e+09 7.817350e+03 
2540000000 7780 
2.542000e+09 7.804725e+03 
2544000000 7.800150e+03 
2.546000e+09 7.810750e+03 
2548000000 7.810250e+03 
2.550000e+09 7.824825e+03 
2552000000 7.814725e+03 
2.554000e+09 7.816750e+03 
2556000000 7.796075e+03 
2.558000e+09 7.798200e+03 
2560000000 7819 
2.562000e+09 7.779300e+03 
2564000000 7.799025e+03 
2.566000e+09 7.808625e+03 
2568000000 7.806775e+03 
2.570000e+09 7.775050e+03 
2572000000 7.778525e+03 
2.574000e+09 7.768925e+03 
2576000000 7.797125e+03 
2.578000e+09 7.797875e+03 
2580000000 7.792750e+03 
2.582000e+09 7.806100e+03 
2584000000 7.804600e+03 
2.586000e+09 7.788775e+03 
2588000000 7.801175e+03 
2.590000e+09 7.801800e+03 
2592000000 7.828075e+03 
2.594000e+09 7.813075e+03 
2596000000 7.804975e+03 
2.598000e+09 7.797275e+03 
2600000000 7.824825e+03 
2.602000e+09 7813 
2604000000 7.814425e+03 
2.606000e+09 7.793150e+03 
2608000000 7.838350e+03 
2.610000e+09 7.815075e+03 
2612000000 7.799175e+03 
2.614000e+09 7.796775e+03 
2616000000 7.837800e+03 
2.618000e+09 7.815300e+03 
2620000000 7.794050e+03 
2.622000e+09 7.820800e+03 
2624000000 7.807775e+03 
2.626000e+09 7.821925e+03 
2628000000 7.801825e+03 
2.630000e+09 7.820600e+03 
2632000000 7.830050e+03 
2.634000e+09 7.795425e+03 
2636000000 7.799200e+03 
2.638000e+09 7.782275e+03 
2640000000 7.814675e+03 
2.642000e+09 7.802025e+03 
2644000000 7.818550e+03 
2646000000 7.819475e+03 
2648000000 7.831100e+03 
2.650000e+09 7.828150e+03 
2652000000 7.803475e+03 
2654000000 7.817775e+03 
2656000000 7.805625e+03 
2.658000e+09 7.797250e+03 
2660000000 7.833825e+03 
2662000000 7.804675e+03 
2664000000 7.810500e+03 
2.666000e+09 7.816925e+03 
2668000000 7.813325e+03 
2670000000 7.821775e+03 
2672000000 7.807325e+03 
2.674000e+09 7.823350e+03 
2676000000 7.818325e+03 
2678000000 7.827525e+03 
2680000000 7.829800e+03 
2.682000e+09 7.814925e+03 
2684000000 7.816400e+03 
2686000000 7.827300e+03 
2688000000 7814 
2.690000e+09 7.824350e+03 
2692000000 7.797925e+03 
2694000000 7.817425e+03 
2696000000 7.807100e+03 
2698000000 7.838475e+03 
2700000000 7.815800e+03 
2702000000 7.830075e+03 
2704000000 7.839475e+03 
2706000000 7.820400e+03 
2708000000 7.821625e+03 
2710000000 7.800275e+03 
2712000000 7.819775e+03 
2714000000 7.806575e+03 
2716000000 7.828100e+03 
2718000000 7.806350e+03 
2720000000 7.819300e+03 
2722000000 7.846550e+03 
2724000000 7.862825e+03 
2726000000 7812 
2728000000 7.794175e+03 
2730000000 7.822975e+03 
2732000000 7.839800e+03 
2734000000 7.799150e+03 
2736000000 7.815900e+03 
2738000000 7.809350e+03 
2740000000 7.817475e+03 
2742000000 7.820300e+03 
2744000000 7.829525e+03 
2746000000 7858 
2748000000 7.841200e+03 
2750000000 7.841900e+03 
2752000000 7.852725e+03 
2754000000 7.818275e+03 
2756000000 7.824975e+03 
2758000000 7.799225e+03 
2760000000 7.789150e+03 
2762000000 7.744500e+03 
2764000000 7.750900e+03 
2766000000 7.725100e+03 
2768000000 7.702275e+03 
2770000000 7.702300e+03 
2.772000e+09 7698 
2774000000 7.648825e+03 
2.776000e+09 7.700400e+03 
2778000000 7.708900e+03 
2.780000e+09 7.757575e+03 
2782000000 7.785750e+03 
2.784000e+09 7.789550e+03 
2786000000 7.799850e+03 
2.788000e+09 7.814250e+03 
2790000000 7.856650e+03 
2.792000e+09 7.827050e+03 
2794000000 7.835650e+03 
2.796000e+09 7.846775e+03 
2798000000 7.851150e+03 
2.800000e+09 7.829200e+03 
2802000000 7.851800e+03 
2.804000e+09 7.848600e+03 
2806000000 7.839525e+03 
2.808000e+09 7.843075e+03 
2810000000 7.833375e+03 
2.812000e+09 7.840925e+03 
2814000000 7.827950e+03 
2.816000e+09 7.847300e+03 
2818000000 7.831350e+03 
2.820000e+09 7.862650e+03 
2822000000 7.835175e+03 
2.824000e+09 7.836075e+03 
2826000000 7.837875e+03 
2.828000e+09 7837 
2830000000 7.846300e+03 
2832000000 7.854050e+03 
2834000000 7.844175e+03 
2.836000e+09 7.829875e+03 
2838000000 7.848750e+03 
2.840000e+09 7.840275e+03 
2842000000 7.825850e+03 
2.844000e+09 7.824600e+03 
2846000000 7.872675e+03 
2848000000 7.834825e+03 
2850000000 7.842575e+03 
2.852000e+09 7.848625e+03 
2854000000 7.867475e+03 
2.856000e+09 7.827950e+03 
2858000000 7.789200e+03 
2.860000e+09 7.800275e+03 
2862000000 7.787425e+03 
2864000000 7.766050e+03 
2866000000 7.745525e+03 
2.868000e+09 7.728675e+03 
2870000000 7.727800e+03 

END
