IGOR
WAVES/D/O sweep,sig(1) 
BEGIN
2570000000 8.131650e+03 
2.572150e+09 8.139775e+03 
2574300000 8.143050e+03 
2576450000 8.145900e+03 
2578600000 8148 
2.580750e+09 8.172675e+03 
2582900000 8.153800e+03 
2585050000 8.175225e+03 
2.587200e+09 8.161425e+03 
2589350000 8.157450e+03 
2591500000 8.158925e+03 
2593650000 8.178675e+03 
2.595800e+09 8.178325e+03 
2597950000 8.181075e+03 
2600100000 8.186375e+03 
2.602250e+09 8.184575e+03 
2604400000 8.167350e+03 
2606550000 8.162250e+03 
2608700000 8.185175e+03 
2.610850e+09 8.161300e+03 
2613000000 8.171150e+03 
2615150000 8.174550e+03 
2.617300e+09 8.150650e+03 
2619450000 8.141925e+03 
2621600000 8.123225e+03 
2623750000 8.134100e+03 
2.625900e+09 8.115675e+03 
2628050000 8.118675e+03 
2630200000 8.112700e+03 
2.632350e+09 8.117100e+03 
2634500000 8.138650e+03 
2636650000 8.142250e+03 
2638800000 8.160200e+03 
2.640950e+09 8.164875e+03 
2643100000 8.185050e+03 
2645250000 8.171675e+03 
2.647400e+09 8.151375e+03 
2649550000 8.159425e+03 
2651700000 8.169050e+03 
2653850000 8.182775e+03 
2.656000e+09 8.176775e+03 
2658150000 8.161375e+03 
2660300000 8.178050e+03 
2.662450e+09 8.179775e+03 
2664600000 8.154650e+03 
2666750000 8.163375e+03 
2668900000 8.164200e+03 
2.671050e+09 8.178575e+03 
2673200000 8.136425e+03 
2675350000 8.164225e+03 
2677500000 8.153775e+03 
2679650000 8.119275e+03 
2681800000 8.099375e+03 
2683950000 8.118375e+03 
2.686100e+09 8.102175e+03 
2688250000 8.105250e+03 
2690400000 8.136350e+03 
2692550000 8.143850e+03 
2694700000 8169 
2696850000 8.164125e+03 
2699000000 8.150100e+03 
2.701150e+09 8.158900e+03 
2703300000 8.164800e+03 
2705450000 8.170575e+03 
2707600000 8.155225e+03 
2.709750e+09 8.164975e+03 
2711900000 8.177475e+03 
2714050000 8.179550e+03 
2.716200e+09 8.167775e+03 
2718350000 8.172475e+03 
2720500000 8.165225e+03 
2722650000 8.169550e+03 
2724800000 8.165950e+03 
2726950000 8.143500e+03 
2729100000 8.172125e+03 
2.731250e+09 8.165425e+03 
2733400000 8.156350e+03 
2735550000 8.152200e+03 
2737700000 8.183300e+03 
2.739850e+09 8.147825e+03 
2742000000 8.167200e+03 
2744150000 8.156250e+03 
2.746300e+09 8.179575e+03 
2748450000 8179 
2750600000 8.158925e+03 
2752750000 8.170650e+03 
2754900000 8.165850e+03 
2757050000 8.168800e+03 
2759200000 8.199825e+03 
2.761350e+09 8.165875e+03 
2763500000 8.168375e+03 
2765650000 8.174475e+03 
2767800000 8.173300e+03 
2.769950e+09 8.207450e+03 
2772100000 8.170525e+03 
2774250000 8.174850e+03 
2.776400e+09 8.179300e+03 
2778550000 8.175575e+03 
2780700000 8.202325e+03 
2782850000 8.171450e+03 
2785000000 8.173725e+03 
2787150000 8.168650e+03 
2789300000 8.204950e+03 
2791450000 8.199350e+03 
2793600000 8.188475e+03 
2795750000 8.194075e+03 
2797900000 8.188925e+03 
2.800050e+09 8.178275e+03 
2802200000 8.190925e+03 
2804350000 8.186275e+03 
2806500000 8.174400e+03 
2808650000 8.167900e+03 
2810800000 8.174850e+03 
2812950000 8.177050e+03 
2815100000 8.169625e+03 
2817250000 8.173150e+03 
2819400000 8.202225e+03 
2821550000 8.209650e+03 
2823700000 8.201225e+03 
2825850000 8.176575e+03 
2828000000 8.175875e+03 
2.830150e+09 8.178425e+03 
2832300000 8.173975e+03 
2834450000 8.198825e+03 
2836600000 8.185550e+03 
2838750000 8.209400e+03 
2840900000 8.195350e+03 
2843050000 8.201350e+03 
2845200000 8.201350e+03 
2847350000 8.179600e+03 
2849500000 8.204425e+03 
2851650000 8.173400e+03 
2853800000 8.184700e+03 
2855950000 8.182625e+03 
2858100000 8.189500e+03 
2.860250e+09 8.187175e+03 
2862400000 8.176750e+03 
2864550000 8.193900e+03 
2866700000 8.175650e+03 
2868850000 8.179750e+03 
2871000000 8186 
2873150000 8.172650e+03 
2875300000 8.184750e+03 
2877450000 8.181825e+03 
2879600000 8.185650e+03 
2881750000 8.193300e+03 
2883900000 8.189575e+03 
2886050000 8.183600e+03 
2888200000 8.191325e+03 
2.890350e+09 8.170150e+03 
2892500000 8.176825e+03 
2894650000 8.174050e+03 
2896800000 8.180250e+03 
2898950000 8.166200e+03 
2901100000 8.199725e+03 
2903250000 8.191625e+03 
2905400000 8.203200e+03 
2907550000 8.197600e+03 
2909700000 8.186675e+03 
2911850000 8.204400e+03 
2914000000 8.195125e+03 
2916150000 8.189100e+03 
2918300000 8.196925e+03 
2920450000 8.185200e+03 
2922600000 8.191950e+03 
2924750000 8.170900e+03 
2926900000 8.173225e+03 
2929050000 8.201975e+03 
2931200000 8.176700e+03 
2933350000 8.194025e+03 
2935500000 8.183075e+03 
2937650000 8.187100e+03 
2939800000 8.184550e+03 
2941950000 8.175550e+03 
2.944100e+09 8.194775e+03 
2946250000 8.210800e+03 
2948400000 8.200475e+03 
2950550000 8.209300e+03 
2952700000 8.197525e+03 
2954850000 8.200075e+03 
2957000000 8.207300e+03 
2959150000 8.213175e+03 
2961300000 8.192575e+03 
2963450000 8.216600e+03 
2965600000 8.185675e+03 
2967750000 8.180850e+03 
2969900000 8.205325e+03 
2972050000 8.202850e+03 
2974200000 8.183575e+03 
2976350000 8.194225e+03 
2978500000 8.191975e+03 
2980650000 8.180350e+03 
2982800000 8.194750e+03 
2984950000 8.182275e+03 
2987100000 8.185675e+03 
2989250000 8.193775e+03 
2991400000 8.196750e+03 
2993550000 8.196500e+03 
2995700000 8.188875e+03 
2997850000 8206 
3000000000 8.207775e+03 

END
