IGOR
WAVES/D/O sweep,sig(1) 
BEGIN
2470000000 7.819300e+03 
2472000000 7.804875e+03 
2474000000 7.789625e+03 
2476000000 7782 
2478000000 7.780525e+03 
2480000000 7.772300e+03 
2482000000 7.793600e+03 
2484000000 7.769025e+03 
2486000000 7.816750e+03 
2488000000 7.816200e+03 
2490000000 7.804750e+03 
2492000000 7.771050e+03 
2494000000 7.783225e+03 
2496000000 7.795475e+03 
2498000000 7.785675e+03 
2500000000 7.792050e+03 
2502000000 7.782325e+03 
2504000000 7.799925e+03 
2506000000 7.794325e+03 
2508000000 7.807700e+03 
2510000000 7.778650e+03 
2512000000 7.770050e+03 
2514000000 7.810950e+03 
2516000000 7.799975e+03 
2518000000 7.799400e+03 
2520000000 7.773675e+03 
2.522000e+09 7.785775e+03 
2524000000 7.789150e+03 
2.526000e+09 7.787050e+03 
2528000000 7.784950e+03 
2.530000e+09 7.779775e+03 
2532000000 7.804575e+03 
2.534000e+09 7.800275e+03 
2536000000 7.793875e+03 
2.538000e+09 7.797900e+03 
2540000000 7.799300e+03 
2.542000e+09 7.795750e+03 
2544000000 7.809900e+03 
2.546000e+09 7.798875e+03 
2548000000 7.815450e+03 
2.550000e+09 7.809675e+03 
2552000000 7.803925e+03 
2.554000e+09 7.812200e+03 
2556000000 7.787100e+03 
2.558000e+09 7.786350e+03 
2560000000 7.785550e+03 
2.562000e+09 7.811850e+03 
2564000000 7.816150e+03 
2.566000e+09 7.827875e+03 
2568000000 7.789125e+03 
2.570000e+09 7.783275e+03 
2572000000 7.807100e+03 
2.574000e+09 7.791750e+03 
2576000000 7.793850e+03 
2.578000e+09 7.804850e+03 
2580000000 7.813850e+03 
2.582000e+09 7.808050e+03 
2584000000 7.798175e+03 
2.586000e+09 7.784950e+03 
2588000000 7.796950e+03 
2.590000e+09 7.806375e+03 
2592000000 7.796200e+03 
2.594000e+09 7.801500e+03 
2596000000 7.823325e+03 
2.598000e+09 7.814700e+03 
2600000000 7.776250e+03 
2.602000e+09 7.808650e+03 
2604000000 7.812975e+03 
2.606000e+09 7.829375e+03 
2608000000 7.797775e+03 
2.610000e+09 7.805150e+03 
2612000000 7.821125e+03 
2.614000e+09 7.813525e+03 
2616000000 7.778700e+03 
2.618000e+09 7.783600e+03 
2620000000 7.804850e+03 
2.622000e+09 7.811325e+03 
2624000000 7.763725e+03 
2.626000e+09 7.798800e+03 
2628000000 7.787925e+03 
2.630000e+09 7.799700e+03 
2632000000 7.774200e+03 
2.634000e+09 7.796200e+03 
2636000000 7.799700e+03 
2.638000e+09 7.796900e+03 
2640000000 7.803850e+03 
2.642000e+09 7.806875e+03 
2644000000 7.792650e+03 
2646000000 7.801150e+03 
2648000000 7808 
2.650000e+09 7.799275e+03 
2652000000 7.812325e+03 
2654000000 7.796250e+03 
2656000000 7.784650e+03 
2.658000e+09 7.796800e+03 
2660000000 7.781475e+03 
2662000000 7.782475e+03 
2664000000 7.750950e+03 
2.666000e+09 7.726675e+03 
2668000000 7.728325e+03 
2670000000 7.707900e+03 
2672000000 7.719775e+03 
2.674000e+09 7.714475e+03 
2676000000 7.757125e+03 
2678000000 7.756925e+03 
2680000000 7.790125e+03 
2.682000e+09 7.805550e+03 
2684000000 7.805150e+03 
2686000000 7.799575e+03 
2688000000 7.810325e+03 
2.690000e+09 7.789200e+03 
2692000000 7.824925e+03 
2694000000 7.821575e+03 
2696000000 7.806600e+03 
2698000000 7.799950e+03 
2700000000 7.808250e+03 
2702000000 7.806050e+03 
2704000000 7.805275e+03 
2706000000 7.828450e+03 
2708000000 7.812675e+03 
2710000000 7.802625e+03 
2712000000 7.806775e+03 
2714000000 7.823775e+03 
2716000000 7.814575e+03 
2718000000 7.802175e+03 
2720000000 7.816950e+03 
2722000000 7.807850e+03 
2724000000 7.810400e+03 
2726000000 7.809825e+03 
2728000000 7.822625e+03 
2730000000 7.791575e+03 
2732000000 7.777450e+03 
2734000000 7.769350e+03 
2736000000 7.785450e+03 
2738000000 7.760025e+03 
2740000000 7.756625e+03 
2742000000 7753 
2744000000 7.766425e+03 
2746000000 7.770050e+03 
2748000000 7756 
2750000000 7.783525e+03 
2752000000 7.823075e+03 
2754000000 7.790375e+03 
2756000000 7.799750e+03 
2758000000 7.807300e+03 
2760000000 7.798675e+03 
2762000000 7794 
2764000000 7.786075e+03 
2766000000 7.822625e+03 
2768000000 7.825600e+03 
2770000000 7.813925e+03 
2.772000e+09 7.816350e+03 
2774000000 7.824950e+03 
2.776000e+09 7.841950e+03 
2778000000 7.805250e+03 
2.780000e+09 7.808300e+03 
2782000000 7.799325e+03 
2.784000e+09 7.834250e+03 
2786000000 7.811550e+03 
2.788000e+09 7.803150e+03 
2790000000 7.804550e+03 
2.792000e+09 7.828050e+03 
2794000000 7.797850e+03 
2.796000e+09 7.804975e+03 
2798000000 7.827900e+03 
2.800000e+09 7.827600e+03 
2802000000 7.782575e+03 
2.804000e+09 7.818775e+03 
2806000000 7.797550e+03 
2.808000e+09 7.797450e+03 
2810000000 7.784525e+03 
2.812000e+09 7.771275e+03 
2814000000 7.762400e+03 
2.816000e+09 7.777575e+03 
2818000000 7.806525e+03 
2.820000e+09 7.799375e+03 
2822000000 7.816450e+03 
2.824000e+09 7.821875e+03 
2826000000 7.829575e+03 
2.828000e+09 7.831975e+03 
2830000000 7.819700e+03 
2832000000 7.818450e+03 
2834000000 7.846200e+03 
2.836000e+09 7.821100e+03 
2838000000 7.810475e+03 
2.840000e+09 7.820375e+03 
2842000000 7.837200e+03 
2.844000e+09 7.818275e+03 
2846000000 7.838575e+03 
2848000000 7.788850e+03 
2850000000 7.820825e+03 
2.852000e+09 7.830325e+03 
2854000000 7.836350e+03 
2.856000e+09 7.811425e+03 
2858000000 7.825275e+03 
2.860000e+09 7.796125e+03 
2862000000 7808 
2864000000 7.773200e+03 
2866000000 7.738300e+03 
2.868000e+09 7.722050e+03 
2870000000 7.725075e+03 

END
