IGOR
WAVES/D/O sweep,sig(1) 
BEGIN
2470000000 7.340500e+03 
2472000000 7.365425e+03 
2474000000 7367 
2476000000 7.363450e+03 
2478000000 7.370950e+03 
2480000000 7.370325e+03 
2482000000 7.349825e+03 
2484000000 7.371450e+03 
2486000000 7.335750e+03 
2488000000 7.371800e+03 
2490000000 7.359125e+03 
2492000000 7.378525e+03 
2494000000 7.367625e+03 
2496000000 7.346125e+03 
2498000000 7.368750e+03 
2500000000 7.365300e+03 
2502000000 7.342425e+03 
2504000000 7.344225e+03 
2506000000 7.342850e+03 
2508000000 7.337300e+03 
2510000000 7.346275e+03 
2512000000 7.356600e+03 
2514000000 7.347775e+03 
2516000000 7.356625e+03 
2518000000 7.347100e+03 
2520000000 7.355850e+03 
2.522000e+09 7.358300e+03 
2524000000 7.362925e+03 
2.526000e+09 7.366525e+03 
2528000000 7.364425e+03 
2.530000e+09 7.371875e+03 
2532000000 7.344250e+03 
2.534000e+09 7.353175e+03 
2536000000 7.353700e+03 
2.538000e+09 7.365625e+03 
2540000000 7.354425e+03 
2.542000e+09 7.367225e+03 
2544000000 7.346125e+03 
2.546000e+09 7.359550e+03 
2548000000 7.370025e+03 
2.550000e+09 7.361800e+03 
2552000000 7.368300e+03 
2.554000e+09 7.361750e+03 
2556000000 7.365050e+03 
2.558000e+09 7.396050e+03 
2560000000 7.356400e+03 
2.562000e+09 7.353800e+03 
2564000000 7.375725e+03 
2.566000e+09 7.375150e+03 
2568000000 7.368400e+03 
2.570000e+09 7.380550e+03 
2572000000 7.370525e+03 
2.574000e+09 7.363550e+03 
2576000000 7.378300e+03 
2.578000e+09 7.375775e+03 
2580000000 7.364600e+03 
2.582000e+09 7.365900e+03 
2584000000 7.375950e+03 
2.586000e+09 7367 
2588000000 7.352225e+03 
2.590000e+09 7.363825e+03 
2592000000 7.363650e+03 
2.594000e+09 7.376100e+03 
2596000000 7.348125e+03 
2.598000e+09 7.379100e+03 
2600000000 7.357100e+03 
2.602000e+09 7.371700e+03 
2604000000 7.359750e+03 
2.606000e+09 7.367775e+03 
2608000000 7.380250e+03 
2.610000e+09 7349 
2612000000 7.356950e+03 
2.614000e+09 7.381025e+03 
2616000000 7.369975e+03 
2.618000e+09 7.385275e+03 
2620000000 7.364025e+03 
2.622000e+09 7.369700e+03 
2624000000 7.351425e+03 
2.626000e+09 7.347850e+03 
2628000000 7.331025e+03 
2.630000e+09 7.350925e+03 
2632000000 7.325700e+03 
2.634000e+09 7.333075e+03 
2636000000 7.317900e+03 
2.638000e+09 7.325325e+03 
2640000000 7.327375e+03 
2.642000e+09 7.327075e+03 
2644000000 7.312325e+03 
2646000000 7.343800e+03 
2648000000 7.344550e+03 
2.650000e+09 7.334575e+03 
2652000000 7.359725e+03 
2654000000 7342 
2656000000 7.354850e+03 
2.658000e+09 7.341175e+03 
2660000000 7.368850e+03 
2662000000 7.376600e+03 
2664000000 7.365075e+03 
2.666000e+09 7.371100e+03 
2668000000 7.368400e+03 
2670000000 7.371975e+03 
2672000000 7.359875e+03 
2.674000e+09 7.362875e+03 
2676000000 7.368250e+03 
2678000000 7.351650e+03 
2680000000 7.370175e+03 
2.682000e+09 7.356800e+03 
2684000000 7.368175e+03 
2686000000 7.364900e+03 
2688000000 7.354825e+03 
2.690000e+09 7.378225e+03 
2692000000 7.357600e+03 
2694000000 7.385250e+03 
2696000000 7.354975e+03 
2698000000 7.354875e+03 
2700000000 7.355875e+03 
2702000000 7.387500e+03 
2704000000 7.353600e+03 
2706000000 7.341225e+03 
2708000000 7.354850e+03 
2710000000 7.375775e+03 
2712000000 7.359450e+03 
2714000000 7.351100e+03 
2716000000 7392 
2718000000 7.365625e+03 
2720000000 7.362425e+03 
2722000000 7.352925e+03 
2724000000 7.357375e+03 
2726000000 7.356450e+03 
2728000000 7.366075e+03 
2730000000 7.367850e+03 
2732000000 7.359600e+03 
2734000000 7.326925e+03 
2736000000 7.361575e+03 
2738000000 7.359250e+03 
2740000000 7.344325e+03 
2742000000 7.372725e+03 
2744000000 7.360025e+03 
2746000000 7.334900e+03 
2748000000 7.334925e+03 
2750000000 7.319750e+03 
2752000000 7.343125e+03 
2754000000 7.332100e+03 
2756000000 7.318275e+03 
2758000000 7.364850e+03 
2760000000 7.336475e+03 
2762000000 7.361875e+03 
2764000000 7.342925e+03 
2766000000 7.368050e+03 
2768000000 7.367275e+03 
2770000000 7.343475e+03 
2.772000e+09 7.360550e+03 
2774000000 7.345325e+03 
2.776000e+09 7.364850e+03 
2778000000 7.349525e+03 
2.780000e+09 7.347900e+03 
2782000000 7.322775e+03 
2.784000e+09 7.365875e+03 
2786000000 7.358675e+03 
2.788000e+09 7.323225e+03 
2790000000 7.363375e+03 
2.792000e+09 7.364900e+03 
2794000000 7.360775e+03 
2.796000e+09 7.370100e+03 
2798000000 7.356225e+03 
2.800000e+09 7.360350e+03 
2802000000 7.355900e+03 
2.804000e+09 7.369450e+03 
2806000000 7.365425e+03 
2.808000e+09 7.345900e+03 
2810000000 7.365425e+03 
2.812000e+09 7.383450e+03 
2814000000 7.350400e+03 
2.816000e+09 7.340625e+03 
2818000000 7.343650e+03 
2.820000e+09 7.362975e+03 
2822000000 7.364700e+03 
2.824000e+09 7.361475e+03 
2826000000 7.371500e+03 
2.828000e+09 7.360925e+03 
2830000000 7.356700e+03 
2832000000 7.351850e+03 
2834000000 7.354150e+03 
2.836000e+09 7.363475e+03 
2838000000 7.352650e+03 
2.840000e+09 7.364025e+03 
2842000000 7.375150e+03 
2.844000e+09 7.353425e+03 
2846000000 7.344050e+03 
2848000000 7.372300e+03 
2850000000 7.349225e+03 
2.852000e+09 7.355300e+03 
2854000000 7.345175e+03 
2.856000e+09 7.353600e+03 
2858000000 7.346475e+03 
2.860000e+09 7.355600e+03 
2862000000 7.348675e+03 
2864000000 7.352550e+03 
2866000000 7.362975e+03 
2.868000e+09 7.345700e+03 
2870000000 7.327500e+03 

END
