IGOR
WAVES/D/O sweep,sig(1) 
BEGIN
2570000000 8.354300e+03 
2.572150e+09 8.367300e+03 
2574300000 8.347725e+03 
2576450000 8.383375e+03 
2578600000 8.360625e+03 
2.580750e+09 8.361275e+03 
2582900000 8.374175e+03 
2585050000 8.370400e+03 
2.587200e+09 8.385800e+03 
2589350000 8.347175e+03 
2591500000 8.361800e+03 
2593650000 8.366175e+03 
2.595800e+09 8.353800e+03 
2597950000 8.337275e+03 
2600100000 8.367625e+03 
2.602250e+09 8.341075e+03 
2604400000 8.363625e+03 
2606550000 8.352325e+03 
2608700000 8.374325e+03 
2.610850e+09 8.362550e+03 
2613000000 8.359175e+03 
2615150000 8.388325e+03 
2.617300e+09 8.376275e+03 
2619450000 8.341775e+03 
2621600000 8.378475e+03 
2623750000 8.372650e+03 
2.625900e+09 8.368975e+03 
2628050000 8.352400e+03 
2630200000 8.354425e+03 
2.632350e+09 8.315125e+03 
2634500000 8.353700e+03 
2636650000 8.361700e+03 
2638800000 8.342850e+03 
2.640950e+09 8.336125e+03 
2643100000 8.385225e+03 
2645250000 8.352150e+03 
2.647400e+09 8.366600e+03 
2649550000 8.346350e+03 
2651700000 8.348075e+03 
2653850000 8.344650e+03 
2.656000e+09 8.341975e+03 
2658150000 8.355700e+03 
2660300000 8.369425e+03 
2.662450e+09 8.330475e+03 
2664600000 8.315850e+03 
2666750000 8.313075e+03 
2668900000 8.280050e+03 
2.671050e+09 8.314550e+03 
2673200000 8.285325e+03 
2675350000 8.290200e+03 
2677500000 8.293300e+03 
2679650000 8297 
2681800000 8.314875e+03 
2683950000 8.335100e+03 
2.686100e+09 8.343225e+03 
2688250000 8.358150e+03 
2690400000 8.336925e+03 
2692550000 8.387250e+03 
2694700000 8.367700e+03 
2696850000 8.343475e+03 
2699000000 8.344725e+03 
2.701150e+09 8.342700e+03 
2703300000 8.353975e+03 
2705450000 8.340650e+03 
2707600000 8.351600e+03 
2.709750e+09 8.296675e+03 
2711900000 8.286475e+03 
2714050000 8.228800e+03 
2.716200e+09 8.276125e+03 
2718350000 8.274650e+03 
2720500000 8.268950e+03 
2722650000 8.298500e+03 
2724800000 8.276200e+03 
2726950000 8.309075e+03 
2729100000 8.276700e+03 
2.731250e+09 8.273600e+03 
2733400000 8.258950e+03 
2735550000 8.280450e+03 
2737700000 8.264950e+03 
2.739850e+09 8.272375e+03 
2742000000 8.290025e+03 
2744150000 8.289550e+03 
2.746300e+09 8.318225e+03 
2748450000 8.326950e+03 
2750600000 8.346725e+03 
2752750000 8.372425e+03 
2754900000 8.357400e+03 
2757050000 8.348725e+03 
2759200000 8.337100e+03 
2.761350e+09 8.364875e+03 
2763500000 8.356825e+03 
2765650000 8.318575e+03 
2767800000 8.308475e+03 
2.769950e+09 8.296725e+03 
2772100000 8.296250e+03 
2774250000 8.312525e+03 
2.776400e+09 8.307750e+03 
2778550000 8.290525e+03 
2780700000 8.316975e+03 
2782850000 8.341900e+03 
2785000000 8.353100e+03 
2787150000 8.346150e+03 
2789300000 8.349100e+03 
2791450000 8.338700e+03 
2793600000 8.306500e+03 
2795750000 8.327925e+03 
2797900000 8.329725e+03 
2.800050e+09 8.350100e+03 
2802200000 8.339600e+03 
2804350000 8.336525e+03 
2806500000 8.337875e+03 
2808650000 8.340475e+03 
2810800000 8.321150e+03 
2812950000 8.330625e+03 
2815100000 8.340475e+03 
2817250000 8.332325e+03 
2819400000 8.319525e+03 
2821550000 8.327025e+03 
2823700000 8.329850e+03 
2825850000 8.324550e+03 
2828000000 8.334050e+03 
2.830150e+09 8.339475e+03 
2832300000 8.334325e+03 
2834450000 8.327075e+03 
2836600000 8.328575e+03 
2838750000 8.311325e+03 
2840900000 8.344925e+03 
2843050000 8.342925e+03 
2845200000 8.335625e+03 
2847350000 8.329100e+03 
2849500000 8.330700e+03 
2851650000 8.352575e+03 
2853800000 8.325925e+03 
2855950000 8.345100e+03 
2858100000 8.313650e+03 
2.860250e+09 8.331975e+03 
2862400000 8.314450e+03 
2864550000 8.357400e+03 
2866700000 8.304475e+03 
2868850000 8.333075e+03 
2871000000 8.308275e+03 
2873150000 8.318900e+03 
2875300000 8.354700e+03 
2877450000 8.340825e+03 
2879600000 8.309725e+03 
2881750000 8.325275e+03 
2883900000 8.322450e+03 
2886050000 8.313100e+03 
2888200000 8.340625e+03 
2.890350e+09 8.324450e+03 
2892500000 8.324250e+03 
2894650000 8.325475e+03 
2896800000 8.305675e+03 
2898950000 8.333650e+03 
2901100000 8.303600e+03 
2903250000 8.316700e+03 
2905400000 8.318500e+03 
2907550000 8.320525e+03 
2909700000 8.317550e+03 
2911850000 8.310425e+03 
2914000000 8.321725e+03 
2916150000 8.337200e+03 
2918300000 8.317150e+03 
2920450000 8.317225e+03 
2922600000 8.306550e+03 
2924750000 8.338100e+03 
2926900000 8.300625e+03 
2929050000 8.343750e+03 
2931200000 8.328725e+03 
2933350000 8.315325e+03 
2935500000 8.320250e+03 
2937650000 8.316200e+03 
2939800000 8.320425e+03 
2941950000 8.318900e+03 
2.944100e+09 8.293950e+03 
2946250000 8.316725e+03 
2948400000 8.318375e+03 
2950550000 8.319850e+03 
2952700000 8.299200e+03 
2954850000 8.310425e+03 
2957000000 8.291125e+03 
2959150000 8.297625e+03 
2961300000 8.324750e+03 
2963450000 8.310175e+03 
2965600000 8.332250e+03 
2967750000 8.313825e+03 
2969900000 8.285700e+03 
2972050000 8.309225e+03 
2974200000 8.335200e+03 
2976350000 8.295150e+03 
2978500000 8.317625e+03 
2980650000 8.302750e+03 
2982800000 8.294775e+03 
2984950000 8.327650e+03 
2987100000 8.329525e+03 
2989250000 8.315175e+03 
2991400000 8.306400e+03 
2993550000 8.328175e+03 
2995700000 8.301825e+03 
2997850000 8.296500e+03 
3000000000 8.345475e+03 

END
