IGOR
WAVES/D/O sweep,sig(1) 
BEGIN
2570000000 8.275450e+03 
2.572150e+09 8.249725e+03 
2574300000 8.268350e+03 
2576450000 8.267225e+03 
2578600000 8.273850e+03 
2.580750e+09 8.276425e+03 
2582900000 8.256050e+03 
2585050000 8.255975e+03 
2.587200e+09 8.249400e+03 
2589350000 8.261825e+03 
2591500000 8.285625e+03 
2593650000 8.275150e+03 
2.595800e+09 8.267225e+03 
2597950000 8.254425e+03 
2600100000 8.250175e+03 
2.602250e+09 8.247100e+03 
2604400000 8.262050e+03 
2606550000 8.242975e+03 
2608700000 8.228600e+03 
2.610850e+09 8.233900e+03 
2613000000 8.233150e+03 
2615150000 8.215100e+03 
2.617300e+09 8.225050e+03 
2619450000 8.246150e+03 
2621600000 8.241625e+03 
2623750000 8.241475e+03 
2.625900e+09 8.249350e+03 
2628050000 8.263600e+03 
2630200000 8271 
2.632350e+09 8.276925e+03 
2634500000 8.259900e+03 
2636650000 8.258750e+03 
2638800000 8.285475e+03 
2.640950e+09 8.290325e+03 
2643100000 8.283275e+03 
2645250000 8.275650e+03 
2.647400e+09 8.269925e+03 
2649550000 8.265075e+03 
2651700000 8.264150e+03 
2653850000 8.276425e+03 
2.656000e+09 8.273525e+03 
2658150000 8.244975e+03 
2660300000 8.232325e+03 
2.662450e+09 8.219925e+03 
2664600000 8.239425e+03 
2666750000 8.205100e+03 
2668900000 8.198175e+03 
2.671050e+09 8.216775e+03 
2673200000 8.201175e+03 
2675350000 8.227125e+03 
2677500000 8.225700e+03 
2679650000 8.244550e+03 
2681800000 8.258100e+03 
2683950000 8.242450e+03 
2.686100e+09 8.282175e+03 
2688250000 8.265750e+03 
2690400000 8.258575e+03 
2692550000 8.247025e+03 
2694700000 8.248750e+03 
2696850000 8.214275e+03 
2699000000 8180 
2.701150e+09 8.191175e+03 
2703300000 8.207275e+03 
2705450000 8.212625e+03 
2707600000 8.225350e+03 
2.709750e+09 8.243525e+03 
2711900000 8.249700e+03 
2714050000 8.265125e+03 
2.716200e+09 8.261200e+03 
2718350000 8288 
2720500000 8.311675e+03 
2722650000 8.269975e+03 
2724800000 8.261125e+03 
2726950000 8.277475e+03 
2729100000 8.282575e+03 
2.731250e+09 8.256650e+03 
2733400000 8.273325e+03 
2735550000 8.253325e+03 
2737700000 8.247375e+03 
2.739850e+09 8.248800e+03 
2742000000 8.235125e+03 
2744150000 8.224125e+03 
2.746300e+09 8.257425e+03 
2748450000 8.259225e+03 
2750600000 8.229600e+03 
2752750000 8.235300e+03 
2754900000 8.246175e+03 
2757050000 8.253100e+03 
2759200000 8.248150e+03 
2.761350e+09 8.242925e+03 
2763500000 8.274775e+03 
2765650000 8.283700e+03 
2767800000 8.271900e+03 
2.769950e+09 8.268400e+03 
2772100000 8.268225e+03 
2774250000 8.271275e+03 
2.776400e+09 8.273350e+03 
2778550000 8.280700e+03 
2780700000 8.278525e+03 
2782850000 8.285575e+03 
2785000000 8.271125e+03 
2787150000 8.264950e+03 
2789300000 8.281025e+03 
2791450000 8.283300e+03 
2793600000 8.274575e+03 
2795750000 8.274875e+03 
2797900000 8.270700e+03 
2.800050e+09 8.277900e+03 
2802200000 8.283025e+03 
2804350000 8.268450e+03 
2806500000 8.278750e+03 
2808650000 8.300875e+03 
2810800000 8.285600e+03 
2812950000 8.274675e+03 
2815100000 8.256800e+03 
2817250000 8.280725e+03 
2819400000 8.284300e+03 
2821550000 8.274950e+03 
2823700000 8.250575e+03 
2825850000 8.275475e+03 
2828000000 8.253500e+03 
2.830150e+09 8.260875e+03 
2832300000 8.272150e+03 
2834450000 8.249275e+03 
2836600000 8.297900e+03 
2838750000 8.271550e+03 
2840900000 8.266300e+03 
2843050000 8.275325e+03 
2845200000 8.275175e+03 
2847350000 8.285075e+03 
2849500000 8.256500e+03 
2851650000 8.276900e+03 
2853800000 8.273475e+03 
2855950000 8.271375e+03 
2858100000 8.254725e+03 
2.860250e+09 8.270575e+03 
2862400000 8.289225e+03 
2864550000 8.272175e+03 
2866700000 8.281925e+03 
2868850000 8.297300e+03 
2871000000 8.277400e+03 
2873150000 8.275650e+03 
2875300000 8.290925e+03 
2877450000 8.278550e+03 
2879600000 8.262425e+03 
2881750000 8.278600e+03 
2883900000 8.272200e+03 
2886050000 8.270800e+03 
2888200000 8.273025e+03 
2.890350e+09 8.252575e+03 
2892500000 8.267325e+03 
2894650000 8.288175e+03 
2896800000 8.258050e+03 
2898950000 8.273425e+03 
2901100000 8.251675e+03 
2903250000 8.266925e+03 
2905400000 8.294050e+03 
2907550000 8.273125e+03 
2909700000 8.285300e+03 
2911850000 8.275225e+03 
2914000000 8.253175e+03 
2916150000 8.273975e+03 
2918300000 8.259750e+03 
2920450000 8.280675e+03 
2922600000 8.275050e+03 
2924750000 8.250500e+03 
2926900000 8.256050e+03 
2929050000 8.275575e+03 
2931200000 8.279400e+03 
2933350000 8265 
2935500000 8.286850e+03 
2937650000 8.293500e+03 
2939800000 8.297675e+03 
2941950000 8.236275e+03 
2.944100e+09 8.285700e+03 
2946250000 8.280575e+03 
2948400000 8.275925e+03 
2950550000 8.277325e+03 
2952700000 8.269450e+03 
2954850000 8.258425e+03 
2957000000 8.278350e+03 
2959150000 8.273525e+03 
2961300000 8246 
2963450000 8.270650e+03 
2965600000 8.255725e+03 
2967750000 8.292825e+03 
2969900000 8.283750e+03 
2972050000 8.265925e+03 
2974200000 8.260225e+03 
2976350000 8.271025e+03 
2978500000 8.264325e+03 
2980650000 8.288825e+03 
2982800000 8.273525e+03 
2984950000 8.257975e+03 
2987100000 8.280625e+03 
2989250000 8.285175e+03 
2991400000 8.274250e+03 
2993550000 8.255500e+03 
2995700000 8.270950e+03 
2997850000 8.294300e+03 
3000000000 8.287700e+03 

END
