IGOR
WAVES/D/O sweep,sig(1) 
BEGIN
2570000000 8.105800e+03 
2.572150e+09 8.123825e+03 
2574300000 8.127025e+03 
2576450000 8.143925e+03 
2578600000 8.107575e+03 
2.580750e+09 8.117700e+03 
2582900000 8.114975e+03 
2585050000 8.130700e+03 
2.587200e+09 8.134700e+03 
2589350000 8.138025e+03 
2591500000 8.158350e+03 
2593650000 8.162150e+03 
2.595800e+09 8.145600e+03 
2597950000 8.159250e+03 
2600100000 8.161525e+03 
2.602250e+09 8.148675e+03 
2604400000 8133 
2606550000 8.126875e+03 
2608700000 8.150875e+03 
2.610850e+09 8.138050e+03 
2613000000 8.158300e+03 
2615150000 8.145200e+03 
2.617300e+09 8.127900e+03 
2619450000 8.103200e+03 
2621600000 8.104125e+03 
2623750000 8.098100e+03 
2.625900e+09 8.064775e+03 
2628050000 8.051025e+03 
2630200000 8.073325e+03 
2.632350e+09 8.117575e+03 
2634500000 8.122800e+03 
2636650000 8.109400e+03 
2638800000 8.156600e+03 
2.640950e+09 8.139875e+03 
2643100000 8.139625e+03 
2645250000 8.128025e+03 
2.647400e+09 8.118625e+03 
2649550000 8.133950e+03 
2651700000 8.146300e+03 
2653850000 8.146650e+03 
2.656000e+09 8.145575e+03 
2658150000 8.165650e+03 
2660300000 8.145900e+03 
2.662450e+09 8.154825e+03 
2664600000 8.138100e+03 
2666750000 8.159900e+03 
2668900000 8.130125e+03 
2.671050e+09 8.130300e+03 
2673200000 8.133525e+03 
2675350000 8.131625e+03 
2677500000 8.152775e+03 
2679650000 8.134675e+03 
2681800000 8.081175e+03 
2683950000 8.079700e+03 
2.686100e+09 8.117475e+03 
2688250000 8.112150e+03 
2690400000 8.118600e+03 
2692550000 8.160500e+03 
2694700000 8.123225e+03 
2696850000 8.147350e+03 
2699000000 8.127575e+03 
2.701150e+09 8.128525e+03 
2703300000 8.153900e+03 
2705450000 8.166850e+03 
2707600000 8.166550e+03 
2.709750e+09 8.131750e+03 
2711900000 8.142325e+03 
2714050000 8.150775e+03 
2.716200e+09 8.150150e+03 
2718350000 8.132750e+03 
2720500000 8.119125e+03 
2722650000 8.157350e+03 
2724800000 8.116675e+03 
2726950000 8.127050e+03 
2729100000 8.133825e+03 
2.731250e+09 8.131800e+03 
2733400000 8.102800e+03 
2735550000 8.111600e+03 
2737700000 8.123350e+03 
2.739850e+09 8.114325e+03 
2742000000 8.125525e+03 
2744150000 8.116325e+03 
2.746300e+09 8.133300e+03 
2748450000 8.157975e+03 
2750600000 8.148100e+03 
2752750000 8.162550e+03 
2754900000 8.158750e+03 
2757050000 8.166900e+03 
2759200000 8.146075e+03 
2.761350e+09 8.156675e+03 
2763500000 8.147575e+03 
2765650000 8.155975e+03 
2767800000 8.143450e+03 
2.769950e+09 8.149400e+03 
2772100000 8.155300e+03 
2774250000 8.167975e+03 
2.776400e+09 8.154450e+03 
2778550000 8.161475e+03 
2780700000 8.136750e+03 
2782850000 8.144375e+03 
2785000000 8.149200e+03 
2787150000 8.136525e+03 
2789300000 8.161575e+03 
2791450000 8.135425e+03 
2793600000 8.118400e+03 
2795750000 8.133825e+03 
2797900000 8.132625e+03 
2.800050e+09 8.123150e+03 
2802200000 8.143325e+03 
2804350000 8.119325e+03 
2806500000 8.137550e+03 
2808650000 8139 
2810800000 8.143300e+03 
2812950000 8.129450e+03 
2815100000 8.142075e+03 
2817250000 8.115850e+03 
2819400000 8.141950e+03 
2821550000 8.119775e+03 
2823700000 8.152375e+03 
2825850000 8.131350e+03 
2828000000 8143 
2.830150e+09 8.120025e+03 
2832300000 8.136650e+03 
2834450000 8.147100e+03 
2836600000 8.127075e+03 
2838750000 8.119075e+03 
2840900000 8.121250e+03 
2843050000 8.129275e+03 
2845200000 8.127700e+03 
2847350000 8.131100e+03 
2849500000 8.133800e+03 
2851650000 8.133550e+03 
2853800000 8.128975e+03 
2855950000 8.100850e+03 
2858100000 8.108675e+03 
2.860250e+09 8.124650e+03 
2862400000 8.116075e+03 
2864550000 8.148200e+03 
2866700000 8.108900e+03 
2868850000 8.133450e+03 
2871000000 8.112400e+03 
2873150000 8.140575e+03 
2875300000 8.102600e+03 
2877450000 8.134900e+03 
2879600000 8.092925e+03 
2881750000 8.118550e+03 
2883900000 8.123900e+03 
2886050000 8.109425e+03 
2888200000 8.112900e+03 
2.890350e+09 8.132575e+03 
2892500000 8.088050e+03 
2894650000 8.114575e+03 
2896800000 8.141775e+03 
2898950000 8.124350e+03 
2901100000 8.083725e+03 
2903250000 8.118600e+03 
2905400000 8.107300e+03 
2907550000 8.128425e+03 
2909700000 8.106875e+03 
2911850000 8.136050e+03 
2914000000 8.104900e+03 
2916150000 8.098025e+03 
2918300000 8.102425e+03 
2920450000 8.130450e+03 
2922600000 8.094975e+03 
2924750000 8.120025e+03 
2926900000 8.107400e+03 
2929050000 8.122300e+03 
2931200000 8.104400e+03 
2933350000 8.089325e+03 
2935500000 8.106375e+03 
2937650000 8.140525e+03 
2939800000 8.104400e+03 
2941950000 8121 
2.944100e+09 8.132150e+03 
2946250000 8.105750e+03 
2948400000 8.100050e+03 
2950550000 8.093675e+03 
2952700000 8.109500e+03 
2954850000 8.101650e+03 
2957000000 8.127175e+03 
2959150000 8.101850e+03 
2961300000 8.111775e+03 
2963450000 8.108175e+03 
2965600000 8.136200e+03 
2967750000 8.108450e+03 
2969900000 8.097050e+03 
2972050000 8.115125e+03 
2974200000 8117 
2976350000 8.137675e+03 
2978500000 8.115800e+03 
2980650000 8.114150e+03 
2982800000 8.115225e+03 
2984950000 8100 
2987100000 8.115075e+03 
2989250000 8.110975e+03 
2991400000 8.109325e+03 
2993550000 8.136525e+03 
2995700000 8.117050e+03 
2997850000 8.121675e+03 
3000000000 8.101575e+03 

END
