IGOR
WAVES/D/O sweep,sig(1) 
BEGIN
2570000000 8.107400e+03 
2.572150e+09 8.139275e+03 
2574300000 8.142725e+03 
2576450000 8.131425e+03 
2578600000 8.118375e+03 
2.580750e+09 8.141900e+03 
2582900000 8.127875e+03 
2585050000 8.121025e+03 
2.587200e+09 8136 
2589350000 8.099950e+03 
2591500000 8.127400e+03 
2593650000 8.104900e+03 
2.595800e+09 8.096400e+03 
2597950000 8.118425e+03 
2600100000 8.144525e+03 
2.602250e+09 8.130450e+03 
2604400000 8.139625e+03 
2606550000 8.128575e+03 
2608700000 8.140050e+03 
2.610850e+09 8.112700e+03 
2613000000 8.094875e+03 
2615150000 8.101250e+03 
2.617300e+09 8.097350e+03 
2619450000 8.097050e+03 
2621600000 8.092750e+03 
2623750000 8.083650e+03 
2.625900e+09 8.104700e+03 
2628050000 8.109875e+03 
2630200000 8.101475e+03 
2.632350e+09 8.139325e+03 
2634500000 8.133450e+03 
2636650000 8.137725e+03 
2638800000 8128 
2.640950e+09 8.162750e+03 
2643100000 8.159350e+03 
2645250000 8.145075e+03 
2.647400e+09 8.158325e+03 
2649550000 8.117550e+03 
2651700000 8.119400e+03 
2653850000 8.133875e+03 
2.656000e+09 8.130375e+03 
2658150000 8.092325e+03 
2660300000 8.117325e+03 
2.662450e+09 8.115375e+03 
2664600000 8.067700e+03 
2666750000 8.041275e+03 
2668900000 8.069775e+03 
2.671050e+09 8.082350e+03 
2673200000 8.052025e+03 
2675350000 8.076975e+03 
2677500000 8.094200e+03 
2679650000 8.109675e+03 
2681800000 8.104775e+03 
2683950000 8.114325e+03 
2.686100e+09 8.115400e+03 
2688250000 8.124425e+03 
2690400000 8.113850e+03 
2692550000 8.105750e+03 
2694700000 8.095925e+03 
2696850000 8.096075e+03 
2699000000 8.058250e+03 
2.701150e+09 8.058950e+03 
2703300000 8.060825e+03 
2705450000 8070 
2707600000 8.064725e+03 
2.709750e+09 8.094900e+03 
2711900000 8.079025e+03 
2714050000 8.138925e+03 
2.716200e+09 8.127200e+03 
2718350000 8.127025e+03 
2720500000 8.144250e+03 
2722650000 8.138550e+03 
2724800000 8.137950e+03 
2726950000 8.122825e+03 
2729100000 8.134475e+03 
2.731250e+09 8.134800e+03 
2733400000 8114 
2735550000 8.113650e+03 
2737700000 8.102500e+03 
2.739850e+09 8.120875e+03 
2742000000 8.113675e+03 
2744150000 8.118025e+03 
2.746300e+09 8.089075e+03 
2748450000 8.108450e+03 
2750600000 8.103400e+03 
2752750000 8.076975e+03 
2754900000 8.117475e+03 
2757050000 8.118650e+03 
2759200000 8.102275e+03 
2.761350e+09 8.128750e+03 
2763500000 8.133250e+03 
2765650000 8.157575e+03 
2767800000 8.124025e+03 
2.769950e+09 8.130600e+03 
2772100000 8.154825e+03 
2774250000 8.140700e+03 
2.776400e+09 8.128125e+03 
2778550000 8.124650e+03 
2780700000 8.135625e+03 
2782850000 8.150525e+03 
2785000000 8.163975e+03 
2787150000 8.129075e+03 
2789300000 8.163900e+03 
2791450000 8.131675e+03 
2793600000 8.154650e+03 
2795750000 8.108225e+03 
2797900000 8.134275e+03 
2.800050e+09 8.126725e+03 
2802200000 8.123775e+03 
2804350000 8.117100e+03 
2806500000 8.139275e+03 
2808650000 8.137575e+03 
2810800000 8.134825e+03 
2812950000 8.132225e+03 
2815100000 8.137100e+03 
2817250000 8.112300e+03 
2819400000 8119 
2821550000 8.145200e+03 
2823700000 8.129650e+03 
2825850000 8.131225e+03 
2828000000 8.118900e+03 
2.830150e+09 8.125975e+03 
2832300000 8.111100e+03 
2834450000 8.140775e+03 
2836600000 8.138925e+03 
2838750000 8.150725e+03 
2840900000 8.142225e+03 
2843050000 8.114200e+03 
2845200000 8147 
2847350000 8.162875e+03 
2849500000 8.122900e+03 
2851650000 8.161275e+03 
2853800000 8.104200e+03 
2855950000 8.135225e+03 
2858100000 8.119900e+03 
2.860250e+09 8.104650e+03 
2862400000 8.142900e+03 
2864550000 8.141500e+03 
2866700000 8.124950e+03 
2868850000 8.125500e+03 
2871000000 8.149775e+03 
2873150000 8.132325e+03 
2875300000 8.122325e+03 
2877450000 8.111850e+03 
2879600000 8.147075e+03 
2881750000 8.165500e+03 
2883900000 8.136975e+03 
2886050000 8.140725e+03 
2888200000 8.127200e+03 
2.890350e+09 8.138625e+03 
2892500000 8.139175e+03 
2894650000 8.110175e+03 
2896800000 8.129025e+03 
2898950000 8.142400e+03 
2901100000 8.126475e+03 
2903250000 8.096750e+03 
2905400000 8.136125e+03 
2907550000 8.103550e+03 
2909700000 8.141525e+03 
2911850000 8.123450e+03 
2914000000 8.137225e+03 
2916150000 8.113850e+03 
2918300000 8.120250e+03 
2920450000 8.106350e+03 
2922600000 8.131375e+03 
2924750000 8.116525e+03 
2926900000 8.123350e+03 
2929050000 8.122150e+03 
2931200000 8.123900e+03 
2933350000 8.144075e+03 
2935500000 8.139650e+03 
2937650000 8.085450e+03 
2939800000 8.104450e+03 
2941950000 8.123850e+03 
2.944100e+09 8.132775e+03 
2946250000 8.109900e+03 
2948400000 8.104150e+03 
2950550000 8.127700e+03 
2952700000 8.114900e+03 
2954850000 8.090725e+03 
2957000000 8.105750e+03 
2959150000 8.098325e+03 
2961300000 8.116525e+03 
2963450000 8.124875e+03 
2965600000 8.107525e+03 
2967750000 8.107750e+03 
2969900000 8.127750e+03 
2972050000 8.129775e+03 
2974200000 8.117450e+03 
2976350000 8.096550e+03 
2978500000 8.124625e+03 
2980650000 8.130050e+03 
2982800000 8.092275e+03 
2984950000 8.103525e+03 
2987100000 8.119825e+03 
2989250000 8.118050e+03 
2991400000 8.109575e+03 
2993550000 8.127775e+03 
2995700000 8.110975e+03 
2997850000 8.113825e+03 
3000000000 8.126450e+03 

END
