IGOR
WAVES/D/O sweep,sig(1) 
BEGIN
2570000000 8.216525e+03 
2.572150e+09 8.240700e+03 
2574300000 8.227700e+03 
2576450000 8.234350e+03 
2578600000 8.239375e+03 
2.580750e+09 8.216650e+03 
2582900000 8.242750e+03 
2585050000 8.237150e+03 
2.587200e+09 8.198375e+03 
2589350000 8.219800e+03 
2591500000 8.228650e+03 
2593650000 8.228950e+03 
2.595800e+09 8.231850e+03 
2597950000 8.222750e+03 
2600100000 8.215275e+03 
2.602250e+09 8.214525e+03 
2604400000 8.224125e+03 
2606550000 8.201650e+03 
2608700000 8.212175e+03 
2.610850e+09 8.236200e+03 
2613000000 8.235050e+03 
2615150000 8.221900e+03 
2.617300e+09 8.212950e+03 
2619450000 8.203650e+03 
2621600000 8.223125e+03 
2623750000 8.206750e+03 
2.625900e+09 8.202300e+03 
2628050000 8.216175e+03 
2630200000 8.236725e+03 
2.632350e+09 8.223225e+03 
2634500000 8.217325e+03 
2636650000 8.215625e+03 
2638800000 8.207400e+03 
2.640950e+09 8.215750e+03 
2643100000 8238 
2645250000 8200 
2.647400e+09 8.237125e+03 
2649550000 8.206200e+03 
2651700000 8.226650e+03 
2653850000 8.224800e+03 
2.656000e+09 8.220750e+03 
2658150000 8.224400e+03 
2660300000 8.216150e+03 
2.662450e+09 8.199475e+03 
2664600000 8.203025e+03 
2666750000 8.219750e+03 
2668900000 8.178350e+03 
2.671050e+09 8.174275e+03 
2673200000 8.157250e+03 
2675350000 8.174075e+03 
2677500000 8.160300e+03 
2679650000 8.179825e+03 
2681800000 8.184600e+03 
2683950000 8.211700e+03 
2.686100e+09 8.235400e+03 
2688250000 8.225100e+03 
2690400000 8.253800e+03 
2692550000 8.233675e+03 
2694700000 8.216600e+03 
2696850000 8.218500e+03 
2699000000 8.252225e+03 
2.701150e+09 8.221250e+03 
2703300000 8.194200e+03 
2705450000 8.213725e+03 
2707600000 8.203125e+03 
2.709750e+09 8.201900e+03 
2711900000 8.159400e+03 
2714050000 8.130775e+03 
2.716200e+09 8.129775e+03 
2718350000 8.124750e+03 
2720500000 8.137675e+03 
2722650000 8.166075e+03 
2724800000 8.157400e+03 
2726950000 8.156275e+03 
2729100000 8.167500e+03 
2.731250e+09 8.138275e+03 
2733400000 8.132325e+03 
2735550000 8.125100e+03 
2737700000 8.161450e+03 
2.739850e+09 8.160275e+03 
2742000000 8.167425e+03 
2744150000 8.177725e+03 
2.746300e+09 8.183850e+03 
2748450000 8.204275e+03 
2750600000 8.228750e+03 
2752750000 8.210675e+03 
2754900000 8.215925e+03 
2757050000 8.218650e+03 
2759200000 8.215800e+03 
2.761350e+09 8.232300e+03 
2763500000 8.227125e+03 
2765650000 8.202950e+03 
2767800000 8.215575e+03 
2.769950e+09 8.200200e+03 
2772100000 8.186225e+03 
2774250000 8172 
2.776400e+09 8.192525e+03 
2778550000 8.172975e+03 
2780700000 8.187050e+03 
2782850000 8.188800e+03 
2785000000 8.199450e+03 
2787150000 8.230225e+03 
2789300000 8206 
2791450000 8.198350e+03 
2793600000 8.208900e+03 
2795750000 8.211225e+03 
2797900000 8.221700e+03 
2.800050e+09 8.225100e+03 
2802200000 8.241700e+03 
2804350000 8.210700e+03 
2806500000 8.197350e+03 
2808650000 8.221775e+03 
2810800000 8203 
2812950000 8.216775e+03 
2815100000 8.227250e+03 
2817250000 8.220750e+03 
2819400000 8.215475e+03 
2821550000 8.210600e+03 
2823700000 8.219575e+03 
2825850000 8.214425e+03 
2828000000 8.219975e+03 
2.830150e+09 8.208750e+03 
2832300000 8.219950e+03 
2834450000 8.208950e+03 
2836600000 8.234250e+03 
2838750000 8.214325e+03 
2840900000 8.195925e+03 
2843050000 8.220500e+03 
2845200000 8.236125e+03 
2847350000 8.230125e+03 
2849500000 8.203525e+03 
2851650000 8.216625e+03 
2853800000 8.199425e+03 
2855950000 8.211225e+03 
2858100000 8.210875e+03 
2.860250e+09 8.210125e+03 
2862400000 8.231025e+03 
2864550000 8.223650e+03 
2866700000 8.235500e+03 
2868850000 8.216075e+03 
2871000000 8.236775e+03 
2873150000 8.217750e+03 
2875300000 8.225325e+03 
2877450000 8.223475e+03 
2879600000 8.226475e+03 
2881750000 8.224650e+03 
2883900000 8.220250e+03 
2886050000 8.222700e+03 
2888200000 8.237750e+03 
2.890350e+09 8.236450e+03 
2892500000 8.223775e+03 
2894650000 8.241600e+03 
2896800000 8.218375e+03 
2898950000 8.229475e+03 
2901100000 8.237800e+03 
2903250000 8.225275e+03 
2905400000 8.243475e+03 
2907550000 8.235150e+03 
2909700000 8.229175e+03 
2911850000 8.222300e+03 
2914000000 8.216525e+03 
2916150000 8.202825e+03 
2918300000 8.220725e+03 
2920450000 8.214850e+03 
2922600000 8.204725e+03 
2924750000 8.239625e+03 
2926900000 8.226600e+03 
2929050000 8.215125e+03 
2931200000 8.226800e+03 
2933350000 8.229250e+03 
2935500000 8.236650e+03 
2937650000 8.218925e+03 
2939800000 8.229700e+03 
2941950000 8.232375e+03 
2.944100e+09 8.212475e+03 
2946250000 8.228375e+03 
2948400000 8.209650e+03 
2950550000 8.237250e+03 
2952700000 8.208725e+03 
2954850000 8.203900e+03 
2957000000 8.202550e+03 
2959150000 8.224300e+03 
2961300000 8.237975e+03 
2963450000 8.232225e+03 
2965600000 8.228250e+03 
2967750000 8.234250e+03 
2969900000 8.236900e+03 
2972050000 8.226900e+03 
2974200000 8.239400e+03 
2976350000 8.239325e+03 
2978500000 8.225725e+03 
2980650000 8.218025e+03 
2982800000 8.225775e+03 
2984950000 8.233725e+03 
2987100000 8.212175e+03 
2989250000 8.236800e+03 
2991400000 8.224875e+03 
2993550000 8.200200e+03 
2995700000 8.240250e+03 
2997850000 8.233900e+03 
3000000000 8.247300e+03 

END
