IGOR
WAVES/D/O sweep,sig(1) 
BEGIN
2470000000 7.242875e+03 
2472000000 7239 
2474000000 7.262150e+03 
2476000000 7.239100e+03 
2478000000 7.241650e+03 
2480000000 7.240950e+03 
2482000000 7.244425e+03 
2484000000 7.243650e+03 
2486000000 7.240425e+03 
2488000000 7.231625e+03 
2490000000 7265 
2492000000 7.240925e+03 
2494000000 7.239100e+03 
2496000000 7.236575e+03 
2498000000 7.255650e+03 
2500000000 7.253275e+03 
2502000000 7.262625e+03 
2504000000 7.224225e+03 
2506000000 7.234700e+03 
2508000000 7.246175e+03 
2510000000 7.246975e+03 
2512000000 7.267125e+03 
2514000000 7.254875e+03 
2516000000 7.263750e+03 
2518000000 7.259200e+03 
2520000000 7.246600e+03 
2.522000e+09 7.247250e+03 
2524000000 7.248900e+03 
2.526000e+09 7.222800e+03 
2528000000 7.238450e+03 
2.530000e+09 7.207075e+03 
2532000000 7.229325e+03 
2.534000e+09 7222 
2536000000 7.253250e+03 
2.538000e+09 7.194500e+03 
2540000000 7.192050e+03 
2.542000e+09 7.206175e+03 
2544000000 7.237850e+03 
2.546000e+09 7.238050e+03 
2548000000 7.224050e+03 
2.550000e+09 7.239400e+03 
2552000000 7.239550e+03 
2.554000e+09 7.251275e+03 
2556000000 7.254400e+03 
2.558000e+09 7.220225e+03 
2560000000 7.243925e+03 
2.562000e+09 7.242025e+03 
2564000000 7.235500e+03 
2.566000e+09 7.279500e+03 
2568000000 7.252300e+03 
2.570000e+09 7.248500e+03 
2572000000 7.246475e+03 
2.574000e+09 7.272125e+03 
2576000000 7.264825e+03 
2.578000e+09 7.238675e+03 
2580000000 7.268400e+03 
2.582000e+09 7.250125e+03 
2584000000 7.255400e+03 
2.586000e+09 7.260675e+03 
2588000000 7.244425e+03 
2.590000e+09 7.262925e+03 
2592000000 7.282325e+03 
2.594000e+09 7.264525e+03 
2596000000 7.260475e+03 
2.598000e+09 7.262250e+03 
2600000000 7.256150e+03 
2.602000e+09 7.240775e+03 
2604000000 7.264900e+03 
2.606000e+09 7.250275e+03 
2608000000 7.230250e+03 
2.610000e+09 7.247500e+03 
2612000000 7.236875e+03 
2.614000e+09 7.238500e+03 
2616000000 7.256125e+03 
2.618000e+09 7.254875e+03 
2620000000 7.266250e+03 
2.622000e+09 7.257375e+03 
2624000000 7.264300e+03 
2.626000e+09 7.224225e+03 
2628000000 7.231050e+03 
2.630000e+09 7.219825e+03 
2632000000 7.234075e+03 
2.634000e+09 7.213450e+03 
2636000000 7.226650e+03 
2.638000e+09 7.208775e+03 
2640000000 7.214675e+03 
2.642000e+09 7250 
2644000000 7.250425e+03 
2646000000 7.255600e+03 
2648000000 7.252400e+03 
2.650000e+09 7.241725e+03 
2652000000 7.262925e+03 
2654000000 7.256975e+03 
2656000000 7.239475e+03 
2.658000e+09 7.250700e+03 
2660000000 7.241450e+03 
2662000000 7245 
2664000000 7.252550e+03 
2.666000e+09 7.258375e+03 
2668000000 7.253700e+03 
2670000000 7.253425e+03 
2672000000 7.266425e+03 
2.674000e+09 7.211350e+03 
2676000000 7.223425e+03 
2678000000 7.214950e+03 
2680000000 7.219750e+03 
2.682000e+09 7.241625e+03 
2684000000 7.200400e+03 
2686000000 7.223650e+03 
2688000000 7.227125e+03 
2.690000e+09 7.226850e+03 
2692000000 7.222150e+03 
2694000000 7.239850e+03 
2696000000 7.266725e+03 
2698000000 7.253250e+03 
2700000000 7.259175e+03 
2702000000 7.271825e+03 
2704000000 7.282600e+03 
2706000000 7.287375e+03 
2708000000 7.286075e+03 
2710000000 7.255875e+03 
2712000000 7.291800e+03 
2714000000 7.274900e+03 
2716000000 7.257550e+03 
2718000000 7.270300e+03 
2720000000 7.254525e+03 
2722000000 7.277425e+03 
2724000000 7.271100e+03 
2726000000 7.273600e+03 
2728000000 7.271350e+03 
2730000000 7.269750e+03 
2732000000 7.265800e+03 
2734000000 7.283150e+03 
2736000000 7.253175e+03 
2738000000 7.273350e+03 
2740000000 7.272700e+03 
2742000000 7.247900e+03 
2744000000 7.284775e+03 
2746000000 7.269525e+03 
2748000000 7.247425e+03 
2750000000 7.266925e+03 
2752000000 7.271525e+03 
2754000000 7.257925e+03 
2756000000 7.237925e+03 
2758000000 7.230250e+03 
2760000000 7.252400e+03 
2762000000 7.221900e+03 
2764000000 7.228650e+03 
2766000000 7.246825e+03 
2768000000 7.227350e+03 
2770000000 7.232025e+03 
2.772000e+09 7.207125e+03 
2774000000 7.234225e+03 
2.776000e+09 7.226525e+03 
2778000000 7.236600e+03 
2.780000e+09 7.236975e+03 
2782000000 7244 
2.784000e+09 7.252050e+03 
2786000000 7.238750e+03 
2.788000e+09 7.236200e+03 
2790000000 7.254775e+03 
2.792000e+09 7.261175e+03 
2794000000 7.268625e+03 
2.796000e+09 7.235800e+03 
2798000000 7.256925e+03 
2.800000e+09 7230 
2802000000 7.261250e+03 
2.804000e+09 7.246575e+03 
2806000000 7248 
2.808000e+09 7.232675e+03 
2810000000 7.246950e+03 
2.812000e+09 7.249400e+03 
2814000000 7.243350e+03 
2.816000e+09 7.255300e+03 
2818000000 7.225900e+03 
2.820000e+09 7.237850e+03 
2822000000 7.230725e+03 
2.824000e+09 7241 
2826000000 7.256025e+03 
2.828000e+09 7.230700e+03 
2830000000 7.249175e+03 
2832000000 7.251800e+03 
2834000000 7.231900e+03 
2.836000e+09 7.227475e+03 
2838000000 7243 
2.840000e+09 7.253750e+03 
2842000000 7.236900e+03 
2.844000e+09 7.237775e+03 
2846000000 7.234700e+03 
2848000000 7.237650e+03 
2850000000 7.229300e+03 
2.852000e+09 7.247050e+03 
2854000000 7.242500e+03 
2.856000e+09 7.238200e+03 
2858000000 7.227875e+03 
2.860000e+09 7.254425e+03 
2862000000 7.244225e+03 
2864000000 7.245250e+03 
2866000000 7.251900e+03 
2.868000e+09 7.252225e+03 
2870000000 7.220200e+03 

END
