IGOR
WAVES/D/O sweep,sig(1) 
BEGIN
2470000000 7.718625e+03 
2472000000 7.720975e+03 
2474000000 7.709575e+03 
2476000000 7.698075e+03 
2478000000 7.717125e+03 
2480000000 7.691275e+03 
2482000000 7.710800e+03 
2484000000 7.692225e+03 
2486000000 7.704175e+03 
2488000000 7.710225e+03 
2490000000 7.709350e+03 
2492000000 7.700125e+03 
2494000000 7710 
2496000000 7.700875e+03 
2498000000 7.718675e+03 
2500000000 7.701200e+03 
2502000000 7.720250e+03 
2504000000 7.711925e+03 
2506000000 7.715350e+03 
2508000000 7.717450e+03 
2510000000 7.737575e+03 
2512000000 7.692100e+03 
2514000000 7.712600e+03 
2516000000 7.704825e+03 
2518000000 7.732600e+03 
2520000000 7.693475e+03 
2.522000e+09 7.728075e+03 
2524000000 7.713375e+03 
2.526000e+09 7.711750e+03 
2528000000 7.684675e+03 
2.530000e+09 7.723050e+03 
2532000000 7.716675e+03 
2.534000e+09 7.700950e+03 
2536000000 7.699075e+03 
2.538000e+09 7.720850e+03 
2540000000 7.697175e+03 
2.542000e+09 7.704225e+03 
2544000000 7.709200e+03 
2.546000e+09 7.689800e+03 
2548000000 7.716800e+03 
2.550000e+09 7.706825e+03 
2552000000 7.679075e+03 
2.554000e+09 7.691575e+03 
2556000000 7.691525e+03 
2.558000e+09 7.681975e+03 
2560000000 7.675275e+03 
2.562000e+09 7.684300e+03 
2564000000 7.702475e+03 
2.566000e+09 7.694075e+03 
2568000000 7.734275e+03 
2.570000e+09 7.705875e+03 
2572000000 7.721275e+03 
2.574000e+09 7.725300e+03 
2576000000 7720 
2.578000e+09 7.679950e+03 
2580000000 7.695750e+03 
2.582000e+09 7.683475e+03 
2584000000 7.723375e+03 
2.586000e+09 7.706975e+03 
2588000000 7.709875e+03 
2.590000e+09 7.702175e+03 
2592000000 7.717025e+03 
2.594000e+09 7.710600e+03 
2596000000 7.699350e+03 
2.598000e+09 7.688725e+03 
2600000000 7.710150e+03 
2.602000e+09 7.716100e+03 
2604000000 7.730050e+03 
2.606000e+09 7.717400e+03 
2608000000 7.715250e+03 
2.610000e+09 7.690750e+03 
2612000000 7.692500e+03 
2.614000e+09 7.673450e+03 
2616000000 7.676350e+03 
2.618000e+09 7.697225e+03 
2620000000 7.712475e+03 
2.622000e+09 7.696850e+03 
2624000000 7.702850e+03 
2.626000e+09 7.699300e+03 
2628000000 7.687175e+03 
2.630000e+09 7.681700e+03 
2632000000 7.696050e+03 
2.634000e+09 7.702750e+03 
2636000000 7.712200e+03 
2.638000e+09 7.690025e+03 
2640000000 7.687425e+03 
2.642000e+09 7.725875e+03 
2644000000 7701 
2646000000 7.702975e+03 
2648000000 7.716300e+03 
2.650000e+09 7.692425e+03 
2652000000 7.713950e+03 
2654000000 7.712475e+03 
2656000000 7.700525e+03 
2.658000e+09 7.710800e+03 
2660000000 7.701525e+03 
2662000000 7.714600e+03 
2664000000 7.721850e+03 
2.666000e+09 7.728350e+03 
2668000000 7.704625e+03 
2670000000 7.703900e+03 
2672000000 7.705775e+03 
2.674000e+09 7.720275e+03 
2676000000 7.697100e+03 
2678000000 7.709875e+03 
2680000000 7.713500e+03 
2.682000e+09 7.685875e+03 
2684000000 7.708775e+03 
2686000000 7.711625e+03 
2688000000 7.714500e+03 
2.690000e+09 7.733425e+03 
2692000000 7.715450e+03 
2694000000 7.719725e+03 
2696000000 7.711825e+03 
2698000000 7.711800e+03 
2700000000 7.702725e+03 
2702000000 7.719225e+03 
2704000000 7.722575e+03 
2706000000 7.719400e+03 
2708000000 7.706900e+03 
2710000000 7.710425e+03 
2712000000 7.647250e+03 
2714000000 7.655650e+03 
2716000000 7.652875e+03 
2718000000 7.640500e+03 
2720000000 7.655400e+03 
2722000000 7.636025e+03 
2724000000 7.651750e+03 
2726000000 7.663150e+03 
2728000000 7.720050e+03 
2730000000 7.687625e+03 
2732000000 7.711925e+03 
2734000000 7.706975e+03 
2736000000 7.737325e+03 
2738000000 7.715575e+03 
2740000000 7.711800e+03 
2742000000 7.724475e+03 
2744000000 7.728100e+03 
2746000000 7.709950e+03 
2748000000 7.730325e+03 
2750000000 7.737200e+03 
2752000000 7.721700e+03 
2754000000 7.709700e+03 
2756000000 7.738525e+03 
2758000000 7.725575e+03 
2760000000 7.726150e+03 
2762000000 7.693850e+03 
2764000000 7.734475e+03 
2766000000 7.728550e+03 
2768000000 7.722725e+03 
2770000000 7.748225e+03 
2.772000e+09 7.740950e+03 
2774000000 7.712300e+03 
2.776000e+09 7.725125e+03 
2778000000 7.726775e+03 
2.780000e+09 7.715375e+03 
2782000000 7.731200e+03 
2.784000e+09 7.728750e+03 
2786000000 7.728275e+03 
2.788000e+09 7.725475e+03 
2790000000 7.694200e+03 
2.792000e+09 7.708975e+03 
2794000000 7719 
2.796000e+09 7.720725e+03 
2798000000 7.719150e+03 
2.800000e+09 7.712825e+03 
2802000000 7.680400e+03 
2.804000e+09 7.690450e+03 
2806000000 7.669825e+03 
2.808000e+09 7.655475e+03 
2810000000 7.696625e+03 
2.812000e+09 7.662550e+03 
2814000000 7.694650e+03 
2.816000e+09 7.691925e+03 
2818000000 7.740025e+03 
2.820000e+09 7.735175e+03 
2822000000 7.724150e+03 
2.824000e+09 7.735100e+03 
2826000000 7.714500e+03 
2.828000e+09 7.733800e+03 
2830000000 7.735450e+03 
2832000000 7.717675e+03 
2834000000 7.674975e+03 
2.836000e+09 7.654475e+03 
2838000000 7.607525e+03 
2.840000e+09 7.607475e+03 
2842000000 7.607050e+03 
2.844000e+09 7.607925e+03 
2846000000 7.641825e+03 
2848000000 7.674850e+03 
2850000000 7.686300e+03 
2.852000e+09 7.725225e+03 
2854000000 7.735500e+03 
2.856000e+09 7.730825e+03 
2858000000 7.725525e+03 
2.860000e+09 7.749500e+03 
2862000000 7.759050e+03 
2864000000 7.739075e+03 
2866000000 7.741275e+03 
2.868000e+09 7.741650e+03 
2870000000 7.726550e+03 

END
