IGOR
WAVES/D/O sweep,sig(1) 
BEGIN
2470000000 7.446875e+03 
2472000000 7.446325e+03 
2474000000 7423 
2476000000 7.448875e+03 
2478000000 7.463125e+03 
2480000000 7.448150e+03 
2482000000 7.456700e+03 
2484000000 7.447925e+03 
2486000000 7434 
2488000000 7.406625e+03 
2490000000 7.410400e+03 
2492000000 7.426150e+03 
2494000000 7.432800e+03 
2496000000 7.434425e+03 
2498000000 7.423075e+03 
2500000000 7.425750e+03 
2502000000 7.431450e+03 
2504000000 7.467400e+03 
2506000000 7.447550e+03 
2508000000 7.455375e+03 
2510000000 7.455900e+03 
2512000000 7.455200e+03 
2514000000 7.454575e+03 
2516000000 7.436600e+03 
2518000000 7.441400e+03 
2520000000 7.447075e+03 
2.522000e+09 7.446350e+03 
2524000000 7.478750e+03 
2.526000e+09 7.435950e+03 
2528000000 7.445200e+03 
2.530000e+09 7.427075e+03 
2532000000 7.441650e+03 
2.534000e+09 7.436100e+03 
2536000000 7.448350e+03 
2.538000e+09 7.450850e+03 
2540000000 7.433600e+03 
2.542000e+09 7.434825e+03 
2544000000 7.444950e+03 
2.546000e+09 7.432400e+03 
2548000000 7.415025e+03 
2.550000e+09 7.436850e+03 
2552000000 7.447500e+03 
2.554000e+09 7.463675e+03 
2556000000 7.444075e+03 
2.558000e+09 7.439700e+03 
2560000000 7.429475e+03 
2.562000e+09 7.431725e+03 
2564000000 7.452550e+03 
2.566000e+09 7.465400e+03 
2568000000 7.445950e+03 
2.570000e+09 7.431550e+03 
2572000000 7.464475e+03 
2.574000e+09 7.461900e+03 
2576000000 7.432800e+03 
2.578000e+09 7.447050e+03 
2580000000 7.436450e+03 
2.582000e+09 7.445400e+03 
2584000000 7.429625e+03 
2.586000e+09 7.469325e+03 
2588000000 7.458200e+03 
2.590000e+09 7.452975e+03 
2592000000 7.464575e+03 
2.594000e+09 7.457150e+03 
2596000000 7.429250e+03 
2.598000e+09 7.455275e+03 
2600000000 7.430650e+03 
2.602000e+09 7.467775e+03 
2604000000 7.449250e+03 
2.606000e+09 7.450875e+03 
2608000000 7.438575e+03 
2.610000e+09 7.471350e+03 
2612000000 7.448950e+03 
2.614000e+09 7.442600e+03 
2616000000 7.449100e+03 
2.618000e+09 7.443250e+03 
2620000000 7.437625e+03 
2.622000e+09 7.426625e+03 
2624000000 7.435800e+03 
2.626000e+09 7.434300e+03 
2628000000 7.432075e+03 
2.630000e+09 7.446700e+03 
2632000000 7.424300e+03 
2.634000e+09 7.450475e+03 
2636000000 7.440250e+03 
2.638000e+09 7.393925e+03 
2640000000 7.427650e+03 
2.642000e+09 7.420575e+03 
2644000000 7.421300e+03 
2646000000 7.415175e+03 
2648000000 7.440675e+03 
2.650000e+09 7.438600e+03 
2652000000 7.437800e+03 
2654000000 7.428525e+03 
2656000000 7.445700e+03 
2.658000e+09 7.453200e+03 
2660000000 7.481900e+03 
2662000000 7.488200e+03 
2664000000 7.452100e+03 
2.666000e+09 7.473225e+03 
2668000000 7.435775e+03 
2670000000 7.463400e+03 
2672000000 7.509875e+03 
2.674000e+09 7.472700e+03 
2676000000 7.469275e+03 
2678000000 7.455775e+03 
2680000000 7.489175e+03 
2.682000e+09 7.491075e+03 
2684000000 7.463875e+03 
2686000000 7.471050e+03 
2688000000 7.465225e+03 
2.690000e+09 7.466375e+03 
2692000000 7.489325e+03 
2694000000 7.483425e+03 
2696000000 7.489575e+03 
2698000000 7.481550e+03 
2700000000 7.476725e+03 
2702000000 7.446425e+03 
2704000000 7.471300e+03 
2706000000 7.457650e+03 
2708000000 7.463750e+03 
2710000000 7453 
2712000000 7.441050e+03 
2714000000 7.436150e+03 
2716000000 7.446350e+03 
2718000000 7.439800e+03 
2720000000 7.412250e+03 
2722000000 7.450850e+03 
2724000000 7450 
2726000000 7.451075e+03 
2728000000 7.443650e+03 
2730000000 7.460225e+03 
2732000000 7.421050e+03 
2734000000 7.453350e+03 
2736000000 7.444300e+03 
2738000000 7.455900e+03 
2740000000 7.472275e+03 
2742000000 7.451475e+03 
2744000000 7.449225e+03 
2746000000 7.442500e+03 
2748000000 7.450975e+03 
2750000000 7.464100e+03 
2752000000 7.445525e+03 
2754000000 7.460875e+03 
2756000000 7451 
2758000000 7.456425e+03 
2760000000 7.477125e+03 
2762000000 7.452375e+03 
2764000000 7.455800e+03 
2766000000 7.444525e+03 
2768000000 7.440225e+03 
2770000000 7.418175e+03 
2.772000e+09 7.436300e+03 
2774000000 7.458325e+03 
2.776000e+09 7.476525e+03 
2778000000 7.471050e+03 
2.780000e+09 7.460075e+03 
2782000000 7.459300e+03 
2.784000e+09 7.461825e+03 
2786000000 7.471725e+03 
2.788000e+09 7.465675e+03 
2790000000 7.462800e+03 
2.792000e+09 7.483825e+03 
2794000000 7.465300e+03 
2.796000e+09 7.449575e+03 
2798000000 7.439700e+03 
2.800000e+09 7.478275e+03 
2802000000 7.453775e+03 
2.804000e+09 7.492525e+03 
2806000000 7.464300e+03 
2.808000e+09 7.482175e+03 
2810000000 7.461050e+03 
2.812000e+09 7.451350e+03 
2814000000 7.441050e+03 
2.816000e+09 7.474025e+03 
2818000000 7.452575e+03 
2.820000e+09 7.458325e+03 
2822000000 7.451500e+03 
2.824000e+09 7.473850e+03 
2826000000 7.444775e+03 
2.828000e+09 7.475475e+03 
2830000000 7.453250e+03 
2832000000 7.480025e+03 
2834000000 7.437275e+03 
2.836000e+09 7.470150e+03 
2838000000 7.469475e+03 
2.840000e+09 7454 
2842000000 7.463075e+03 
2.844000e+09 7.445975e+03 
2846000000 7.474700e+03 
2848000000 7.465350e+03 
2850000000 7.464525e+03 
2.852000e+09 7.445425e+03 
2854000000 7.467825e+03 
2.856000e+09 7.462175e+03 
2858000000 7.433975e+03 
2.860000e+09 7.472450e+03 
2862000000 7.452400e+03 
2864000000 7.444500e+03 
2866000000 7.446950e+03 
2.868000e+09 7.433200e+03 
2870000000 7.462500e+03 

END
