IGOR
WAVES/D/O sweep,sig(1) 
BEGIN
2470000000 7.945525e+03 
2472000000 7.981725e+03 
2474000000 7.964300e+03 
2476000000 7.949750e+03 
2478000000 7.971150e+03 
2480000000 7.974200e+03 
2482000000 7964 
2484000000 7.966200e+03 
2486000000 7.977225e+03 
2488000000 7.978425e+03 
2490000000 7.980600e+03 
2492000000 7.974150e+03 
2494000000 7.995275e+03 
2496000000 7.969725e+03 
2498000000 7.978700e+03 
2500000000 7.959800e+03 
2502000000 7940 
2504000000 7.960350e+03 
2506000000 7.948800e+03 
2508000000 7.966700e+03 
2510000000 7.966100e+03 
2512000000 7.948850e+03 
2514000000 7957 
2516000000 7.955325e+03 
2518000000 7.966325e+03 
2520000000 7.954075e+03 
2.522000e+09 7.947250e+03 
2524000000 7.963975e+03 
2.526000e+09 7.975300e+03 
2528000000 7.967725e+03 
2.530000e+09 7.957825e+03 
2532000000 7.940475e+03 
2.534000e+09 7.955200e+03 
2536000000 7.944750e+03 
2.538000e+09 7.946725e+03 
2540000000 7.964825e+03 
2.542000e+09 7.940100e+03 
2544000000 7.958150e+03 
2.546000e+09 7.952475e+03 
2548000000 7.961425e+03 
2.550000e+09 7.978950e+03 
2552000000 7.957250e+03 
2.554000e+09 7.981925e+03 
2556000000 7.978325e+03 
2.558000e+09 7.974175e+03 
2560000000 7.976100e+03 
2.562000e+09 7.953575e+03 
2564000000 7.959225e+03 
2.566000e+09 7.931975e+03 
2568000000 7.952100e+03 
2.570000e+09 7.971350e+03 
2572000000 7.984875e+03 
2.574000e+09 7.969700e+03 
2576000000 7.975250e+03 
2.578000e+09 7.969725e+03 
2580000000 7.953450e+03 
2.582000e+09 7.962725e+03 
2584000000 7.956725e+03 
2.586000e+09 7.965325e+03 
2588000000 7.965025e+03 
2.590000e+09 7.959625e+03 
2592000000 7.948100e+03 
2.594000e+09 7.973225e+03 
2596000000 7.950375e+03 
2.598000e+09 7.941675e+03 
2600000000 7.966525e+03 
2.602000e+09 7.974375e+03 
2604000000 7.971100e+03 
2.606000e+09 7.955750e+03 
2608000000 7.945675e+03 
2.610000e+09 7.945225e+03 
2612000000 7.965250e+03 
2.614000e+09 7.956350e+03 
2616000000 7.958450e+03 
2.618000e+09 7.958325e+03 
2620000000 7.948300e+03 
2.622000e+09 7.960950e+03 
2624000000 7.951850e+03 
2.626000e+09 7.966200e+03 
2628000000 7.947200e+03 
2.630000e+09 7.968100e+03 
2632000000 7.966100e+03 
2.634000e+09 7.990825e+03 
2636000000 7.985800e+03 
2.638000e+09 8.001075e+03 
2640000000 7.954975e+03 
2.642000e+09 7.965025e+03 
2644000000 7.972550e+03 
2646000000 7.954775e+03 
2648000000 7.958750e+03 
2.650000e+09 7.971400e+03 
2652000000 7.952375e+03 
2654000000 7948 
2656000000 7.949400e+03 
2.658000e+09 7.972525e+03 
2660000000 7.963275e+03 
2662000000 7.962325e+03 
2664000000 7.993550e+03 
2.666000e+09 7.974800e+03 
2668000000 7985 
2670000000 7.962600e+03 
2672000000 7.975550e+03 
2.674000e+09 7.963675e+03 
2676000000 7.971050e+03 
2678000000 7.990625e+03 
2680000000 7.980425e+03 
2.682000e+09 7.975350e+03 
2684000000 7.981775e+03 
2686000000 7.958225e+03 
2688000000 7.944600e+03 
2.690000e+09 7.984825e+03 
2692000000 7.977625e+03 
2694000000 7.971700e+03 
2696000000 7.964600e+03 
2698000000 7.979175e+03 
2700000000 7.986925e+03 
2702000000 7.973100e+03 
2704000000 7.974300e+03 
2706000000 7.970350e+03 
2708000000 7.978575e+03 
2710000000 7.976050e+03 
2712000000 7.981800e+03 
2714000000 7.987250e+03 
2716000000 7.997225e+03 
2718000000 7.981925e+03 
2720000000 7.973775e+03 
2722000000 7.972075e+03 
2724000000 7.992500e+03 
2726000000 7.981125e+03 
2728000000 7.982875e+03 
2730000000 7.970275e+03 
2732000000 7.991450e+03 
2734000000 7.977150e+03 
2736000000 8.002250e+03 
2738000000 7.985750e+03 
2740000000 7.997075e+03 
2742000000 8.011125e+03 
2744000000 8.028075e+03 
2746000000 8.003050e+03 
2748000000 7.977875e+03 
2750000000 7979 
2752000000 7.994875e+03 
2754000000 7.996600e+03 
2756000000 7.965550e+03 
2758000000 7.956625e+03 
2760000000 7.952175e+03 
2762000000 7.899075e+03 
2764000000 7.886075e+03 
2766000000 7.868250e+03 
2768000000 7.836375e+03 
2770000000 7.834550e+03 
2.772000e+09 7.840650e+03 
2774000000 7.868900e+03 
2.776000e+09 7.856500e+03 
2778000000 7.867550e+03 
2.780000e+09 7.899050e+03 
2782000000 7.923275e+03 
2.784000e+09 7.929275e+03 
2786000000 7.981925e+03 
2.788000e+09 7.969750e+03 
2790000000 7.979700e+03 
2.792000e+09 7.999325e+03 
2794000000 7.994400e+03 
2.796000e+09 7.994575e+03 
2798000000 7.997225e+03 
2.800000e+09 7.985625e+03 
2802000000 7.987600e+03 
2.804000e+09 7.963875e+03 
2806000000 7.990425e+03 
2.808000e+09 7.989050e+03 
2810000000 7.992300e+03 
2.812000e+09 7.959925e+03 
2814000000 7.994225e+03 
2.816000e+09 7.978075e+03 
2818000000 7.972075e+03 
2.820000e+09 7.976125e+03 
2822000000 7.964475e+03 
2.824000e+09 7.971950e+03 
2826000000 7.983750e+03 
2.828000e+09 7.980775e+03 
2830000000 7.981825e+03 
2832000000 7.968550e+03 
2834000000 7.975075e+03 
2.836000e+09 7.957825e+03 
2838000000 7.948775e+03 
2.840000e+09 7.979500e+03 
2842000000 7.973950e+03 
2.844000e+09 7.963050e+03 
2846000000 7.968375e+03 
2848000000 7984 
2850000000 7.969550e+03 
2.852000e+09 7.984750e+03 
2854000000 7.926050e+03 
2.856000e+09 7.939775e+03 
2858000000 7.936925e+03 
2.860000e+09 7.890400e+03 
2862000000 7.892225e+03 
2864000000 7.875375e+03 
2866000000 7.893200e+03 
2.868000e+09 7.891900e+03 
2870000000 7.891275e+03 

END
