IGOR
WAVES/D/O sweep,sig(1) 
BEGIN
2570000000 7.994625e+03 
2.572150e+09 7.947550e+03 
2574300000 7.974125e+03 
2576450000 7.983100e+03 
2578600000 7.993200e+03 
2.580750e+09 7.989950e+03 
2582900000 7.967950e+03 
2585050000 7.997850e+03 
2.587200e+09 7.997500e+03 
2589350000 7.982350e+03 
2591500000 7.968550e+03 
2593650000 8.027575e+03 
2.595800e+09 8.000225e+03 
2597950000 7.989275e+03 
2600100000 7995 
2.602250e+09 7.983025e+03 
2604400000 8.000100e+03 
2606550000 7.992975e+03 
2608700000 8.006450e+03 
2.610850e+09 7.989675e+03 
2613000000 7.992800e+03 
2615150000 7991 
2.617300e+09 7.967175e+03 
2619450000 7.994800e+03 
2621600000 8.003875e+03 
2623750000 7.991500e+03 
2.625900e+09 7.960775e+03 
2628050000 7.993550e+03 
2630200000 7.985875e+03 
2.632350e+09 7.989325e+03 
2634500000 7.957750e+03 
2636650000 7.985700e+03 
2638800000 7.979875e+03 
2.640950e+09 7.968625e+03 
2643100000 7.991875e+03 
2645250000 7.973950e+03 
2.647400e+09 7.985600e+03 
2649550000 7.960525e+03 
2651700000 7.985675e+03 
2653850000 8.006425e+03 
2.656000e+09 8.004150e+03 
2658150000 7.991700e+03 
2660300000 7.965800e+03 
2.662450e+09 7.991100e+03 
2664600000 7.977925e+03 
2666750000 8.014050e+03 
2668900000 7991 
2.671050e+09 7.982300e+03 
2673200000 7.989475e+03 
2675350000 8.008925e+03 
2677500000 7.987550e+03 
2679650000 7.978900e+03 
2681800000 7.986100e+03 
2683950000 8.008100e+03 
2.686100e+09 7.984550e+03 
2688250000 7.977800e+03 
2690400000 7.987350e+03 
2692550000 8.005850e+03 
2694700000 7.994550e+03 
2696850000 7.954800e+03 
2699000000 7.975900e+03 
2.701150e+09 7.979550e+03 
2703300000 7.973125e+03 
2705450000 8.008150e+03 
2707600000 7.994950e+03 
2.709750e+09 7.967400e+03 
2711900000 7.989250e+03 
2714050000 7.969925e+03 
2.716200e+09 7.944775e+03 
2718350000 7.920825e+03 
2720500000 7.902325e+03 
2722650000 7.883500e+03 
2724800000 7.865300e+03 
2726950000 7.860975e+03 
2729100000 7.871225e+03 
2.731250e+09 7.860950e+03 
2733400000 7.890800e+03 
2735550000 7.909900e+03 
2737700000 7.968875e+03 
2.739850e+09 7.983750e+03 
2742000000 7.997225e+03 
2744150000 8.015725e+03 
2.746300e+09 8.008775e+03 
2748450000 7.980175e+03 
2750600000 7.969450e+03 
2752750000 8.022875e+03 
2754900000 7.994100e+03 
2757050000 7.991600e+03 
2759200000 7.936025e+03 
2.761350e+09 7.931850e+03 
2763500000 7.904350e+03 
2765650000 7.872300e+03 
2767800000 7.867725e+03 
2.769950e+09 7.881650e+03 
2772100000 7.893925e+03 
2774250000 7936 
2.776400e+09 7.951125e+03 
2778550000 7.980550e+03 
2780700000 7.987725e+03 
2782850000 7.980500e+03 
2785000000 7.987625e+03 
2787150000 8.000450e+03 
2789300000 8.009400e+03 
2791450000 8.027250e+03 
2793600000 7.997900e+03 
2795750000 8.006525e+03 
2797900000 7.999850e+03 
2.800050e+09 8.012050e+03 
2802200000 7.996100e+03 
2804350000 7.991600e+03 
2806500000 8.002125e+03 
2808650000 8.019375e+03 
2810800000 8.003425e+03 
2812950000 8.005500e+03 
2815100000 8.020400e+03 
2817250000 8.027500e+03 
2819400000 7.998050e+03 
2821550000 7.970500e+03 
2823700000 8.012650e+03 
2825850000 7.996375e+03 
2828000000 7.990025e+03 
2.830150e+09 7.996975e+03 
2832300000 8.037950e+03 
2834450000 7.996500e+03 
2836600000 8.000925e+03 
2838750000 8.009175e+03 
2840900000 8.014575e+03 
2843050000 7.999350e+03 
2845200000 8.010400e+03 
2847350000 7.995600e+03 
2849500000 7.989475e+03 
2851650000 7.973600e+03 
2853800000 7.988850e+03 
2855950000 8.002775e+03 
2858100000 7.991400e+03 
2.860250e+09 8.010100e+03 
2862400000 8.000075e+03 
2864550000 7.990675e+03 
2866700000 7.960350e+03 
2868850000 7.982525e+03 
2871000000 7.995450e+03 
2873150000 7.979275e+03 
2875300000 8.009525e+03 
2877450000 7.987150e+03 
2879600000 7978 
2881750000 7.996350e+03 
2883900000 8.006900e+03 
2886050000 8.008525e+03 
2888200000 8.004275e+03 
2.890350e+09 8.015525e+03 
2892500000 8.022875e+03 
2894650000 7.985125e+03 
2896800000 8.000675e+03 
2898950000 8.013675e+03 
2901100000 8.002700e+03 
2903250000 7.993475e+03 
2905400000 8.011325e+03 
2907550000 7.989475e+03 
2909700000 7.987875e+03 
2911850000 7.985575e+03 
2914000000 8.007975e+03 
2916150000 7.981775e+03 
2918300000 7.983775e+03 
2920450000 7.981850e+03 
2922600000 8.007200e+03 
2924750000 7.999375e+03 
2926900000 7.986750e+03 
2929050000 8.021500e+03 
2931200000 7.998050e+03 
2933350000 7.982550e+03 
2935500000 7.972425e+03 
2937650000 7.991200e+03 
2939800000 8.006350e+03 
2941950000 8.020200e+03 
2.944100e+09 8.006150e+03 
2946250000 8.007875e+03 
2948400000 8.016550e+03 
2950550000 8.018650e+03 
2952700000 8.007625e+03 
2954850000 7996 
2957000000 7.981200e+03 
2959150000 8.023875e+03 
2961300000 8.000975e+03 
2963450000 8.017800e+03 
2965600000 7.984450e+03 
2967750000 7.984025e+03 
2969900000 7.978950e+03 
2972050000 8.002100e+03 
2974200000 8.010075e+03 
2976350000 8.019075e+03 
2978500000 8.005350e+03 
2980650000 7.986875e+03 
2982800000 7.993400e+03 
2984950000 7.986875e+03 
2987100000 8.001325e+03 
2989250000 8020 
2991400000 8.034475e+03 
2993550000 8.017500e+03 
2995700000 8.009400e+03 
2997850000 8.016200e+03 
3000000000 8.025450e+03 

END
