IGOR
WAVES/D/O sweep,sig(1) 
BEGIN
2470000000 7.096775e+03 
2472000000 7.100550e+03 
2474000000 7.100375e+03 
2476000000 7.102600e+03 
2478000000 7.088675e+03 
2480000000 7105 
2482000000 7.118925e+03 
2484000000 7.123100e+03 
2486000000 7.104250e+03 
2488000000 7.105950e+03 
2490000000 7.096325e+03 
2492000000 7.119425e+03 
2494000000 7.087900e+03 
2496000000 7.097725e+03 
2498000000 7.102900e+03 
2500000000 7.102350e+03 
2502000000 7.096375e+03 
2504000000 7.099875e+03 
2506000000 7.089025e+03 
2508000000 7.114025e+03 
2510000000 7.101425e+03 
2512000000 7.110375e+03 
2514000000 7.113575e+03 
2516000000 7.106275e+03 
2518000000 7.104650e+03 
2520000000 7.121025e+03 
2.522000e+09 7.106750e+03 
2524000000 7.086425e+03 
2.526000e+09 7.091475e+03 
2528000000 7.087925e+03 
2.530000e+09 7.119775e+03 
2532000000 7.102550e+03 
2.534000e+09 7.100700e+03 
2536000000 7.083350e+03 
2.538000e+09 7.072175e+03 
2540000000 7.087150e+03 
2.542000e+09 7.085125e+03 
2544000000 7.079450e+03 
2.546000e+09 7.078750e+03 
2548000000 7.104150e+03 
2.550000e+09 7.108525e+03 
2552000000 7.107750e+03 
2.554000e+09 7.106650e+03 
2556000000 7.099425e+03 
2.558000e+09 7.117775e+03 
2560000000 7.114025e+03 
2.562000e+09 7.102400e+03 
2564000000 7.090150e+03 
2.566000e+09 7.119125e+03 
2568000000 7.089050e+03 
2.570000e+09 7.110225e+03 
2572000000 7.095825e+03 
2.574000e+09 7.131675e+03 
2576000000 7.119250e+03 
2.578000e+09 7.098125e+03 
2580000000 7.111800e+03 
2.582000e+09 7.121625e+03 
2584000000 7.087200e+03 
2.586000e+09 7.099750e+03 
2588000000 7.097500e+03 
2.590000e+09 7.119725e+03 
2592000000 7.095475e+03 
2.594000e+09 7.125925e+03 
2596000000 7.099900e+03 
2.598000e+09 7.110250e+03 
2600000000 7.110300e+03 
2.602000e+09 7.104850e+03 
2604000000 7.099600e+03 
2.606000e+09 7.122475e+03 
2608000000 7.089825e+03 
2.610000e+09 7.088175e+03 
2612000000 7.104175e+03 
2.614000e+09 7.111175e+03 
2616000000 7.092175e+03 
2.618000e+09 7.110575e+03 
2620000000 7.091300e+03 
2.622000e+09 7.115200e+03 
2624000000 7.103525e+03 
2.626000e+09 7.051825e+03 
2628000000 7.083525e+03 
2.630000e+09 7.072275e+03 
2632000000 7.066450e+03 
2.634000e+09 7.051700e+03 
2636000000 7.058175e+03 
2.638000e+09 7.084375e+03 
2640000000 7.091550e+03 
2.642000e+09 7.085425e+03 
2644000000 7.095725e+03 
2646000000 7.116325e+03 
2648000000 7.102050e+03 
2.650000e+09 7.110675e+03 
2652000000 7.114725e+03 
2654000000 7.135175e+03 
2656000000 7.128175e+03 
2.658000e+09 7.107275e+03 
2660000000 7.107950e+03 
2662000000 7.100425e+03 
2664000000 7.120200e+03 
2.666000e+09 7.104550e+03 
2668000000 7.134275e+03 
2670000000 7.131975e+03 
2672000000 7.105875e+03 
2.674000e+09 7.074025e+03 
2676000000 7.069225e+03 
2678000000 7.067300e+03 
2680000000 7.074500e+03 
2.682000e+09 7.062225e+03 
2684000000 7.052750e+03 
2686000000 7.055425e+03 
2688000000 7.070050e+03 
2.690000e+09 7.095750e+03 
2692000000 7.099150e+03 
2694000000 7.098825e+03 
2696000000 7.122775e+03 
2698000000 7.093600e+03 
2700000000 7.108750e+03 
2702000000 7105 
2704000000 7.113300e+03 
2706000000 7.090625e+03 
2708000000 7.114550e+03 
2710000000 7.128250e+03 
2712000000 7.128950e+03 
2714000000 7.119150e+03 
2716000000 7.108250e+03 
2718000000 7.102825e+03 
2720000000 7.119150e+03 
2722000000 7.120900e+03 
2724000000 7.121125e+03 
2726000000 7.116625e+03 
2728000000 7.117975e+03 
2730000000 7.100550e+03 
2732000000 7.110950e+03 
2734000000 7.129350e+03 
2736000000 7.104500e+03 
2738000000 7.101775e+03 
2740000000 7.105700e+03 
2742000000 7.105600e+03 
2744000000 7.123500e+03 
2746000000 7.104150e+03 
2748000000 7.093675e+03 
2750000000 7.123600e+03 
2752000000 7.122525e+03 
2754000000 7.096550e+03 
2756000000 7.108350e+03 
2758000000 7.102600e+03 
2760000000 7.116800e+03 
2762000000 7.055550e+03 
2764000000 7.087375e+03 
2766000000 7.079750e+03 
2768000000 7.091200e+03 
2770000000 7.058400e+03 
2.772000e+09 7096 
2774000000 7.096025e+03 
2.776000e+09 7.074975e+03 
2778000000 7.085750e+03 
2.780000e+09 7.085500e+03 
2782000000 7.095500e+03 
2.784000e+09 7.102200e+03 
2786000000 7.125675e+03 
2.788000e+09 7.098900e+03 
2790000000 7.110775e+03 
2.792000e+09 7.098675e+03 
2794000000 7.119375e+03 
2.796000e+09 7.132600e+03 
2798000000 7.113725e+03 
2.800000e+09 7.114725e+03 
2802000000 7.115900e+03 
2.804000e+09 7.118875e+03 
2806000000 7.107925e+03 
2.808000e+09 7.119075e+03 
2810000000 7.103425e+03 
2.812000e+09 7.098575e+03 
2814000000 7.110875e+03 
2.816000e+09 7.105900e+03 
2818000000 7.111375e+03 
2.820000e+09 7.112600e+03 
2822000000 7.121525e+03 
2.824000e+09 7.106175e+03 
2826000000 7.111525e+03 
2.828000e+09 7.134550e+03 
2830000000 7.091600e+03 
2832000000 7.127350e+03 
2834000000 7.116250e+03 
2.836000e+09 7.128275e+03 
2838000000 7.105575e+03 
2.840000e+09 7.104500e+03 
2842000000 7097 
2.844000e+09 7.095025e+03 
2846000000 7.112575e+03 
2848000000 7.114800e+03 
2850000000 7.112375e+03 
2.852000e+09 7.096550e+03 
2854000000 7.106450e+03 
2.856000e+09 7.100775e+03 
2858000000 7.109875e+03 
2.860000e+09 7.095450e+03 
2862000000 7.100175e+03 
2864000000 7.119050e+03 
2866000000 7.088800e+03 
2.868000e+09 7.107775e+03 
2870000000 7.089700e+03 

END
