IGOR
WAVES/D/O sweep,sig(1) 
BEGIN
2470000000 7.520500e+03 
2472000000 7.519525e+03 
2474000000 7.537200e+03 
2476000000 7.526400e+03 
2478000000 7.547350e+03 
2480000000 7.541050e+03 
2482000000 7521 
2484000000 7.553175e+03 
2486000000 7.544875e+03 
2488000000 7.533550e+03 
2490000000 7.530900e+03 
2492000000 7.508500e+03 
2494000000 7.564800e+03 
2496000000 7.520975e+03 
2498000000 7.545250e+03 
2500000000 7.531050e+03 
2502000000 7.535275e+03 
2504000000 7.498575e+03 
2506000000 7.521225e+03 
2508000000 7.539500e+03 
2510000000 7.528600e+03 
2512000000 7.533400e+03 
2514000000 7.534250e+03 
2516000000 7558 
2518000000 7.545175e+03 
2520000000 7.544775e+03 
2.522000e+09 7.527475e+03 
2524000000 7.538100e+03 
2.526000e+09 7.555075e+03 
2528000000 7.522700e+03 
2.530000e+09 7.554325e+03 
2532000000 7.560575e+03 
2.534000e+09 7.544475e+03 
2536000000 7534 
2.538000e+09 7.565750e+03 
2540000000 7.552875e+03 
2.542000e+09 7.528050e+03 
2544000000 7.540550e+03 
2.546000e+09 7528 
2548000000 7.544350e+03 
2.550000e+09 7.523125e+03 
2552000000 7.549075e+03 
2.554000e+09 7.539700e+03 
2556000000 7.521800e+03 
2.558000e+09 7.565050e+03 
2560000000 7.515625e+03 
2.562000e+09 7.537125e+03 
2564000000 7.542325e+03 
2.566000e+09 7.552225e+03 
2568000000 7.539450e+03 
2.570000e+09 7.524800e+03 
2572000000 7.518725e+03 
2.574000e+09 7534 
2576000000 7.544925e+03 
2.578000e+09 7.525875e+03 
2580000000 7.515400e+03 
2.582000e+09 7.524025e+03 
2584000000 7.524475e+03 
2.586000e+09 7.518250e+03 
2588000000 7.507675e+03 
2.590000e+09 7.506575e+03 
2592000000 7.522850e+03 
2.594000e+09 7.546025e+03 
2596000000 7.545175e+03 
2.598000e+09 7.543800e+03 
2600000000 7.566650e+03 
2.602000e+09 7.563650e+03 
2604000000 7.560800e+03 
2.606000e+09 7.551575e+03 
2608000000 7.553775e+03 
2.610000e+09 7.533225e+03 
2612000000 7.521400e+03 
2.614000e+09 7.535275e+03 
2616000000 7.565950e+03 
2.618000e+09 7.545025e+03 
2620000000 7581 
2.622000e+09 7.567100e+03 
2624000000 7.535050e+03 
2.626000e+09 7.562125e+03 
2628000000 7.507600e+03 
2.630000e+09 7.508750e+03 
2632000000 7.497025e+03 
2.634000e+09 7.506475e+03 
2636000000 7.500700e+03 
2.638000e+09 7.476050e+03 
2640000000 7.512125e+03 
2.642000e+09 7.518550e+03 
2644000000 7.522700e+03 
2646000000 7.539125e+03 
2648000000 7.545200e+03 
2.650000e+09 7.568925e+03 
2652000000 7.562425e+03 
2654000000 7.542850e+03 
2656000000 7.555525e+03 
2.658000e+09 7.550300e+03 
2660000000 7.536350e+03 
2662000000 7.557375e+03 
2664000000 7551 
2.666000e+09 7.564050e+03 
2668000000 7.578550e+03 
2670000000 7.565150e+03 
2672000000 7.557250e+03 
2.674000e+09 7.567750e+03 
2676000000 7.559175e+03 
2678000000 7.543175e+03 
2680000000 7.535575e+03 
2.682000e+09 7.537350e+03 
2684000000 7.544500e+03 
2686000000 7.500700e+03 
2688000000 7.493575e+03 
2.690000e+09 7.503800e+03 
2692000000 7.496425e+03 
2694000000 7.510575e+03 
2696000000 7.520875e+03 
2698000000 7.504175e+03 
2700000000 7.508850e+03 
2702000000 7.512875e+03 
2704000000 7.538675e+03 
2706000000 7.534725e+03 
2708000000 7.557750e+03 
2710000000 7.543850e+03 
2712000000 7.547225e+03 
2714000000 7.550050e+03 
2716000000 7562 
2718000000 7.558275e+03 
2720000000 7.561725e+03 
2722000000 7.554850e+03 
2724000000 7.554175e+03 
2726000000 7.546525e+03 
2728000000 7.528225e+03 
2730000000 7.549425e+03 
2732000000 7.548075e+03 
2734000000 7.531325e+03 
2736000000 7.519400e+03 
2738000000 7.540825e+03 
2740000000 7.536650e+03 
2742000000 7.535050e+03 
2744000000 7.537175e+03 
2746000000 7.523725e+03 
2748000000 7.528350e+03 
2750000000 7.549575e+03 
2752000000 7.536350e+03 
2754000000 7.554025e+03 
2756000000 7.555250e+03 
2758000000 7.576300e+03 
2760000000 7.536600e+03 
2762000000 7.535200e+03 
2764000000 7.559175e+03 
2766000000 7.570775e+03 
2768000000 7.570675e+03 
2770000000 7.567325e+03 
2.772000e+09 7.556025e+03 
2774000000 7.589300e+03 
2.776000e+09 7.547500e+03 
2778000000 7.551475e+03 
2.780000e+09 7.578150e+03 
2782000000 7.559900e+03 
2.784000e+09 7.554525e+03 
2786000000 7.562075e+03 
2.788000e+09 7.552075e+03 
2790000000 7.547825e+03 
2.792000e+09 7.565875e+03 
2794000000 7.581275e+03 
2.796000e+09 7.557950e+03 
2798000000 7.550100e+03 
2.800000e+09 7.564825e+03 
2802000000 7.585825e+03 
2.804000e+09 7.556325e+03 
2806000000 7.558750e+03 
2.808000e+09 7.561675e+03 
2810000000 7.549625e+03 
2.812000e+09 7.568550e+03 
2814000000 7.548925e+03 
2.816000e+09 7.557175e+03 
2818000000 7.541600e+03 
2.820000e+09 7.558700e+03 
2822000000 7.563850e+03 
2.824000e+09 7.530450e+03 
2826000000 7.560950e+03 
2.828000e+09 7.561250e+03 
2830000000 7.546750e+03 
2832000000 7.562750e+03 
2834000000 7.580200e+03 
2.836000e+09 7.525375e+03 
2838000000 7.551175e+03 
2.840000e+09 7.550625e+03 
2842000000 7.546175e+03 
2.844000e+09 7.536650e+03 
2846000000 7.554200e+03 
2848000000 7.543400e+03 
2850000000 7.544950e+03 
2.852000e+09 7.557425e+03 
2854000000 7.578525e+03 
2.856000e+09 7.543575e+03 
2858000000 7.572450e+03 
2.860000e+09 7.558550e+03 
2862000000 7.568675e+03 
2864000000 7.579100e+03 
2866000000 7.549325e+03 
2.868000e+09 7.569200e+03 
2870000000 7.562250e+03 

END
