IGOR
WAVES/D/O sweep,sig(1) 
BEGIN
2570000000 8.217875e+03 
2.572150e+09 8.240275e+03 
2574300000 8.241500e+03 
2576450000 8.217700e+03 
2578600000 8.238575e+03 
2.580750e+09 8.246025e+03 
2582900000 8.217625e+03 
2585050000 8.241725e+03 
2.587200e+09 8.218975e+03 
2589350000 8.215400e+03 
2591500000 8.225625e+03 
2593650000 8.234950e+03 
2.595800e+09 8.238275e+03 
2597950000 8.236050e+03 
2600100000 8.211150e+03 
2.602250e+09 8.252325e+03 
2604400000 8.225650e+03 
2606550000 8.208650e+03 
2608700000 8.218575e+03 
2.610850e+09 8.202900e+03 
2613000000 8.209375e+03 
2615150000 8.169900e+03 
2.617300e+09 8.178875e+03 
2619450000 8.181850e+03 
2621600000 8.173300e+03 
2623750000 8.203725e+03 
2.625900e+09 8.196750e+03 
2628050000 8.186300e+03 
2630200000 8.199400e+03 
2.632350e+09 8.194400e+03 
2634500000 8.217450e+03 
2636650000 8.222750e+03 
2638800000 8227 
2.640950e+09 8.228075e+03 
2643100000 8.235050e+03 
2645250000 8234 
2.647400e+09 8.241425e+03 
2649550000 8.226500e+03 
2651700000 8.236525e+03 
2653850000 8226 
2.656000e+09 8.225575e+03 
2658150000 8.220025e+03 
2660300000 8.180625e+03 
2.662450e+09 8.195100e+03 
2664600000 8.171425e+03 
2666750000 8.140750e+03 
2668900000 8.167150e+03 
2.671050e+09 8.146575e+03 
2673200000 8.154300e+03 
2675350000 8.179475e+03 
2677500000 8.181225e+03 
2679650000 8.194775e+03 
2681800000 8.214575e+03 
2683950000 8217 
2.686100e+09 8.237075e+03 
2688250000 8.227950e+03 
2690400000 8.235725e+03 
2692550000 8.209350e+03 
2694700000 8.196100e+03 
2696850000 8.149350e+03 
2699000000 8.154475e+03 
2.701150e+09 8.151500e+03 
2703300000 8.154650e+03 
2705450000 8.165375e+03 
2707600000 8.190500e+03 
2.709750e+09 8.215725e+03 
2711900000 8.205025e+03 
2714050000 8.207750e+03 
2.716200e+09 8.211500e+03 
2718350000 8.222850e+03 
2720500000 8.213525e+03 
2722650000 8.216150e+03 
2724800000 8251 
2726950000 8.207475e+03 
2729100000 8.245200e+03 
2.731250e+09 8.246575e+03 
2733400000 8.217350e+03 
2735550000 8219 
2737700000 8219 
2.739850e+09 8.205425e+03 
2742000000 8.208200e+03 
2744150000 8.198600e+03 
2.746300e+09 8.172775e+03 
2748450000 8.176625e+03 
2750600000 8.205825e+03 
2752750000 8.200700e+03 
2754900000 8.195275e+03 
2757050000 8.196150e+03 
2759200000 8.219850e+03 
2.761350e+09 8.199175e+03 
2763500000 8.218600e+03 
2765650000 8.226025e+03 
2767800000 8.247075e+03 
2.769950e+09 8.230875e+03 
2772100000 8.244175e+03 
2774250000 8.224375e+03 
2.776400e+09 8.222400e+03 
2778550000 8.234050e+03 
2780700000 8.228325e+03 
2782850000 8.204675e+03 
2785000000 8.223550e+03 
2787150000 8.235725e+03 
2789300000 8.215725e+03 
2791450000 8255 
2793600000 8.203625e+03 
2795750000 8.219400e+03 
2797900000 8.232075e+03 
2.800050e+09 8.217625e+03 
2802200000 8.212500e+03 
2804350000 8.205375e+03 
2806500000 8.241550e+03 
2808650000 8.206275e+03 
2810800000 8.246700e+03 
2812950000 8.219700e+03 
2815100000 8.238725e+03 
2817250000 8.217025e+03 
2819400000 8.213025e+03 
2821550000 8.213425e+03 
2823700000 8.206925e+03 
2825850000 8.204625e+03 
2828000000 8.239975e+03 
2.830150e+09 8.226250e+03 
2832300000 8.222950e+03 
2834450000 8.236100e+03 
2836600000 8.222800e+03 
2838750000 8.235050e+03 
2840900000 8.227575e+03 
2843050000 8.205775e+03 
2845200000 8.232725e+03 
2847350000 8.217225e+03 
2849500000 8.236475e+03 
2851650000 8.217950e+03 
2853800000 8.216300e+03 
2855950000 8.211975e+03 
2858100000 8.222300e+03 
2.860250e+09 8.205700e+03 
2862400000 8.239575e+03 
2864550000 8.209425e+03 
2866700000 8.217475e+03 
2868850000 8.236250e+03 
2871000000 8.214850e+03 
2873150000 8.222325e+03 
2875300000 8.227425e+03 
2877450000 8.234400e+03 
2879600000 8.222700e+03 
2881750000 8.219175e+03 
2883900000 8.216550e+03 
2886050000 8.203975e+03 
2888200000 8.232025e+03 
2.890350e+09 8.232425e+03 
2892500000 8.216325e+03 
2894650000 8.216275e+03 
2896800000 8.220100e+03 
2898950000 8.232800e+03 
2901100000 8.227100e+03 
2903250000 8.208625e+03 
2905400000 8.224900e+03 
2907550000 8.231875e+03 
2909700000 8.208350e+03 
2911850000 8.204925e+03 
2914000000 8.219475e+03 
2916150000 8.221400e+03 
2918300000 8.223225e+03 
2920450000 8.206100e+03 
2922600000 8.215900e+03 
2924750000 8.213575e+03 
2926900000 8.215300e+03 
2929050000 8.229675e+03 
2931200000 8.220225e+03 
2933350000 8.212400e+03 
2935500000 8.217025e+03 
2937650000 8.227275e+03 
2939800000 8.223225e+03 
2941950000 8.207450e+03 
2.944100e+09 8.230525e+03 
2946250000 8.230075e+03 
2948400000 8.218625e+03 
2950550000 8.234500e+03 
2952700000 8.205225e+03 
2954850000 8.226325e+03 
2957000000 8.218100e+03 
2959150000 8.203850e+03 
2961300000 8.241700e+03 
2963450000 8.220250e+03 
2965600000 8.229650e+03 
2967750000 8.234750e+03 
2969900000 8.240900e+03 
2972050000 8.228525e+03 
2974200000 8.225475e+03 
2976350000 8.199625e+03 
2978500000 8.225300e+03 
2980650000 8.229125e+03 
2982800000 8227 
2984950000 8.220450e+03 
2987100000 8.216250e+03 
2989250000 8.208475e+03 
2991400000 8.222925e+03 
2993550000 8.222475e+03 
2995700000 8.230750e+03 
2997850000 8.228475e+03 
3000000000 8.224250e+03 

END
