IGOR
WAVES/D/O sweep,sig(1) 
BEGIN
2470000000 7.736350e+03 
2472000000 7.727275e+03 
2474000000 7.707250e+03 
2476000000 7.719625e+03 
2478000000 7.714025e+03 
2480000000 7.751400e+03 
2482000000 7.733500e+03 
2484000000 7.735650e+03 
2486000000 7.725850e+03 
2488000000 7.709475e+03 
2490000000 7.709175e+03 
2492000000 7.727425e+03 
2494000000 7.739075e+03 
2496000000 7.740600e+03 
2498000000 7.729475e+03 
2500000000 7.735200e+03 
2502000000 7.730100e+03 
2504000000 7.743875e+03 
2506000000 7.720850e+03 
2508000000 7.739575e+03 
2510000000 7.731900e+03 
2512000000 7.737950e+03 
2514000000 7.749050e+03 
2516000000 7.705400e+03 
2518000000 7.721875e+03 
2520000000 7.697150e+03 
2.522000e+09 7.716250e+03 
2524000000 7.741650e+03 
2.526000e+09 7.729075e+03 
2528000000 7.739500e+03 
2.530000e+09 7.727275e+03 
2532000000 7.734525e+03 
2.534000e+09 7.761225e+03 
2536000000 7.745050e+03 
2.538000e+09 7.727125e+03 
2540000000 7.746250e+03 
2.542000e+09 7.743225e+03 
2544000000 7.731575e+03 
2.546000e+09 7.733850e+03 
2548000000 7.725550e+03 
2.550000e+09 7.743925e+03 
2552000000 7.713675e+03 
2.554000e+09 7.744100e+03 
2556000000 7.731475e+03 
2.558000e+09 7.755825e+03 
2560000000 7.744550e+03 
2.562000e+09 7.722075e+03 
2564000000 7.747600e+03 
2.566000e+09 7.744175e+03 
2568000000 7.747025e+03 
2.570000e+09 7.756975e+03 
2572000000 7.732625e+03 
2.574000e+09 7.718875e+03 
2576000000 7.731025e+03 
2.578000e+09 7.740950e+03 
2580000000 7.742050e+03 
2.582000e+09 7.729650e+03 
2584000000 7.735350e+03 
2.586000e+09 7.757725e+03 
2588000000 7.710600e+03 
2.590000e+09 7.724800e+03 
2592000000 7.742550e+03 
2.594000e+09 7.718475e+03 
2596000000 7.724175e+03 
2.598000e+09 7.699775e+03 
2600000000 7.718700e+03 
2.602000e+09 7.737450e+03 
2604000000 7.722150e+03 
2.606000e+09 7.757900e+03 
2608000000 7.750075e+03 
2.610000e+09 7.727125e+03 
2612000000 7.738975e+03 
2.614000e+09 7.701300e+03 
2616000000 7.735875e+03 
2.618000e+09 7.708300e+03 
2620000000 7.701350e+03 
2.622000e+09 7.710275e+03 
2624000000 7.714800e+03 
2.626000e+09 7.708725e+03 
2628000000 7.731425e+03 
2.630000e+09 7.712100e+03 
2632000000 7.754875e+03 
2.634000e+09 7.741625e+03 
2636000000 7722 
2.638000e+09 7.721625e+03 
2640000000 7.741675e+03 
2.642000e+09 7.734875e+03 
2644000000 7.735650e+03 
2646000000 7.708025e+03 
2648000000 7.700600e+03 
2.650000e+09 7.707025e+03 
2652000000 7.685425e+03 
2654000000 7.724100e+03 
2656000000 7.678675e+03 
2.658000e+09 7.672750e+03 
2660000000 7.652750e+03 
2662000000 7.619600e+03 
2664000000 7.621900e+03 
2.666000e+09 7.640325e+03 
2668000000 7.651650e+03 
2670000000 7.659250e+03 
2672000000 7.664650e+03 
2.674000e+09 7.698450e+03 
2676000000 7.707575e+03 
2678000000 7.709800e+03 
2680000000 7.714200e+03 
2.682000e+09 7.714975e+03 
2684000000 7.719650e+03 
2686000000 7.721050e+03 
2688000000 7.714975e+03 
2.690000e+09 7.690725e+03 
2692000000 7.726450e+03 
2694000000 7.733600e+03 
2696000000 7.725275e+03 
2698000000 7.717600e+03 
2700000000 7.712350e+03 
2702000000 7.727725e+03 
2704000000 7.711250e+03 
2706000000 7.725575e+03 
2708000000 7.721525e+03 
2710000000 7.723775e+03 
2712000000 7.714900e+03 
2714000000 7.713600e+03 
2716000000 7.686075e+03 
2718000000 7.682850e+03 
2720000000 7.705400e+03 
2722000000 7.685750e+03 
2724000000 7.678725e+03 
2726000000 7.626725e+03 
2728000000 7.647325e+03 
2730000000 7.645025e+03 
2732000000 7.679325e+03 
2734000000 7.658825e+03 
2736000000 7.677050e+03 
2738000000 7.709775e+03 
2740000000 7.709600e+03 
2742000000 7.695800e+03 
2744000000 7.715375e+03 
2746000000 7.722225e+03 
2748000000 7.701125e+03 
2750000000 7.710825e+03 
2752000000 7.695200e+03 
2754000000 7.696925e+03 
2756000000 7.708625e+03 
2758000000 7.724650e+03 
2760000000 7.722975e+03 
2762000000 7.705325e+03 
2764000000 7.708025e+03 
2766000000 7.705325e+03 
2768000000 7.701950e+03 
2770000000 7.719075e+03 
2.772000e+09 7.716650e+03 
2774000000 7.687400e+03 
2.776000e+09 7.732450e+03 
2778000000 7.713575e+03 
2.780000e+09 7.726025e+03 
2782000000 7.734225e+03 
2.784000e+09 7.705600e+03 
2786000000 7.705725e+03 
2.788000e+09 7.717950e+03 
2790000000 7.697950e+03 
2.792000e+09 7.708225e+03 
2794000000 7.706450e+03 
2.796000e+09 7.724825e+03 
2798000000 7.701675e+03 
2.800000e+09 7.736550e+03 
2802000000 7.682450e+03 
2.804000e+09 7712 
2806000000 7.720250e+03 
2.808000e+09 7.702075e+03 
2810000000 7.683025e+03 
2.812000e+09 7.665200e+03 
2814000000 7.661050e+03 
2.816000e+09 7.640275e+03 
2818000000 7.640125e+03 
2.820000e+09 7.646400e+03 
2822000000 7.671325e+03 
2.824000e+09 7.714425e+03 
2826000000 7.712050e+03 
2.828000e+09 7.719250e+03 
2830000000 7.712050e+03 
2832000000 7.690650e+03 
2834000000 7.700300e+03 
2.836000e+09 7.691550e+03 
2838000000 7.691200e+03 
2.840000e+09 7.723050e+03 
2842000000 7.701050e+03 
2.844000e+09 7.692300e+03 
2846000000 7.700250e+03 
2848000000 7.695600e+03 
2850000000 7.702300e+03 
2.852000e+09 7.681100e+03 
2854000000 7.707250e+03 
2.856000e+09 7.660150e+03 
2858000000 7.692900e+03 
2.860000e+09 7666 
2862000000 7.655500e+03 
2864000000 7.653475e+03 
2866000000 7.641250e+03 
2.868000e+09 7.607475e+03 
2870000000 7.627650e+03 

END
