IGOR
WAVES/D/O sweep,sig(1) 
BEGIN
2570000000 8.023025e+03 
2.572150e+09 8.005925e+03 
2574300000 8.016675e+03 
2576450000 7.996775e+03 
2578600000 8.019550e+03 
2.580750e+09 8.022350e+03 
2582900000 8.026825e+03 
2585050000 7997 
2.587200e+09 8.012525e+03 
2589350000 8.038325e+03 
2591500000 8.056100e+03 
2593650000 8.030825e+03 
2.595800e+09 8.023050e+03 
2597950000 8.074025e+03 
2600100000 8.045500e+03 
2.602250e+09 8.064050e+03 
2604400000 8.016275e+03 
2606550000 8.039250e+03 
2608700000 8.047075e+03 
2.610850e+09 8.033975e+03 
2613000000 8.035175e+03 
2615150000 8.027675e+03 
2.617300e+09 8.037250e+03 
2619450000 7.981600e+03 
2621600000 8.006500e+03 
2623750000 8.021700e+03 
2.625900e+09 7.995300e+03 
2628050000 7.989650e+03 
2630200000 8.013775e+03 
2.632350e+09 8.007100e+03 
2634500000 8.019400e+03 
2636650000 8.043025e+03 
2638800000 8.048850e+03 
2.640950e+09 8.037025e+03 
2643100000 8.044225e+03 
2645250000 8.055975e+03 
2.647400e+09 8.033625e+03 
2649550000 8.036850e+03 
2651700000 8.048425e+03 
2653850000 8.049075e+03 
2.656000e+09 8.047950e+03 
2658150000 8.029450e+03 
2660300000 8049 
2.662450e+09 8.077750e+03 
2664600000 8072 
2666750000 8.043350e+03 
2668900000 8.034725e+03 
2.671050e+09 8.042975e+03 
2673200000 8045 
2675350000 8.037475e+03 
2677500000 8.018825e+03 
2679650000 7.991850e+03 
2681800000 8.005675e+03 
2683950000 7.987050e+03 
2.686100e+09 7.998525e+03 
2688250000 8.001375e+03 
2690400000 7.994550e+03 
2692550000 7.996825e+03 
2694700000 8.005725e+03 
2696850000 8.062875e+03 
2699000000 8.053475e+03 
2.701150e+09 8.023400e+03 
2703300000 8.047450e+03 
2705450000 8.034075e+03 
2707600000 8.046300e+03 
2.709750e+09 8.055375e+03 
2711900000 8.038950e+03 
2714050000 8.047925e+03 
2.716200e+09 8.036025e+03 
2718350000 8.032075e+03 
2720500000 8.035200e+03 
2722650000 8.036425e+03 
2724800000 8.025975e+03 
2726950000 7.997900e+03 
2729100000 8.022350e+03 
2.731250e+09 8.000500e+03 
2733400000 8.010750e+03 
2735550000 7.994725e+03 
2737700000 8.030975e+03 
2.739850e+09 8.017500e+03 
2742000000 8.038525e+03 
2744150000 8.034300e+03 
2.746300e+09 8.033775e+03 
2748450000 8.028325e+03 
2750600000 8.045500e+03 
2752750000 8.013275e+03 
2754900000 8.045750e+03 
2757050000 8.055325e+03 
2759200000 8.035875e+03 
2.761350e+09 7.993875e+03 
2763500000 8.036500e+03 
2765650000 8.037500e+03 
2767800000 8.031575e+03 
2.769950e+09 8.026225e+03 
2772100000 8.036500e+03 
2774250000 8.029625e+03 
2.776400e+09 8.028025e+03 
2778550000 8.026750e+03 
2780700000 8.042700e+03 
2782850000 8.011775e+03 
2785000000 8.042750e+03 
2787150000 8.043250e+03 
2789300000 8.001325e+03 
2791450000 8.011625e+03 
2793600000 8.045425e+03 
2795750000 8.017175e+03 
2797900000 8.009175e+03 
2.800050e+09 8.029275e+03 
2802200000 8.016550e+03 
2804350000 8.061650e+03 
2806500000 8.034250e+03 
2808650000 8.043150e+03 
2810800000 8.019625e+03 
2812950000 8.029250e+03 
2815100000 8.029475e+03 
2817250000 8.030600e+03 
2819400000 8.021050e+03 
2821550000 8.031400e+03 
2823700000 8.026925e+03 
2825850000 8.038250e+03 
2828000000 8.049125e+03 
2.830150e+09 8.020200e+03 
2832300000 8.028950e+03 
2834450000 8.015775e+03 
2836600000 8.022375e+03 
2838750000 8.043925e+03 
2840900000 8.045800e+03 
2843050000 8.031225e+03 
2845200000 8.019125e+03 
2847350000 8.032350e+03 
2849500000 8.044575e+03 
2851650000 8.027050e+03 
2853800000 8.051225e+03 
2855950000 8.033250e+03 
2858100000 8.022500e+03 
2.860250e+09 8.031300e+03 
2862400000 8.025425e+03 
2864550000 8.039375e+03 
2866700000 8.040525e+03 
2868850000 8.032150e+03 
2871000000 8.039900e+03 
2873150000 8.000450e+03 
2875300000 8013 
2877450000 8.037425e+03 
2879600000 8.042450e+03 
2881750000 8.028250e+03 
2883900000 8.043025e+03 
2886050000 8.037125e+03 
2888200000 8.042325e+03 
2.890350e+09 8.038525e+03 
2892500000 8.008400e+03 
2894650000 8.025550e+03 
2896800000 8.033100e+03 
2898950000 8.018275e+03 
2901100000 8.043175e+03 
2903250000 8.030575e+03 
2905400000 8.027975e+03 
2907550000 8.032675e+03 
2909700000 8.018500e+03 
2911850000 8.045225e+03 
2914000000 8.041900e+03 
2916150000 8.026675e+03 
2918300000 8.041275e+03 
2920450000 8.035150e+03 
2922600000 8.038525e+03 
2924750000 8.029700e+03 
2926900000 8.056325e+03 
2929050000 8.030050e+03 
2931200000 8.045900e+03 
2933350000 8.027150e+03 
2935500000 8.060425e+03 
2937650000 8.041175e+03 
2939800000 8.058500e+03 
2941950000 8.039500e+03 
2.944100e+09 8.024375e+03 
2946250000 8.054200e+03 
2948400000 8.026175e+03 
2950550000 8.034350e+03 
2952700000 8.034825e+03 
2954850000 8.034250e+03 
2957000000 8.027275e+03 
2959150000 8.021400e+03 
2961300000 8.049850e+03 
2963450000 8.036875e+03 
2965600000 8.050900e+03 
2967750000 8.043650e+03 
2969900000 8.047600e+03 
2972050000 8.034125e+03 
2974200000 8.037925e+03 
2976350000 8.028725e+03 
2978500000 8.040875e+03 
2980650000 8.040675e+03 
2982800000 8.012150e+03 
2984950000 8.027700e+03 
2987100000 8.044800e+03 
2989250000 8.024475e+03 
2991400000 8.026025e+03 
2993550000 8.036600e+03 
2995700000 8.045925e+03 
2997850000 8.023475e+03 
3000000000 8.038675e+03 

END
