IGOR
WAVES/D/O sweep,sig(1) 
BEGIN
2470000000 7.187700e+03 
2472000000 7.182850e+03 
2474000000 7.184075e+03 
2476000000 7.184725e+03 
2478000000 7.193250e+03 
2480000000 7.189950e+03 
2482000000 7.189100e+03 
2484000000 7187 
2486000000 7.183975e+03 
2488000000 7.184975e+03 
2490000000 7.188050e+03 
2492000000 7.168550e+03 
2494000000 7.179550e+03 
2496000000 7.187575e+03 
2498000000 7.190175e+03 
2500000000 7.195525e+03 
2502000000 7.178125e+03 
2504000000 7.195125e+03 
2506000000 7.171850e+03 
2508000000 7.204450e+03 
2510000000 7.189350e+03 
2512000000 7.183700e+03 
2514000000 7.199675e+03 
2516000000 7.171600e+03 
2518000000 7.168725e+03 
2520000000 7.187650e+03 
2.522000e+09 7.187500e+03 
2524000000 7.181625e+03 
2.526000e+09 7.173275e+03 
2528000000 7.147175e+03 
2.530000e+09 7.173600e+03 
2532000000 7.167375e+03 
2.534000e+09 7.155725e+03 
2536000000 7.162375e+03 
2.538000e+09 7.167725e+03 
2540000000 7.153125e+03 
2.542000e+09 7.134350e+03 
2544000000 7.168525e+03 
2.546000e+09 7.163525e+03 
2548000000 7.140250e+03 
2.550000e+09 7.172950e+03 
2552000000 7.165650e+03 
2.554000e+09 7.163425e+03 
2556000000 7.176625e+03 
2.558000e+09 7.180500e+03 
2560000000 7.183900e+03 
2.562000e+09 7.178675e+03 
2564000000 7.185600e+03 
2.566000e+09 7.166050e+03 
2568000000 7.153175e+03 
2.570000e+09 7.166800e+03 
2572000000 7.197475e+03 
2.574000e+09 7.183625e+03 
2576000000 7.159825e+03 
2.578000e+09 7.182125e+03 
2580000000 7.184625e+03 
2.582000e+09 7.192375e+03 
2584000000 7.172200e+03 
2.586000e+09 7.169275e+03 
2588000000 7.198025e+03 
2.590000e+09 7.171525e+03 
2592000000 7.184675e+03 
2.594000e+09 7.187650e+03 
2596000000 7.177300e+03 
2.598000e+09 7.168575e+03 
2600000000 7.174225e+03 
2.602000e+09 7.204625e+03 
2604000000 7.182725e+03 
2.606000e+09 7.176175e+03 
2608000000 7.170875e+03 
2.610000e+09 7.193950e+03 
2612000000 7.183600e+03 
2.614000e+09 7.176700e+03 
2616000000 7.176850e+03 
2.618000e+09 7.178875e+03 
2620000000 7.187150e+03 
2.622000e+09 7.183300e+03 
2624000000 7.173750e+03 
2.626000e+09 7168 
2628000000 7.173875e+03 
2.630000e+09 7.142300e+03 
2632000000 7.145025e+03 
2.634000e+09 7.144575e+03 
2636000000 7.138725e+03 
2.638000e+09 7108 
2640000000 7.143175e+03 
2.642000e+09 7.157050e+03 
2644000000 7.150950e+03 
2646000000 7.174650e+03 
2648000000 7.193700e+03 
2.650000e+09 7.182525e+03 
2652000000 7.201700e+03 
2654000000 7.183950e+03 
2656000000 7.173650e+03 
2.658000e+09 7.201875e+03 
2660000000 7.187100e+03 
2662000000 7.179375e+03 
2664000000 7.193375e+03 
2.666000e+09 7.164575e+03 
2668000000 7.157175e+03 
2670000000 7.178500e+03 
2672000000 7.185900e+03 
2.674000e+09 7.133225e+03 
2676000000 7.150700e+03 
2678000000 7134 
2680000000 7.126925e+03 
2.682000e+09 7.125700e+03 
2684000000 7.136725e+03 
2686000000 7.157425e+03 
2688000000 7.151975e+03 
2.690000e+09 7.142075e+03 
2692000000 7.154975e+03 
2694000000 7.164625e+03 
2696000000 7.177375e+03 
2698000000 7.165825e+03 
2700000000 7.189250e+03 
2702000000 7.186250e+03 
2704000000 7.183300e+03 
2706000000 7.200475e+03 
2708000000 7.198400e+03 
2710000000 7.165350e+03 
2712000000 7.190350e+03 
2714000000 7.184825e+03 
2716000000 7.178950e+03 
2718000000 7.164825e+03 
2720000000 7.186875e+03 
2722000000 7.162500e+03 
2724000000 7.182275e+03 
2726000000 7.181050e+03 
2728000000 7.177775e+03 
2730000000 7.183850e+03 
2732000000 7.175775e+03 
2734000000 7.191125e+03 
2736000000 7.189150e+03 
2738000000 7.188475e+03 
2740000000 7.167400e+03 
2742000000 7.172650e+03 
2744000000 7.184150e+03 
2746000000 7.187425e+03 
2748000000 7.173125e+03 
2750000000 7.180400e+03 
2752000000 7.174850e+03 
2754000000 7.191125e+03 
2756000000 7.152550e+03 
2758000000 7.194275e+03 
2760000000 7.182725e+03 
2762000000 7.169500e+03 
2764000000 7.159550e+03 
2766000000 7.157775e+03 
2768000000 7.166825e+03 
2770000000 7.159600e+03 
2.772000e+09 7.144125e+03 
2774000000 7.167325e+03 
2.776000e+09 7.172400e+03 
2778000000 7.175250e+03 
2.780000e+09 7.156550e+03 
2782000000 7.181200e+03 
2.784000e+09 7.186850e+03 
2786000000 7180 
2.788000e+09 7.173500e+03 
2790000000 7.196250e+03 
2.792000e+09 7.185625e+03 
2794000000 7.179125e+03 
2.796000e+09 7183 
2798000000 7.186675e+03 
2.800000e+09 7.199075e+03 
2802000000 7.204500e+03 
2.804000e+09 7.190100e+03 
2806000000 7.190950e+03 
2.808000e+09 7.192500e+03 
2810000000 7.186450e+03 
2.812000e+09 7.157200e+03 
2814000000 7.179875e+03 
2.816000e+09 7.190800e+03 
2818000000 7.201625e+03 
2.820000e+09 7.195375e+03 
2822000000 7.168125e+03 
2.824000e+09 7.192025e+03 
2826000000 7.191675e+03 
2.828000e+09 7.174250e+03 
2830000000 7.182300e+03 
2832000000 7.175875e+03 
2834000000 7.173725e+03 
2.836000e+09 7.191875e+03 
2838000000 7.179350e+03 
2.840000e+09 7.190025e+03 
2842000000 7.192800e+03 
2.844000e+09 7.182250e+03 
2846000000 7.187875e+03 
2848000000 7.174075e+03 
2850000000 7.183050e+03 
2.852000e+09 7.188025e+03 
2854000000 7.170150e+03 
2.856000e+09 7.191325e+03 
2858000000 7.176450e+03 
2.860000e+09 7.203200e+03 
2862000000 7.163800e+03 
2864000000 7.152700e+03 
2866000000 7.184750e+03 
2.868000e+09 7.183250e+03 
2870000000 7.171400e+03 

END
