IGOR
WAVES/D/O sweep,sig(1) 
BEGIN
3550000000 3.152917e+02 
3.551000e+09 3.159833e+02 
3.552000e+09 3.162583e+02 
3553000000 3.172875e+02 
3554000000 3.161625e+02 
3.555000e+09 3.146167e+02 
3556000000 3.165125e+02 
3557000000 3.167292e+02 
3558000000 3.178542e+02 
3.559000e+09 3.168583e+02 
3.560000e+09 3.168708e+02 
3561000000 3.160500e+02 
3562000000 3.175167e+02 
3.563000e+09 3.142792e+02 
3564000000 3.157708e+02 
3565000000 3.158708e+02 
3566000000 3.166833e+02 
3.567000e+09 3.166250e+02 
3.568000e+09 3.167000e+02 
3569000000 3.161958e+02 
3570000000 3.166083e+02 
3.571000e+09 3.178792e+02 
3572000000 3.157958e+02 
3573000000 3.157083e+02 
3574000000 3.181500e+02 
3.575000e+09 3.161625e+02 
3.576000e+09 3.158125e+02 
3577000000 318 
3578000000 3.185958e+02 
3.579000e+09 3.148667e+02 
3580000000 3.142750e+02 
3581000000 3.159583e+02 
3582000000 3.141000e+02 
3.583000e+09 3.184375e+02 
3.584000e+09 3.168625e+02 
3585000000 3.163792e+02 
3586000000 3.157333e+02 
3.587000e+09 3.176583e+02 
3588000000 3.169583e+02 
3589000000 3.168000e+02 
3590000000 3.160500e+02 
3.591000e+09 3.159417e+02 
3.592000e+09 3.155375e+02 
3593000000 3.173958e+02 
3594000000 3.174125e+02 
3.595000e+09 3.158167e+02 
3596000000 3.168333e+02 
3597000000 3.181083e+02 
3598000000 3.156833e+02 
3.599000e+09 3.154167e+02 
3.600000e+09 3.170833e+02 
3601000000 3.161583e+02 
3602000000 3.181917e+02 
3.603000e+09 3.159083e+02 
3604000000 3.172000e+02 
3605000000 3.161292e+02 
3606000000 3.158250e+02 
3607000000 3.161542e+02 
3.608000e+09 3.145875e+02 
3609000000 3.146167e+02 
3610000000 3.166083e+02 
3611000000 3.148500e+02 
3612000000 3.172583e+02 
3613000000 3.148417e+02 
3614000000 3.162417e+02 
3615000000 3.148167e+02 
3.616000e+09 3.163458e+02 
3617000000 3.173000e+02 
3618000000 3.167875e+02 
3619000000 3.163167e+02 
3620000000 3.170833e+02 
3621000000 3.181958e+02 
3622000000 3.162458e+02 
3623000000 3.174250e+02 
3.624000e+09 3.167542e+02 
3625000000 3.170875e+02 
3626000000 3.166750e+02 
3627000000 3.177500e+02 
3628000000 3.160833e+02 
3629000000 3.132833e+02 
3630000000 3.154750e+02 
3631000000 3.186625e+02 
3.632000e+09 3.175667e+02 
3633000000 3.177708e+02 
3634000000 3.135833e+02 
3635000000 3.173875e+02 
3636000000 3.152542e+02 
3637000000 3.155250e+02 
3638000000 3.151250e+02 
3639000000 3.154250e+02 
3.640000e+09 3.164875e+02 
3641000000 3.121375e+02 
3642000000 3.146875e+02 
3643000000 3.166042e+02 
3644000000 3.135542e+02 
3645000000 3.115375e+02 
3646000000 3.153125e+02 
3647000000 3.130708e+02 
3.648000e+09 3.102208e+02 
3649000000 3.109292e+02 
3650000000 3.116042e+02 
3651000000 3.136958e+02 
3652000000 3.138833e+02 
3653000000 3.111958e+02 
3654000000 3.127708e+02 
3655000000 3.126208e+02 
3.656000e+09 3.131250e+02 
3657000000 3.134042e+02 
3658000000 3.142583e+02 
3659000000 3.126417e+02 
3660000000 3.134792e+02 
3661000000 3.156333e+02 
3662000000 3.175958e+02 
3663000000 3.188500e+02 
3.664000e+09 3.161667e+02 
3665000000 3.153958e+02 
3666000000 3.168000e+02 
3667000000 3.158625e+02 
3668000000 3.131208e+02 
3669000000 3.163167e+02 
3670000000 3.148333e+02 
3671000000 3.144208e+02 
3.672000e+09 3.163000e+02 
3673000000 3.148333e+02 
3674000000 3.189875e+02 
3675000000 3.170917e+02 
3676000000 3.167708e+02 
3677000000 3.164250e+02 
3678000000 3.165417e+02 
3679000000 3.158750e+02 
3.680000e+09 3.154333e+02 
3681000000 3.166333e+02 
3682000000 3.144208e+02 
3683000000 3.145208e+02 
3684000000 3.174000e+02 
3685000000 3.165917e+02 
3686000000 3.133208e+02 
3687000000 3.148125e+02 
3.688000e+09 3.166500e+02 
3689000000 3.161250e+02 
3690000000 3.156708e+02 
3691000000 3.163750e+02 
3692000000 3.152125e+02 
3693000000 3.165333e+02 
3694000000 3.166333e+02 
3695000000 3.175417e+02 
3.696000e+09 3.157625e+02 
3697000000 3.146667e+02 
3698000000 3.152083e+02 
3699000000 3.156250e+02 
3700000000 3.164500e+02 
3701000000 3.170500e+02 
3702000000 3.165708e+02 
3703000000 3.178708e+02 
3.704000e+09 3.183417e+02 
3705000000 3.172625e+02 
3706000000 3.155750e+02 
3707000000 3.152750e+02 
3708000000 3.167833e+02 
3709000000 3.163000e+02 
3710000000 3.177000e+02 
3711000000 3.170208e+02 
3.712000e+09 3.169750e+02 
3713000000 3.151042e+02 
3714000000 3.190750e+02 
3715000000 3.159500e+02 
3716000000 3.164917e+02 
3717000000 3.168458e+02 
3718000000 3.168792e+02 
3719000000 3.154583e+02 
3.720000e+09 3.170458e+02 
3721000000 3.171708e+02 
3722000000 3.136167e+02 
3723000000 3.161250e+02 
3724000000 3.178958e+02 
3725000000 3.164792e+02 
3726000000 3.166708e+02 
3727000000 3.176125e+02 
3.728000e+09 3.164083e+02 
3729000000 3.159958e+02 
3730000000 3.171250e+02 
3731000000 3.171792e+02 
3732000000 3.169625e+02 
3733000000 3.171333e+02 
3734000000 3.156708e+02 
3735000000 3.188958e+02 
3736000000 3.159167e+02 
3737000000 3.168250e+02 
3738000000 3.175250e+02 
3739000000 3.166208e+02 
3740000000 3.165792e+02 
3741000000 3.170375e+02 
3742000000 3.173083e+02 
3743000000 3.169583e+02 
3744000000 3.176375e+02 
3745000000 3.165792e+02 
3746000000 3.185042e+02 
3747000000 3.169333e+02 
3748000000 3.159625e+02 
3749000000 3.143250e+02 
3750000000 3.162708e+02 

END
X//SEQUENCE PARAMETERS
X//meas
X//SPCM
X//meas2
X//PD0 not connected
X//bGo
X//0
X//bExp
X//0
X//bTomo
X//false
X//name
X//ESR
X//From
X//3.55
X//To
X//3.75
X//bSweep1log
X//0
X//N
X//201
X//From2
X//0
X//bSweep2log
X//0
X//bSweep2
X//0
X//To2
X//200
X//N2
X//21
X//From3
X//0
X//bSweep3log
X//0
X//bSweep3
X//0
X//To3
X//200
X//N3
X//21
X//pi
X//200
X//halfpi
X//100
X//interval
X//5000
X//readout
X//10000
X//misc
X//10
X//CtrGateDur
X//400
X//bWarmUpAOM
X//0
X//bTrack
X//0
X//saveRaw
X//0
X//post_init_wait
X//5000
X//post_MW_wait
X//1000
X//P1Pulse
X//0
X//TrackPointN
X//13
X//DEERpi
X//200
X//DEERt
X//5000
X//bAAR
X//1
X//Repeat
X//60000
X//Average
X//99999
X//bCust
X//0
X//measPD
X//0
X//bRaman
X//0
X//NSweepParam
X//201
X//bGoAfterAvg
X//1
X//bCtr
X//0
X//m
X//200
X//ctrN
X//1
X//bRandom
X//0
X//dataN
X//1
X//refCounts
X//0
X//iAverage
X//6
X//bAutoRun
X//0
X//bLiO
X//1
