IGOR
WAVES/D/O sweep,sig(1) 
BEGIN
2830000000 9.435500e+02 
2830400000 9.462000e+02 
2830800000 9.529000e+02 
2831200000 9.601500e+02 
2831600000 9.636000e+02 
2832000000 9.533000e+02 
2.832400e+09 9.602000e+02 
2832800000 9.544000e+02 
2833200000 9.569000e+02 
2833600000 9.502000e+02 
2834000000 9.438500e+02 
2834400000 9.538500e+02 
2834800000 9.609000e+02 
2835200000 9.503000e+02 
2835600000 9.617000e+02 
2.836000e+09 9.573500e+02 
2.836400e+09 9.449500e+02 
2836800000 9.426500e+02 
2837200000 9.596500e+02 
2837600000 9.661000e+02 
2838000000 9.554500e+02 
2838400000 9.568500e+02 
2838800000 9.550500e+02 
2839200000 9.495500e+02 
2839600000 9.461500e+02 
2840000000 9.464500e+02 
2.840400e+09 9.404000e+02 
2840800000 9.451000e+02 
2841200000 9.598500e+02 
2841600000 9.443000e+02 
2842000000 9.509000e+02 
2842400000 9.406000e+02 
2842800000 9.445500e+02 
2843200000 9.549000e+02 
2843600000 9.548000e+02 
2.844000e+09 9.467500e+02 
2.844400e+09 9.394000e+02 
2844800000 9.446000e+02 
2845200000 9.556000e+02 
2845600000 9.402000e+02 
2846000000 9.471000e+02 
2846400000 9.389000e+02 
2846800000 9.336000e+02 
2847200000 9.379000e+02 
2847600000 9.506000e+02 
2848000000 9.461500e+02 
2.848400e+09 9.589500e+02 
2848800000 9.444000e+02 
2849200000 9.421000e+02 
2849600000 9.399500e+02 
2850000000 9.443000e+02 
2850400000 9.391500e+02 
2850800000 9.327000e+02 
2851200000 9.446500e+02 
2851600000 9.428500e+02 
2.852000e+09 9.486500e+02 
2.852400e+09 9.443000e+02 
2852800000 9.332500e+02 
2853200000 9.390500e+02 
2853600000 9.409000e+02 
2854000000 9.445000e+02 
2854400000 9.409000e+02 
2854800000 9.416500e+02 
2855200000 9.362500e+02 
2855600000 9.438500e+02 
2856000000 9.464000e+02 
2.856400e+09 9.434000e+02 
2856800000 9.404000e+02 
2857200000 9.476000e+02 
2857600000 9.487000e+02 
2858000000 9.406000e+02 
2858400000 9.473000e+02 
2858800000 9.399500e+02 
2859200000 9.399500e+02 
2859600000 9.400500e+02 
2.860000e+09 9.406500e+02 
2.860400e+09 941 
2860800000 9.475000e+02 
2861200000 9.516000e+02 
2861600000 9.510500e+02 
2862000000 9.505500e+02 
2862400000 9.412500e+02 
2862800000 9.427000e+02 
2863200000 942 
2863600000 9.478500e+02 
2864000000 9.485000e+02 
2.864400e+09 9.444500e+02 
2864800000 9.563000e+02 
2865200000 9.498500e+02 
2865600000 9.424500e+02 
2866000000 9.551500e+02 
2866400000 9.604500e+02 
2866800000 9.418500e+02 
2867200000 9.449500e+02 
2867600000 9.547500e+02 
2.868000e+09 9.431000e+02 
2.868400e+09 9.485500e+02 
2.868800e+09 9.539000e+02 
2869200000 9.466000e+02 
2869600000 9.641500e+02 
2870000000 9.539500e+02 
2870400000 9.571500e+02 
2870800000 9.497000e+02 
2871200000 9.584000e+02 
2871600000 9.494500e+02 
2872000000 9.493500e+02 
2.872400e+09 9.406000e+02 
2.872800e+09 9.582000e+02 
2873200000 9.663500e+02 
2873600000 9.353000e+02 
2874000000 9.553000e+02 
2874400000 9.593500e+02 
2874800000 9.644000e+02 
2875200000 9.559000e+02 
2875600000 9.650500e+02 
2.876000e+09 9.497500e+02 
2.876400e+09 9.528000e+02 
2.876800e+09 9.568500e+02 
2877200000 9.394000e+02 
2877600000 9.505500e+02 
2878000000 9.549000e+02 
2878400000 9.487500e+02 
2878800000 9.574000e+02 
2879200000 9.607500e+02 
2879600000 9.585500e+02 
2880000000 9.497500e+02 
2.880400e+09 9.654000e+02 
2.880800e+09 9.604000e+02 
2881200000 9.398500e+02 
2881600000 963 
2882000000 9.549000e+02 
2882400000 9.519500e+02 
2882800000 9.606000e+02 
2883200000 9.489000e+02 
2883600000 9.491500e+02 
2.884000e+09 9.500500e+02 
2.884400e+09 949 
2.884800e+09 9.639000e+02 
2885200000 9.507000e+02 
2885600000 9.594000e+02 
2886000000 9.501500e+02 
2886400000 9.649000e+02 
2886800000 9.472500e+02 
2887200000 9.490500e+02 
2887600000 9.416500e+02 
2888000000 9.512500e+02 
2.888400e+09 9.396500e+02 
2.888800e+09 9.558500e+02 
2889200000 9.466500e+02 
2889600000 9.442000e+02 
2890000000 9.493500e+02 
2890400000 9.488500e+02 
2890800000 9.537000e+02 
2891200000 9.446500e+02 
2891600000 9.429000e+02 
2.892000e+09 9.476000e+02 
2.892400e+09 9.365000e+02 
2.892800e+09 9.394000e+02 
2893200000 9.405000e+02 
2893600000 9.415500e+02 
2894000000 9.211000e+02 
2894400000 9.333500e+02 
2894800000 9.368000e+02 
2895200000 9.436500e+02 
2895600000 9.367500e+02 
2896000000 9.478500e+02 
2.896400e+09 9.302000e+02 
2.896800e+09 9.506000e+02 
2897200000 9.567000e+02 
2897600000 9.383500e+02 
2898000000 9.402500e+02 
2898400000 9.301000e+02 
2898800000 9.466000e+02 
2899200000 9.457000e+02 
2899600000 9.428000e+02 
2.900000e+09 9.446000e+02 
2.900400e+09 9.358500e+02 
2.900800e+09 9.361500e+02 
2901200000 9.458000e+02 
2901600000 9.471500e+02 
2902000000 9.415000e+02 
2902400000 9.394000e+02 
2902800000 9.426500e+02 
2903200000 9.478000e+02 
2903600000 9.392000e+02 
2904000000 9.405500e+02 
2.904400e+09 9.277500e+02 
2.904800e+09 9.388500e+02 
2905200000 9.318500e+02 
2905600000 9.359500e+02 
2906000000 9.435500e+02 
2906400000 9.483000e+02 
2906800000 9.492000e+02 
2907200000 9.540500e+02 
2907600000 9.482500e+02 
2.908000e+09 9.524500e+02 
2.908400e+09 9.542000e+02 
2.908800e+09 9.383000e+02 
2909200000 9.384500e+02 
2909600000 9.338500e+02 
2910000000 9.427500e+02 

END
