IGOR
WAVES/D/O sweep,sig(1) 
BEGIN
2830000000 1.162050e+03 
2830400000 1.143650e+03 
2830800000 1.155250e+03 
2831200000 1.141750e+03 
2831600000 1.139150e+03 
2832000000 1.142550e+03 
2.832400e+09 1.134300e+03 
2832800000 1.150550e+03 
2833200000 1.132600e+03 
2833600000 1.130550e+03 
2834000000 1123 
2834400000 1.143150e+03 
2834800000 1.156800e+03 
2835200000 1133 
2835600000 1.162050e+03 
2.836000e+09 1.145350e+03 
2.836400e+09 1.146250e+03 
2836800000 1.152700e+03 
2837200000 1.134050e+03 
2837600000 1.128700e+03 
2838000000 1.146550e+03 
2838400000 1.143650e+03 
2838800000 1.140550e+03 
2839200000 1.137750e+03 
2839600000 1.137200e+03 
2840000000 1.138250e+03 
2.840400e+09 1.151500e+03 
2840800000 1.143900e+03 
2841200000 1.144400e+03 
2841600000 1.115600e+03 
2842000000 1.135850e+03 
2842400000 1.139250e+03 
2842800000 1.130400e+03 
2843200000 1.141700e+03 
2843600000 1.127800e+03 
2.844000e+09 1.133750e+03 
2.844400e+09 1.126950e+03 
2844800000 1.146100e+03 
2845200000 1.141600e+03 
2845600000 1.123100e+03 
2846000000 1.135450e+03 
2846400000 1.130300e+03 
2846800000 1.132600e+03 
2847200000 1.132600e+03 
2847600000 1.117250e+03 
2848000000 1124 
2.848400e+09 1.119150e+03 
2848800000 1.113350e+03 
2849200000 1.119950e+03 
2849600000 1.127550e+03 
2850000000 1.108300e+03 
2850400000 1.116950e+03 
2850800000 1.124400e+03 
2851200000 1.113700e+03 
2851600000 1.125100e+03 
2.852000e+09 1.117400e+03 
2.852400e+09 1.120200e+03 
2852800000 1.111200e+03 
2853200000 1.100050e+03 
2853600000 1.110150e+03 
2854000000 1.096150e+03 
2854400000 1.097550e+03 
2854800000 1098 
2855200000 1.099700e+03 
2855600000 1.092300e+03 
2856000000 1.109050e+03 
2.856400e+09 1.090550e+03 
2856800000 1.095600e+03 
2857200000 1.104950e+03 
2857600000 1.081800e+03 
2858000000 1.086400e+03 
2858400000 1.082650e+03 
2858800000 1.068150e+03 
2859200000 1.091600e+03 
2859600000 1.068250e+03 
2.860000e+09 1.076600e+03 
2.860400e+09 1.066050e+03 
2860800000 1.063650e+03 
2861200000 1.082650e+03 
2861600000 1.094750e+03 
2862000000 1.072450e+03 
2862400000 1.082400e+03 
2862800000 1.071850e+03 
2863200000 1.066100e+03 
2863600000 1.078300e+03 
2864000000 1.072400e+03 
2.864400e+09 1.059400e+03 
2864800000 1.070900e+03 
2865200000 1.063450e+03 
2865600000 1.069100e+03 
2866000000 1.075250e+03 
2866400000 1085 
2866800000 1.079350e+03 
2867200000 1.084700e+03 
2867600000 1.086250e+03 
2.868000e+09 1.088150e+03 
2.868400e+09 1.080450e+03 
2.868800e+09 1.085950e+03 
2869200000 1.089900e+03 
2869600000 1.084200e+03 
2870000000 1.082150e+03 
2870400000 1.071750e+03 
2870800000 1.089650e+03 
2871200000 1.099050e+03 
2871600000 1.088550e+03 
2872000000 1.102500e+03 
2.872400e+09 1.078200e+03 
2.872800e+09 1.084250e+03 
2873200000 1.070700e+03 
2873600000 1.085200e+03 
2874000000 1.078250e+03 
2874400000 1.076900e+03 
2874800000 1.058650e+03 
2875200000 1.047950e+03 
2875600000 1.067200e+03 
2.876000e+09 1.069950e+03 
2.876400e+09 1.073900e+03 
2.876800e+09 1.053200e+03 
2877200000 1075 
2877600000 1067 
2878000000 1.064200e+03 
2878400000 1.060550e+03 
2878800000 1.062900e+03 
2879200000 1064 
2879600000 1069 
2880000000 1.062100e+03 
2.880400e+09 1.065350e+03 
2.880800e+09 1.065350e+03 
2881200000 1.053550e+03 
2881600000 1.065450e+03 
2882000000 1.078950e+03 
2882400000 1.072700e+03 
2882800000 1.088750e+03 
2883200000 1.073500e+03 
2883600000 1.085700e+03 
2.884000e+09 1.077450e+03 
2.884400e+09 1090 
2.884800e+09 1.093050e+03 
2885200000 1096 
2885600000 1.093900e+03 
2886000000 1.099200e+03 
2886400000 1.083400e+03 
2886800000 1.098650e+03 
2887200000 1.096650e+03 
2887600000 1.111500e+03 
2888000000 1.106900e+03 
2.888400e+09 1.114600e+03 
2.888800e+09 1.120450e+03 
2889200000 1.125800e+03 
2889600000 1.118100e+03 
2890000000 1.129800e+03 
2890400000 1.112400e+03 
2890800000 1.124850e+03 
2891200000 1.125400e+03 
2891600000 1.123150e+03 
2.892000e+09 1.129300e+03 
2.892400e+09 1.126200e+03 
2.892800e+09 1.124200e+03 
2893200000 1.133150e+03 
2893600000 1.131700e+03 
2894000000 1123 
2894400000 1.144350e+03 
2894800000 1.129750e+03 
2895200000 1.131600e+03 
2895600000 1.138250e+03 
2896000000 1.130150e+03 
2.896400e+09 1.110650e+03 
2.896800e+09 1.120750e+03 
2897200000 1.125450e+03 
2897600000 1.135650e+03 
2898000000 1.123150e+03 
2898400000 1.146900e+03 
2898800000 1.161700e+03 
2899200000 1.152650e+03 
2899600000 1.138950e+03 
2.900000e+09 1.150950e+03 
2.900400e+09 1.152100e+03 
2.900800e+09 1.142450e+03 
2901200000 1123 
2901600000 1.133950e+03 
2902000000 1.125550e+03 
2902400000 1.134850e+03 
2902800000 1.126850e+03 
2903200000 1.135550e+03 
2903600000 1.138950e+03 
2904000000 1.137400e+03 
2.904400e+09 1.147800e+03 
2.904800e+09 1.132700e+03 
2905200000 1.147750e+03 
2905600000 1.155950e+03 
2906000000 1154 
2906400000 1.128700e+03 
2906800000 1.137250e+03 
2907200000 1142 
2907600000 1.143500e+03 
2.908000e+09 1.141600e+03 
2.908400e+09 1.137600e+03 
2.908800e+09 1.155400e+03 
2909200000 1.151950e+03 
2909600000 1.158250e+03 
2910000000 1.155650e+03 

END
