IGOR
WAVES/D/O sweep,sig(1) 
BEGIN
2830000000 9.633500e+02 
2830400000 9.640500e+02 
2830800000 9.680500e+02 
2831200000 9.654000e+02 
2831600000 9.483500e+02 
2832000000 9.638000e+02 
2.832400e+09 9.574000e+02 
2832800000 9.535500e+02 
2833200000 9.556000e+02 
2833600000 9.610500e+02 
2834000000 9.706500e+02 
2834400000 9.585000e+02 
2834800000 9.661000e+02 
2835200000 9.648500e+02 
2835600000 9.629500e+02 
2.836000e+09 9.692500e+02 
2.836400e+09 9.586000e+02 
2836800000 9.611000e+02 
2837200000 9.521500e+02 
2837600000 9.675000e+02 
2838000000 9.372500e+02 
2838400000 9.541000e+02 
2838800000 9.585500e+02 
2839200000 9.578000e+02 
2839600000 9.581500e+02 
2840000000 9.553500e+02 
2.840400e+09 9.562000e+02 
2840800000 964 
2841200000 9.436500e+02 
2841600000 962 
2842000000 9.504000e+02 
2842400000 9.527500e+02 
2842800000 9.585000e+02 
2843200000 9.459000e+02 
2843600000 9.491000e+02 
2.844000e+09 9.477500e+02 
2.844400e+09 9.568500e+02 
2844800000 9.622000e+02 
2845200000 9.509500e+02 
2845600000 9.576500e+02 
2846000000 9.551500e+02 
2846400000 9.557000e+02 
2846800000 963 
2847200000 9.571000e+02 
2847600000 9.580500e+02 
2848000000 9.386500e+02 
2.848400e+09 9.455500e+02 
2848800000 9.428500e+02 
2849200000 9.447500e+02 
2849600000 9.470500e+02 
2850000000 9.483000e+02 
2850400000 9.622000e+02 
2850800000 9.491500e+02 
2851200000 9.590500e+02 
2851600000 9.641500e+02 
2.852000e+09 9.419500e+02 
2.852400e+09 9.347500e+02 
2852800000 9.466500e+02 
2853200000 9.478500e+02 
2853600000 9.435000e+02 
2854000000 9.501500e+02 
2854400000 9.561500e+02 
2854800000 9.549500e+02 
2855200000 9.389000e+02 
2855600000 947 
2856000000 9.481000e+02 
2.856400e+09 9.531000e+02 
2856800000 9.557000e+02 
2857200000 9.512000e+02 
2857600000 9.584500e+02 
2858000000 9.522500e+02 
2858400000 9.498500e+02 
2858800000 9.406500e+02 
2859200000 9.434500e+02 
2859600000 9.395500e+02 
2.860000e+09 943 
2.860400e+09 9.385000e+02 
2860800000 9.565000e+02 
2861200000 950 
2861600000 9.497000e+02 
2862000000 9.576000e+02 
2862400000 9.689000e+02 
2862800000 9.519500e+02 
2863200000 9.451000e+02 
2863600000 9.448500e+02 
2864000000 9.440500e+02 
2.864400e+09 9.591000e+02 
2864800000 9.459500e+02 
2865200000 9.529500e+02 
2865600000 9.620500e+02 
2866000000 9.562000e+02 
2866400000 9.635000e+02 
2866800000 9.586000e+02 
2867200000 9.581000e+02 
2867600000 9.472000e+02 
2.868000e+09 9.649500e+02 
2.868400e+09 9.534000e+02 
2.868800e+09 9.411500e+02 
2869200000 9.504000e+02 
2869600000 9.468000e+02 
2870000000 958 
2870400000 9.598000e+02 
2870800000 9.404000e+02 
2871200000 9.512000e+02 
2871600000 9.627000e+02 
2872000000 9.600500e+02 
2.872400e+09 9.702500e+02 
2.872800e+09 971 
2873200000 9.677000e+02 
2873600000 9.718500e+02 
2874000000 9.564500e+02 
2874400000 9.549500e+02 
2874800000 9.524500e+02 
2875200000 9.579500e+02 
2875600000 9.596500e+02 
2.876000e+09 9.541500e+02 
2.876400e+09 9.564000e+02 
2.876800e+09 9.440500e+02 
2877200000 960 
2877600000 9.562000e+02 
2878000000 9.594000e+02 
2878400000 9.575000e+02 
2878800000 9.652000e+02 
2879200000 9.649000e+02 
2879600000 9.582000e+02 
2880000000 9.518000e+02 
2.880400e+09 9.530500e+02 
2.880800e+09 9.641500e+02 
2881200000 9.477000e+02 
2881600000 9.637500e+02 
2882000000 9.557000e+02 
2882400000 9.594500e+02 
2882800000 966 
2883200000 9.673000e+02 
2883600000 9.551500e+02 
2.884000e+09 9.666500e+02 
2.884400e+09 9.628500e+02 
2.884800e+09 9.613000e+02 
2885200000 9.536000e+02 
2885600000 9.524000e+02 
2886000000 9.492500e+02 
2886400000 9.648000e+02 
2886800000 9.480500e+02 
2887200000 9.530500e+02 
2887600000 9.555000e+02 
2888000000 9.706000e+02 
2.888400e+09 9.647500e+02 
2.888800e+09 9.565500e+02 
2889200000 9.547500e+02 
2889600000 9.656500e+02 
2890000000 9.445000e+02 
2890400000 9.555500e+02 
2890800000 9.633500e+02 
2891200000 9.485500e+02 
2891600000 9.331000e+02 
2.892000e+09 9.351500e+02 
2.892400e+09 9.408000e+02 
2.892800e+09 9.669500e+02 
2893200000 9.563500e+02 
2893600000 9.465000e+02 
2894000000 9.361000e+02 
2894400000 9.549000e+02 
2894800000 9.467500e+02 
2895200000 9.442000e+02 
2895600000 9.339000e+02 
2896000000 9.435500e+02 
2.896400e+09 950 
2.896800e+09 9.308500e+02 
2897200000 9.486000e+02 
2897600000 9.449500e+02 
2898000000 9.467500e+02 
2898400000 954 
2898800000 9.418000e+02 
2899200000 9.477500e+02 
2899600000 9.430500e+02 
2.900000e+09 9.464000e+02 
2.900400e+09 9.512000e+02 
2.900800e+09 9.563000e+02 
2901200000 9.362500e+02 
2901600000 9.435500e+02 
2902000000 9.456500e+02 
2902400000 9.319500e+02 
2902800000 9.483500e+02 
2903200000 9.390500e+02 
2903600000 9.516000e+02 
2904000000 9.429500e+02 
2.904400e+09 9.499000e+02 
2.904800e+09 9.533000e+02 
2905200000 9.541500e+02 
2905600000 9.589000e+02 
2906000000 9.522500e+02 
2906400000 9.526500e+02 
2906800000 9.469000e+02 
2907200000 9.513500e+02 
2907600000 9.365000e+02 
2.908000e+09 9.466000e+02 
2.908400e+09 9.413500e+02 
2.908800e+09 9.550500e+02 
2909200000 9.588000e+02 
2909600000 9.568000e+02 
2910000000 9.481500e+02 

END
