IGOR
WAVES/D/O sweep,sig(1) 
BEGIN
2830000000 1.155550e+03 
2830400000 1.147150e+03 
2830800000 1.172350e+03 
2831200000 1.154750e+03 
2831600000 1.147050e+03 
2832000000 1.148550e+03 
2.832400e+09 1.136750e+03 
2832800000 1.152850e+03 
2833200000 1.158600e+03 
2833600000 1.149900e+03 
2834000000 1.132750e+03 
2834400000 1.137650e+03 
2834800000 1137 
2835200000 1.155050e+03 
2835600000 1.155700e+03 
2.836000e+09 1.139200e+03 
2.836400e+09 1.144750e+03 
2836800000 1.146500e+03 
2837200000 1.138150e+03 
2837600000 1137 
2838000000 1.135600e+03 
2838400000 1.144800e+03 
2838800000 1.150850e+03 
2839200000 1.139850e+03 
2839600000 1.143550e+03 
2840000000 1.144650e+03 
2.840400e+09 1152 
2840800000 1.139700e+03 
2841200000 1.142450e+03 
2841600000 1.132250e+03 
2842000000 1.144400e+03 
2842400000 1.148350e+03 
2842800000 1.135800e+03 
2843200000 1.119650e+03 
2843600000 1.136400e+03 
2.844000e+09 1.140150e+03 
2.844400e+09 1.135850e+03 
2844800000 1.128400e+03 
2845200000 1.129550e+03 
2845600000 1.154400e+03 
2846000000 1132 
2846400000 1.126950e+03 
2846800000 1.135250e+03 
2847200000 1131 
2847600000 1.123650e+03 
2848000000 1.125750e+03 
2.848400e+09 1.120700e+03 
2848800000 1.120600e+03 
2849200000 1.117600e+03 
2849600000 1.112900e+03 
2850000000 1.128900e+03 
2850400000 1.110300e+03 
2850800000 1.116800e+03 
2851200000 1.135450e+03 
2851600000 1.138650e+03 
2.852000e+09 1.106250e+03 
2.852400e+09 1.106150e+03 
2852800000 1.121800e+03 
2853200000 1.111250e+03 
2853600000 1.104200e+03 
2854000000 1.098650e+03 
2854400000 1.122550e+03 
2854800000 1.099550e+03 
2855200000 1.100800e+03 
2855600000 1113 
2856000000 1.104600e+03 
2.856400e+09 1.096950e+03 
2856800000 1.093850e+03 
2857200000 1.077500e+03 
2857600000 1.093400e+03 
2858000000 1.076950e+03 
2858400000 1.084750e+03 
2858800000 1.086250e+03 
2859200000 1.082100e+03 
2859600000 1.070600e+03 
2.860000e+09 1.077400e+03 
2.860400e+09 1.062300e+03 
2860800000 1.071300e+03 
2861200000 1.072600e+03 
2861600000 1.068900e+03 
2862000000 1.084200e+03 
2862400000 1.073650e+03 
2862800000 1.082350e+03 
2863200000 1.056550e+03 
2863600000 1.064850e+03 
2864000000 1.096800e+03 
2.864400e+09 1.074600e+03 
2864800000 1.060800e+03 
2865200000 1.078100e+03 
2865600000 1.086900e+03 
2866000000 1.071850e+03 
2866400000 1.067550e+03 
2866800000 1.088200e+03 
2867200000 1.082950e+03 
2867600000 1.078400e+03 
2.868000e+09 1.063050e+03 
2.868400e+09 1.087500e+03 
2.868800e+09 1.086950e+03 
2869200000 1.095850e+03 
2869600000 1.089700e+03 
2870000000 1.089950e+03 
2870400000 1.084500e+03 
2870800000 1.098950e+03 
2871200000 1.090300e+03 
2871600000 1.086300e+03 
2872000000 1.075850e+03 
2.872400e+09 1.088400e+03 
2.872800e+09 1.090300e+03 
2873200000 1.079900e+03 
2873600000 1.070050e+03 
2874000000 1.069250e+03 
2874400000 1.068900e+03 
2874800000 1.066250e+03 
2875200000 1.056050e+03 
2875600000 1.058650e+03 
2.876000e+09 1.074450e+03 
2.876400e+09 1.073200e+03 
2.876800e+09 1.061600e+03 
2877200000 1.066900e+03 
2877600000 1.083050e+03 
2878000000 1.069150e+03 
2878400000 1.091550e+03 
2878800000 1.062550e+03 
2879200000 1.062400e+03 
2879600000 1.061450e+03 
2880000000 1.067350e+03 
2.880400e+09 1.067050e+03 
2.880800e+09 1.051300e+03 
2881200000 1.074250e+03 
2881600000 1.095050e+03 
2882000000 1.077550e+03 
2882400000 1.081400e+03 
2882800000 1.079700e+03 
2883200000 1.104050e+03 
2883600000 1.092400e+03 
2.884000e+09 1.093350e+03 
2.884400e+09 1.081800e+03 
2.884800e+09 1.093400e+03 
2885200000 1.092300e+03 
2885600000 1.094400e+03 
2886000000 1.092050e+03 
2886400000 1.090150e+03 
2886800000 1.110900e+03 
2887200000 1.106250e+03 
2887600000 1.114800e+03 
2888000000 1113 
2.888400e+09 1.122100e+03 
2.888800e+09 1110 
2889200000 1.124500e+03 
2889600000 1.114100e+03 
2890000000 1.115050e+03 
2890400000 1.123350e+03 
2890800000 1.120150e+03 
2891200000 1.125200e+03 
2891600000 1.113850e+03 
2.892000e+09 1.129800e+03 
2.892400e+09 1.128050e+03 
2.892800e+09 1.119350e+03 
2893200000 1.136050e+03 
2893600000 1.137400e+03 
2894000000 1.137100e+03 
2894400000 1.152300e+03 
2894800000 1.133200e+03 
2895200000 1.128650e+03 
2895600000 1.142250e+03 
2896000000 1.144500e+03 
2.896400e+09 1.125100e+03 
2.896800e+09 1.132400e+03 
2897200000 1.136400e+03 
2897600000 1.131850e+03 
2898000000 1.155150e+03 
2898400000 1.138750e+03 
2898800000 1.137800e+03 
2899200000 1.150150e+03 
2899600000 1.148300e+03 
2.900000e+09 1.146900e+03 
2.900400e+09 1.144050e+03 
2.900800e+09 1.139400e+03 
2901200000 1.147350e+03 
2901600000 1.147650e+03 
2902000000 1.134550e+03 
2902400000 1.135250e+03 
2902800000 1.146100e+03 
2903200000 1.128450e+03 
2903600000 1.148350e+03 
2904000000 1.132950e+03 
2.904400e+09 1.147550e+03 
2.904800e+09 1.155450e+03 
2905200000 1.149150e+03 
2905600000 1140 
2906000000 1.145300e+03 
2906400000 1.162550e+03 
2906800000 1.154900e+03 
2907200000 1.146200e+03 
2907600000 1.146400e+03 
2.908000e+09 1150 
2.908400e+09 1154 
2.908800e+09 1.141800e+03 
2909200000 1.145550e+03 
2909600000 1.137800e+03 
2910000000 1164 

END
