IGOR
WAVES/D/O sweep,sig(1) 
BEGIN
2830000000 1.190600e+03 
2830400000 1.183450e+03 
2830800000 1.176550e+03 
2831200000 1.207150e+03 
2831600000 1.197100e+03 
2832000000 1.189900e+03 
2.832400e+09 1.188850e+03 
2832800000 1.200400e+03 
2833200000 1.190550e+03 
2833600000 1.198900e+03 
2834000000 1.202850e+03 
2834400000 1.187500e+03 
2834800000 1.183250e+03 
2835200000 1.180900e+03 
2835600000 1.189150e+03 
2.836000e+09 1.191550e+03 
2.836400e+09 1.182350e+03 
2836800000 1.187200e+03 
2837200000 1.192650e+03 
2837600000 1.193400e+03 
2838000000 1.195800e+03 
2838400000 1.195550e+03 
2838800000 1.193650e+03 
2839200000 1.184400e+03 
2839600000 1.180350e+03 
2840000000 1.192750e+03 
2.840400e+09 1.175250e+03 
2840800000 1.194450e+03 
2841200000 1.182450e+03 
2841600000 1.193250e+03 
2842000000 1.186700e+03 
2842400000 1.189150e+03 
2842800000 1.188900e+03 
2843200000 1.200550e+03 
2843600000 1.186950e+03 
2.844000e+09 1.195800e+03 
2.844400e+09 1.205700e+03 
2844800000 1.170650e+03 
2845200000 1.179050e+03 
2845600000 1.160050e+03 
2846000000 1166 
2846400000 1.171150e+03 
2846800000 1.170150e+03 
2847200000 1.175450e+03 
2847600000 1.173250e+03 
2848000000 1.184050e+03 
2.848400e+09 1.180200e+03 
2848800000 1.172500e+03 
2849200000 1.176300e+03 
2849600000 1.182350e+03 
2850000000 1.161350e+03 
2850400000 1.160750e+03 
2850800000 1.162450e+03 
2851200000 1.147200e+03 
2851600000 1.154800e+03 
2.852000e+09 1.158500e+03 
2.852400e+09 1.158050e+03 
2852800000 1.154550e+03 
2853200000 1.160650e+03 
2853600000 1.165650e+03 
2854000000 1.163300e+03 
2854400000 1.158900e+03 
2854800000 1.145600e+03 
2855200000 1.144250e+03 
2855600000 1.130550e+03 
2856000000 1.127650e+03 
2.856400e+09 1.134400e+03 
2856800000 1.126800e+03 
2857200000 1.139300e+03 
2857600000 1.122800e+03 
2858000000 1.133100e+03 
2858400000 1.130450e+03 
2858800000 1.130100e+03 
2859200000 1.140700e+03 
2859600000 1.122650e+03 
2.860000e+09 1.106800e+03 
2.860400e+09 1.120750e+03 
2860800000 1.116550e+03 
2861200000 1.126600e+03 
2861600000 1.106300e+03 
2862000000 1.096450e+03 
2862400000 1.104800e+03 
2862800000 1106 
2863200000 1.119850e+03 
2863600000 1.136450e+03 
2864000000 1.122750e+03 
2.864400e+09 1.121750e+03 
2864800000 1.117650e+03 
2865200000 1.126250e+03 
2865600000 1.126050e+03 
2866000000 1.111050e+03 
2866400000 1.113900e+03 
2866800000 1125 
2867200000 1.111600e+03 
2867600000 1.126850e+03 
2.868000e+09 1127 
2.868400e+09 1.128200e+03 
2.868800e+09 1127 
2869200000 1.124550e+03 
2869600000 1.144050e+03 
2870000000 1.136500e+03 
2870400000 1.138200e+03 
2870800000 1.140150e+03 
2871200000 1.135800e+03 
2871600000 1.127600e+03 
2872000000 1.104900e+03 
2.872400e+09 1.123250e+03 
2.872800e+09 1.117600e+03 
2873200000 1.112300e+03 
2873600000 1.122350e+03 
2874000000 1.124550e+03 
2874400000 1.119950e+03 
2874800000 1.130450e+03 
2875200000 1.126550e+03 
2875600000 1.122050e+03 
2.876000e+09 1.111900e+03 
2.876400e+09 1.112900e+03 
2.876800e+09 1.112600e+03 
2877200000 1.105550e+03 
2877600000 1.106850e+03 
2878000000 1.106950e+03 
2878400000 1.092850e+03 
2878800000 1.099050e+03 
2879200000 1.102750e+03 
2879600000 1.114150e+03 
2880000000 1.111750e+03 
2.880400e+09 1.117250e+03 
2.880800e+09 1.119500e+03 
2881200000 1.121250e+03 
2881600000 1.124500e+03 
2882000000 1.125400e+03 
2882400000 1139 
2882800000 1.127100e+03 
2883200000 1.120450e+03 
2883600000 1.115150e+03 
2.884000e+09 1.139850e+03 
2.884400e+09 1131 
2.884800e+09 1.140950e+03 
2885200000 1.142150e+03 
2885600000 1.157200e+03 
2886000000 1.171450e+03 
2886400000 1.158950e+03 
2886800000 1.158100e+03 
2887200000 1.157350e+03 
2887600000 1.148400e+03 
2888000000 1.162850e+03 
2.888400e+09 1.158400e+03 
2.888800e+09 1.158500e+03 
2889200000 1.166500e+03 
2889600000 1.162400e+03 
2890000000 1.169050e+03 
2890400000 1174 
2890800000 1.189900e+03 
2891200000 1175 
2891600000 1.177400e+03 
2.892000e+09 1.183450e+03 
2.892400e+09 1189 
2.892800e+09 1.181450e+03 
2893200000 1.179750e+03 
2893600000 1.175500e+03 
2894000000 1.187250e+03 
2894400000 1.178750e+03 
2894800000 1.171450e+03 
2895200000 1.175100e+03 
2895600000 1.181400e+03 
2896000000 1.185400e+03 
2.896400e+09 1.199750e+03 
2.896800e+09 1.195150e+03 
2897200000 1.192400e+03 
2897600000 1.195350e+03 
2898000000 1.194600e+03 
2898400000 1.193950e+03 
2898800000 1187 
2899200000 1.190150e+03 
2899600000 1.190300e+03 
2.900000e+09 1.187900e+03 
2.900400e+09 1.202550e+03 
2.900800e+09 1.185200e+03 
2901200000 1.188650e+03 
2901600000 1.205800e+03 
2902000000 1.191400e+03 
2902400000 1.204650e+03 
2902800000 1.198200e+03 
2903200000 1.188150e+03 
2903600000 1.201150e+03 
2904000000 1190 
2.904400e+09 1.203050e+03 
2.904800e+09 1.209350e+03 
2905200000 1.199150e+03 
2905600000 1.191700e+03 
2906000000 1.195250e+03 
2906400000 1.191450e+03 
2906800000 1.188050e+03 
2907200000 1.213850e+03 
2907600000 1.205600e+03 
2.908000e+09 1.193850e+03 
2.908400e+09 1.201300e+03 
2.908800e+09 1.197800e+03 
2909200000 1.192750e+03 
2909600000 1.193250e+03 
2910000000 1.186850e+03 

END
