IGOR
WAVES/D/O sweep,sig(1) 
BEGIN
2830000000 9.782500e+02 
2830400000 9.895500e+02 
2830800000 9.902000e+02 
2831200000 9.817000e+02 
2831600000 9.693000e+02 
2832000000 9.864500e+02 
2.832400e+09 9.904000e+02 
2832800000 9.879000e+02 
2833200000 9.792000e+02 
2833600000 977 
2834000000 9.843000e+02 
2834400000 9.881500e+02 
2834800000 9.723500e+02 
2835200000 9.768500e+02 
2835600000 9.824000e+02 
2.836000e+09 9.852000e+02 
2.836400e+09 9.707500e+02 
2836800000 9.824000e+02 
2837200000 9.821500e+02 
2837600000 9.763000e+02 
2838000000 9.775000e+02 
2838400000 9.869000e+02 
2838800000 9.900500e+02 
2839200000 9.768500e+02 
2839600000 9.747000e+02 
2840000000 9.834000e+02 
2.840400e+09 9.726000e+02 
2840800000 9.627500e+02 
2841200000 9.684000e+02 
2841600000 9.813000e+02 
2842000000 9.803000e+02 
2842400000 9.908000e+02 
2842800000 9.810500e+02 
2843200000 9.938500e+02 
2843600000 9.752500e+02 
2.844000e+09 9.846000e+02 
2.844400e+09 9.655500e+02 
2844800000 9.791500e+02 
2845200000 9.769000e+02 
2845600000 9.689500e+02 
2846000000 9.623000e+02 
2846400000 980 
2846800000 9.642000e+02 
2847200000 9.655000e+02 
2847600000 9.748000e+02 
2848000000 9.582000e+02 
2.848400e+09 9.702000e+02 
2848800000 9.694500e+02 
2849200000 9.775000e+02 
2849600000 9.771000e+02 
2850000000 9.695000e+02 
2850400000 9.726500e+02 
2850800000 9.712500e+02 
2851200000 9.655500e+02 
2851600000 9.653500e+02 
2.852000e+09 9.729500e+02 
2.852400e+09 9.791000e+02 
2852800000 9.862500e+02 
2853200000 9.684000e+02 
2853600000 9.661000e+02 
2854000000 9.637000e+02 
2854400000 9.603500e+02 
2854800000 9.635000e+02 
2855200000 9.693500e+02 
2855600000 9.580500e+02 
2856000000 9.678000e+02 
2.856400e+09 9.595000e+02 
2856800000 9.721500e+02 
2857200000 9.594000e+02 
2857600000 9.702500e+02 
2858000000 9.495000e+02 
2858400000 9.628000e+02 
2858800000 9.801500e+02 
2859200000 9.787000e+02 
2859600000 9.816000e+02 
2.860000e+09 971 
2.860400e+09 9.664000e+02 
2860800000 9.726500e+02 
2861200000 9.545000e+02 
2861600000 9.602000e+02 
2862000000 9.622000e+02 
2862400000 9.638500e+02 
2862800000 9.676500e+02 
2863200000 9.749500e+02 
2863600000 966 
2864000000 9.745500e+02 
2.864400e+09 9.775500e+02 
2864800000 9.543500e+02 
2865200000 9.786500e+02 
2865600000 9.696000e+02 
2866000000 9.771000e+02 
2866400000 9.696500e+02 
2866800000 9.701500e+02 
2867200000 9.699500e+02 
2867600000 9.757500e+02 
2.868000e+09 9.777000e+02 
2.868400e+09 9.723000e+02 
2.868800e+09 9.647000e+02 
2869200000 9.733000e+02 
2869600000 9.736000e+02 
2870000000 9.884000e+02 
2870400000 9.831500e+02 
2870800000 979 
2871200000 9.854000e+02 
2871600000 9.816500e+02 
2872000000 9.778000e+02 
2.872400e+09 9.768500e+02 
2.872800e+09 9.777000e+02 
2873200000 9.863500e+02 
2873600000 985 
2874000000 9.836000e+02 
2874400000 9.867000e+02 
2874800000 9.837500e+02 
2875200000 9.826500e+02 
2875600000 9.953500e+02 
2.876000e+09 9.843500e+02 
2.876400e+09 9.877500e+02 
2.876800e+09 9.852500e+02 
2877200000 9.778500e+02 
2877600000 9.798000e+02 
2878000000 9.827500e+02 
2878400000 9.707500e+02 
2878800000 9.832000e+02 
2879200000 9.818500e+02 
2879600000 9.819000e+02 
2880000000 9.806000e+02 
2.880400e+09 9.822000e+02 
2.880800e+09 9.976000e+02 
2881200000 9.946500e+02 
2881600000 9.812500e+02 
2882000000 9.736500e+02 
2882400000 9.845000e+02 
2882800000 9.797500e+02 
2883200000 9.781500e+02 
2883600000 9.894500e+02 
2.884000e+09 9.808000e+02 
2.884400e+09 9.895500e+02 
2.884800e+09 9.819500e+02 
2885200000 9.874500e+02 
2885600000 9.851500e+02 
2886000000 989 
2886400000 9.817000e+02 
2886800000 9.891000e+02 
2887200000 9.759000e+02 
2887600000 9.707500e+02 
2888000000 9.784500e+02 
2.888400e+09 9.623500e+02 
2.888800e+09 9.809500e+02 
2889200000 9.698500e+02 
2889600000 9.798000e+02 
2890000000 9.793000e+02 
2890400000 9.826500e+02 
2890800000 9.756000e+02 
2891200000 9.833000e+02 
2891600000 9.798000e+02 
2.892000e+09 9.895000e+02 
2.892400e+09 9.600500e+02 
2.892800e+09 9.813500e+02 
2893200000 9.755000e+02 
2893600000 9.705500e+02 
2894000000 9.686000e+02 
2894400000 9.582000e+02 
2894800000 9.671500e+02 
2895200000 9.690500e+02 
2895600000 9.806000e+02 
2896000000 9.536500e+02 
2.896400e+09 9.727000e+02 
2.896800e+09 971 
2897200000 9.642500e+02 
2897600000 9.724000e+02 
2898000000 9.602500e+02 
2898400000 9.713500e+02 
2898800000 9.729500e+02 
2899200000 9.623500e+02 
2899600000 9.623500e+02 
2.900000e+09 9.539500e+02 
2.900400e+09 9.603000e+02 
2.900800e+09 9.652500e+02 
2901200000 9.656500e+02 
2901600000 980 
2902000000 9.712500e+02 
2902400000 9.681000e+02 
2902800000 9.577500e+02 
2903200000 964 
2903600000 9.706000e+02 
2904000000 9.598000e+02 
2.904400e+09 9.661500e+02 
2.904800e+09 9.530500e+02 
2905200000 9.739000e+02 
2905600000 9.642000e+02 
2906000000 9.708000e+02 
2906400000 9.669500e+02 
2906800000 9.656500e+02 
2907200000 9.744000e+02 
2907600000 9.804000e+02 
2.908000e+09 9.630500e+02 
2.908400e+09 9.688500e+02 
2.908800e+09 9.657000e+02 
2909200000 9.767000e+02 
2909600000 9.794500e+02 
2910000000 9.693000e+02 

END
