IGOR
WAVES/D/O sweep,sig(1) 
BEGIN
2830000000 1197 
2830400000 1.189450e+03 
2830800000 1.193400e+03 
2831200000 1.183450e+03 
2831600000 1.186250e+03 
2832000000 1.191700e+03 
2.832400e+09 1.181100e+03 
2832800000 1.170300e+03 
2833200000 1.199050e+03 
2833600000 1.184600e+03 
2834000000 1.191700e+03 
2834400000 1.184900e+03 
2834800000 1.183650e+03 
2835200000 1.195500e+03 
2835600000 1.183450e+03 
2.836000e+09 1189 
2.836400e+09 1.180900e+03 
2836800000 1.192850e+03 
2837200000 1.182050e+03 
2837600000 1.185150e+03 
2838000000 1.165550e+03 
2838400000 1.179650e+03 
2838800000 1173 
2839200000 1.173750e+03 
2839600000 1.183400e+03 
2840000000 1.173950e+03 
2.840400e+09 1.198300e+03 
2840800000 1.177750e+03 
2841200000 1.187100e+03 
2841600000 1180 
2842000000 1.184350e+03 
2842400000 1160 
2842800000 1.177800e+03 
2843200000 1.169250e+03 
2843600000 1.180800e+03 
2.844000e+09 1.173050e+03 
2.844400e+09 1.188750e+03 
2844800000 1.183350e+03 
2845200000 1.165700e+03 
2845600000 1.175900e+03 
2846000000 1.172150e+03 
2846400000 1.168550e+03 
2846800000 1.181850e+03 
2847200000 1.169250e+03 
2847600000 1.165050e+03 
2848000000 1.159600e+03 
2.848400e+09 1155 
2848800000 1.172400e+03 
2849200000 1165 
2849600000 1.149950e+03 
2850000000 1157 
2850400000 1.158250e+03 
2850800000 1.156750e+03 
2851200000 1.174750e+03 
2851600000 1.153150e+03 
2.852000e+09 1.149400e+03 
2.852400e+09 1.160950e+03 
2852800000 1.163050e+03 
2853200000 1.147750e+03 
2853600000 1.149100e+03 
2854000000 1127 
2854400000 1.141900e+03 
2854800000 1.146050e+03 
2855200000 1.124200e+03 
2855600000 1.138100e+03 
2856000000 1.151150e+03 
2.856400e+09 1.134750e+03 
2856800000 1.126100e+03 
2857200000 1.127250e+03 
2857600000 1.121200e+03 
2858000000 1.119800e+03 
2858400000 1.123800e+03 
2858800000 1.128900e+03 
2859200000 1.129550e+03 
2859600000 1.111150e+03 
2.860000e+09 1.125850e+03 
2.860400e+09 1.104750e+03 
2860800000 1.119800e+03 
2861200000 1.107800e+03 
2861600000 1.135450e+03 
2862000000 1.114300e+03 
2862400000 1115 
2862800000 1.123850e+03 
2863200000 1.109500e+03 
2863600000 1.111200e+03 
2864000000 1.130250e+03 
2.864400e+09 1.100150e+03 
2864800000 1.100400e+03 
2865200000 1.101550e+03 
2865600000 1.112050e+03 
2866000000 1.118500e+03 
2866400000 1.109850e+03 
2866800000 1.120400e+03 
2867200000 1.122100e+03 
2867600000 1.123300e+03 
2.868000e+09 1.126300e+03 
2.868400e+09 1.112200e+03 
2.868800e+09 1.126350e+03 
2869200000 1.124350e+03 
2869600000 1.130800e+03 
2870000000 1.114150e+03 
2870400000 1.125450e+03 
2870800000 1.112700e+03 
2871200000 1.138200e+03 
2871600000 1.125200e+03 
2872000000 1.126700e+03 
2.872400e+09 1.113550e+03 
2.872800e+09 1.132250e+03 
2873200000 1.130950e+03 
2873600000 1.120600e+03 
2874000000 1.105050e+03 
2874400000 1.101600e+03 
2874800000 1.098550e+03 
2875200000 1.094550e+03 
2875600000 1.093600e+03 
2.876000e+09 1.089800e+03 
2.876400e+09 1.114850e+03 
2.876800e+09 1.104550e+03 
2877200000 1.111950e+03 
2877600000 1.100700e+03 
2878000000 1098 
2878400000 1.087900e+03 
2878800000 1.102650e+03 
2879200000 1.107850e+03 
2879600000 1.098100e+03 
2880000000 1.100950e+03 
2.880400e+09 1.093600e+03 
2.880800e+09 1.110550e+03 
2881200000 1.093350e+03 
2881600000 1.107800e+03 
2882000000 1.126100e+03 
2882400000 1.121050e+03 
2882800000 1.118850e+03 
2883200000 1.114150e+03 
2883600000 1.128750e+03 
2.884000e+09 1.131700e+03 
2.884400e+09 1.133100e+03 
2.884800e+09 1.139900e+03 
2885200000 1.137050e+03 
2885600000 1.143250e+03 
2886000000 1.130700e+03 
2886400000 1.142750e+03 
2886800000 1.143100e+03 
2887200000 1.151200e+03 
2887600000 1.153900e+03 
2888000000 1.154900e+03 
2.888400e+09 1146 
2.888800e+09 1.187700e+03 
2889200000 1.158950e+03 
2889600000 1.167900e+03 
2890000000 1.159050e+03 
2890400000 1.175450e+03 
2890800000 1.161250e+03 
2891200000 1.167300e+03 
2891600000 1.148050e+03 
2.892000e+09 1.166800e+03 
2.892400e+09 1.157350e+03 
2.892800e+09 1.175600e+03 
2893200000 1.157200e+03 
2893600000 1.177550e+03 
2894000000 1.190900e+03 
2894400000 1.181250e+03 
2894800000 1.168950e+03 
2895200000 1.182050e+03 
2895600000 1.172200e+03 
2896000000 1.168800e+03 
2.896400e+09 1.170650e+03 
2.896800e+09 1.180050e+03 
2897200000 1.172400e+03 
2897600000 1.170800e+03 
2898000000 1.179800e+03 
2898400000 1.173450e+03 
2898800000 1.201850e+03 
2899200000 1.191750e+03 
2899600000 1.192200e+03 
2.900000e+09 1.190850e+03 
2.900400e+09 1.192950e+03 
2.900800e+09 1.180400e+03 
2901200000 1.185250e+03 
2901600000 1.185450e+03 
2902000000 1.178300e+03 
2902400000 1.178900e+03 
2902800000 1.171750e+03 
2903200000 1.181800e+03 
2903600000 1.185850e+03 
2904000000 1.193750e+03 
2.904400e+09 1.187750e+03 
2.904800e+09 1.203050e+03 
2905200000 1.192300e+03 
2905600000 1.188900e+03 
2906000000 1.191350e+03 
2906400000 1.188450e+03 
2906800000 1.199650e+03 
2907200000 1.195050e+03 
2907600000 1.181950e+03 
2.908000e+09 1.169450e+03 
2.908400e+09 1.186350e+03 
2.908800e+09 1.187600e+03 
2909200000 1.186450e+03 
2909600000 1.188700e+03 
2910000000 1205 

END
