IGOR
WAVES/D/O sweep,sig(1) 
BEGIN
2830000000 9.564000e+02 
2830400000 9.490500e+02 
2830800000 9.504000e+02 
2831200000 9.582500e+02 
2831600000 9.409000e+02 
2832000000 9.468500e+02 
2.832400e+09 9.520500e+02 
2832800000 9.370500e+02 
2833200000 9.547500e+02 
2833600000 9.533500e+02 
2834000000 9.501500e+02 
2834400000 9.531500e+02 
2834800000 9.583000e+02 
2835200000 9.480500e+02 
2835600000 9.573500e+02 
2.836000e+09 9.462000e+02 
2.836400e+09 9.598500e+02 
2836800000 9.742500e+02 
2837200000 9.591000e+02 
2837600000 9.443000e+02 
2838000000 951 
2838400000 9.454500e+02 
2838800000 9.562500e+02 
2839200000 9.492500e+02 
2839600000 9.495000e+02 
2840000000 9.537500e+02 
2.840400e+09 9.501000e+02 
2840800000 9.589500e+02 
2841200000 9.401000e+02 
2841600000 9.443000e+02 
2842000000 9.390500e+02 
2842400000 9.453500e+02 
2842800000 9.408000e+02 
2843200000 9.484000e+02 
2843600000 9.512500e+02 
2.844000e+09 9.371500e+02 
2.844400e+09 9.492000e+02 
2844800000 9.564500e+02 
2845200000 9.469000e+02 
2845600000 9.435000e+02 
2846000000 9.311000e+02 
2846400000 9.505500e+02 
2846800000 9.354000e+02 
2847200000 9.492000e+02 
2847600000 9.316500e+02 
2848000000 9.554000e+02 
2.848400e+09 9.305500e+02 
2848800000 9.417500e+02 
2849200000 9.446500e+02 
2849600000 9.519500e+02 
2850000000 9.487000e+02 
2850400000 9.343500e+02 
2850800000 956 
2851200000 9.426000e+02 
2851600000 9.456000e+02 
2.852000e+09 9.463500e+02 
2.852400e+09 9.388500e+02 
2852800000 9.507500e+02 
2853200000 9.396000e+02 
2853600000 9.340500e+02 
2854000000 9.381500e+02 
2854400000 9.333500e+02 
2854800000 9.413500e+02 
2855200000 9.348000e+02 
2855600000 9.325500e+02 
2856000000 9.376000e+02 
2.856400e+09 9.502000e+02 
2856800000 9.362000e+02 
2857200000 9.402000e+02 
2857600000 9.404000e+02 
2858000000 9.468000e+02 
2858400000 9.445000e+02 
2858800000 9.317000e+02 
2859200000 9.169500e+02 
2859600000 9.418000e+02 
2.860000e+09 9.267000e+02 
2.860400e+09 9.496000e+02 
2860800000 9.328000e+02 
2861200000 9.362000e+02 
2861600000 945 
2862000000 9.388500e+02 
2862400000 9.343000e+02 
2862800000 9.363000e+02 
2863200000 9.444000e+02 
2863600000 948 
2864000000 9.414000e+02 
2.864400e+09 9.538500e+02 
2864800000 9.456500e+02 
2865200000 9.418500e+02 
2865600000 9.354000e+02 
2866000000 9.414000e+02 
2866400000 9.429500e+02 
2866800000 9.345000e+02 
2867200000 9.428500e+02 
2867600000 9.504000e+02 
2.868000e+09 9.461000e+02 
2.868400e+09 9.562000e+02 
2.868800e+09 9.510500e+02 
2869200000 9.583000e+02 
2869600000 9.468000e+02 
2870000000 9.524000e+02 
2870400000 9.478000e+02 
2870800000 9.463000e+02 
2871200000 9.466500e+02 
2871600000 9.522500e+02 
2872000000 9.476500e+02 
2.872400e+09 9.488500e+02 
2.872800e+09 9.458000e+02 
2873200000 9.393000e+02 
2873600000 9.565500e+02 
2874000000 9.535000e+02 
2874400000 9.477000e+02 
2874800000 941 
2875200000 9.399500e+02 
2875600000 9.433500e+02 
2.876000e+09 9.469500e+02 
2.876400e+09 9.506500e+02 
2.876800e+09 9.622500e+02 
2877200000 9.491500e+02 
2877600000 9.574500e+02 
2878000000 9.603500e+02 
2878400000 9.574000e+02 
2878800000 9.516000e+02 
2879200000 9.497500e+02 
2879600000 9.525000e+02 
2880000000 9.530500e+02 
2.880400e+09 9.352000e+02 
2.880800e+09 9.506500e+02 
2881200000 9.489000e+02 
2881600000 9.485000e+02 
2882000000 9.482500e+02 
2882400000 9.562000e+02 
2882800000 9.475000e+02 
2883200000 9.522500e+02 
2883600000 9.580500e+02 
2.884000e+09 9.642500e+02 
2.884400e+09 9.483500e+02 
2.884800e+09 9.468500e+02 
2885200000 9.474000e+02 
2885600000 9.435000e+02 
2886000000 9.520500e+02 
2886400000 9.445000e+02 
2886800000 9.474500e+02 
2887200000 9.507000e+02 
2887600000 9.475000e+02 
2888000000 9.540500e+02 
2.888400e+09 9.408000e+02 
2.888800e+09 9.455000e+02 
2889200000 9.648000e+02 
2889600000 9.444500e+02 
2890000000 9.511000e+02 
2890400000 9.446000e+02 
2890800000 9.509000e+02 
2891200000 9.446000e+02 
2891600000 9.525500e+02 
2.892000e+09 9.387500e+02 
2.892400e+09 9.452000e+02 
2.892800e+09 9.334500e+02 
2893200000 9.322500e+02 
2893600000 9.341000e+02 
2894000000 9.405500e+02 
2894400000 9.362500e+02 
2894800000 9.310500e+02 
2895200000 9.323500e+02 
2895600000 9.307000e+02 
2896000000 9.401500e+02 
2.896400e+09 9.363000e+02 
2.896800e+09 9.344500e+02 
2897200000 9.409000e+02 
2897600000 9.449500e+02 
2898000000 9.388500e+02 
2898400000 9.391000e+02 
2898800000 932 
2899200000 9.306500e+02 
2899600000 9.471500e+02 
2.900000e+09 9.466500e+02 
2.900400e+09 9.328000e+02 
2.900800e+09 9.295000e+02 
2901200000 9.381000e+02 
2901600000 935 
2902000000 9.422000e+02 
2902400000 9.302500e+02 
2902800000 9.202000e+02 
2903200000 9.346000e+02 
2903600000 9.350500e+02 
2904000000 9.392000e+02 
2.904400e+09 9.493500e+02 
2.904800e+09 9.508000e+02 
2905200000 949 
2905600000 9.328500e+02 
2906000000 9.395500e+02 
2906400000 9.348000e+02 
2906800000 9.332500e+02 
2907200000 9.285500e+02 
2907600000 9.375500e+02 
2.908000e+09 947 
2.908400e+09 9.356500e+02 
2.908800e+09 9.413000e+02 
2909200000 9.327500e+02 
2909600000 9.379000e+02 
2910000000 9.449500e+02 

END
