IGOR
WAVES/D/O sweep,sig(1) 
BEGIN
2830000000 9.549500e+02 
2830400000 9.508500e+02 
2830800000 9.457500e+02 
2831200000 9.570500e+02 
2831600000 951 
2832000000 9.463500e+02 
2.832400e+09 9.528000e+02 
2832800000 9.469500e+02 
2833200000 9.523000e+02 
2833600000 9.515000e+02 
2834000000 9.627500e+02 
2834400000 9.447000e+02 
2834800000 9.640500e+02 
2835200000 9.479000e+02 
2835600000 9.557000e+02 
2.836000e+09 9.382500e+02 
2.836400e+09 9.458000e+02 
2836800000 9.394000e+02 
2837200000 9.476000e+02 
2837600000 9.508500e+02 
2838000000 9.403000e+02 
2838400000 9.506500e+02 
2838800000 9.266000e+02 
2839200000 9.470500e+02 
2839600000 9.537500e+02 
2840000000 9.420500e+02 
2.840400e+09 9.598000e+02 
2840800000 9.401500e+02 
2841200000 9.485000e+02 
2841600000 9.435500e+02 
2842000000 9.435500e+02 
2842400000 9.483000e+02 
2842800000 9.451500e+02 
2843200000 9.350500e+02 
2843600000 9.475500e+02 
2.844000e+09 9.372000e+02 
2.844400e+09 9.535500e+02 
2844800000 9.548000e+02 
2845200000 9.427000e+02 
2845600000 9.399500e+02 
2846000000 9.469500e+02 
2846400000 9.591000e+02 
2846800000 9.444000e+02 
2847200000 9.479000e+02 
2847600000 9.313500e+02 
2848000000 9.451500e+02 
2.848400e+09 9.428500e+02 
2848800000 9.374000e+02 
2849200000 9.268500e+02 
2849600000 9.361500e+02 
2850000000 9.433000e+02 
2850400000 9.386000e+02 
2850800000 9.408500e+02 
2851200000 9.316500e+02 
2851600000 9.391000e+02 
2.852000e+09 9.362500e+02 
2.852400e+09 9.397500e+02 
2852800000 9.448500e+02 
2853200000 9.336500e+02 
2853600000 9.372000e+02 
2854000000 9.453500e+02 
2854400000 9.316500e+02 
2854800000 9.394000e+02 
2855200000 930 
2855600000 9.507000e+02 
2856000000 9.311000e+02 
2.856400e+09 9.267000e+02 
2856800000 9.438000e+02 
2857200000 9.389500e+02 
2857600000 9.371500e+02 
2858000000 9.238000e+02 
2858400000 946 
2858800000 9.401500e+02 
2859200000 9.310500e+02 
2859600000 9.386500e+02 
2.860000e+09 9.271000e+02 
2.860400e+09 9.424500e+02 
2860800000 9.396500e+02 
2861200000 9.377500e+02 
2861600000 9.448500e+02 
2862000000 9.499000e+02 
2862400000 9.384000e+02 
2862800000 9.448500e+02 
2863200000 9.319500e+02 
2863600000 9.279500e+02 
2864000000 9.362500e+02 
2.864400e+09 9.385000e+02 
2864800000 9.348000e+02 
2865200000 9.428500e+02 
2865600000 9.410500e+02 
2866000000 9.468000e+02 
2866400000 9.369500e+02 
2866800000 9.425000e+02 
2867200000 9.498500e+02 
2867600000 9.377000e+02 
2.868000e+09 9.482500e+02 
2.868400e+09 9.466000e+02 
2.868800e+09 947 
2869200000 9.509000e+02 
2869600000 9.546500e+02 
2870000000 9.509000e+02 
2870400000 9.364500e+02 
2870800000 9.434000e+02 
2871200000 9.399000e+02 
2871600000 9.509000e+02 
2872000000 9.651000e+02 
2.872400e+09 9.481500e+02 
2.872800e+09 9.464500e+02 
2873200000 9.556000e+02 
2873600000 9.507500e+02 
2874000000 9.525000e+02 
2874400000 9.432000e+02 
2874800000 9.572500e+02 
2875200000 9.463500e+02 
2875600000 9.516500e+02 
2.876000e+09 9.501000e+02 
2.876400e+09 9.383000e+02 
2.876800e+09 9.472000e+02 
2877200000 9.559000e+02 
2877600000 9.463500e+02 
2878000000 9.641000e+02 
2878400000 9.596500e+02 
2878800000 9.444000e+02 
2879200000 943 
2879600000 9.471500e+02 
2880000000 9.493000e+02 
2.880400e+09 9.336500e+02 
2.880800e+09 9.529000e+02 
2881200000 9.476500e+02 
2881600000 954 
2882000000 9.424500e+02 
2882400000 9.424000e+02 
2882800000 9.605000e+02 
2883200000 9.566500e+02 
2883600000 9.593000e+02 
2.884000e+09 9.470500e+02 
2.884400e+09 9.452000e+02 
2.884800e+09 9.396000e+02 
2885200000 9.435000e+02 
2885600000 9.417000e+02 
2886000000 9.487500e+02 
2886400000 9.443500e+02 
2886800000 9.392500e+02 
2887200000 945 
2887600000 9.481500e+02 
2888000000 9.576000e+02 
2.888400e+09 9.472500e+02 
2.888800e+09 9.458500e+02 
2889200000 9.413500e+02 
2889600000 9.387000e+02 
2890000000 9.434000e+02 
2890400000 9.488000e+02 
2890800000 9.326500e+02 
2891200000 9.489000e+02 
2891600000 9.299500e+02 
2.892000e+09 9.425000e+02 
2.892400e+09 9.311500e+02 
2.892800e+09 9.307000e+02 
2893200000 9.374000e+02 
2893600000 9.396000e+02 
2894000000 9.411000e+02 
2894400000 9.334000e+02 
2894800000 9.252500e+02 
2895200000 9.302500e+02 
2895600000 9.375500e+02 
2896000000 9.285000e+02 
2.896400e+09 9.329500e+02 
2.896800e+09 9.342000e+02 
2897200000 9.261000e+02 
2897600000 9.349000e+02 
2898000000 934 
2898400000 9.397500e+02 
2898800000 9.300500e+02 
2899200000 9.324500e+02 
2899600000 9.290500e+02 
2.900000e+09 9.425000e+02 
2.900400e+09 9.293000e+02 
2.900800e+09 9.231500e+02 
2901200000 9.399000e+02 
2901600000 9.259000e+02 
2902000000 9.342500e+02 
2902400000 9.216500e+02 
2902800000 9.327500e+02 
2903200000 9.414500e+02 
2903600000 9.334000e+02 
2904000000 9.396500e+02 
2.904400e+09 9.243000e+02 
2.904800e+09 9.285000e+02 
2905200000 9.328500e+02 
2905600000 9.357000e+02 
2906000000 946 
2906400000 9.289000e+02 
2906800000 945 
2907200000 9.282000e+02 
2907600000 9.358000e+02 
2.908000e+09 9.287000e+02 
2.908400e+09 9.399000e+02 
2.908800e+09 9.501000e+02 
2909200000 9.383500e+02 
2909600000 9.493000e+02 
2910000000 9.414500e+02 

END
