IGOR
WAVES/D/O sweep,sig(1) 
BEGIN
2830000000 1.161300e+03 
2830400000 1.157700e+03 
2830800000 1.164200e+03 
2831200000 1.163250e+03 
2831600000 1.156500e+03 
2832000000 1.157250e+03 
2.832400e+09 1.141600e+03 
2832800000 1.161900e+03 
2833200000 1.148750e+03 
2833600000 1155 
2834000000 1.146900e+03 
2834400000 1.155050e+03 
2834800000 1.151800e+03 
2835200000 1152 
2835600000 1.158550e+03 
2.836000e+09 1.155650e+03 
2.836400e+09 1.155650e+03 
2836800000 1.143800e+03 
2837200000 1.155700e+03 
2837600000 1.152700e+03 
2838000000 1.152050e+03 
2838400000 1.157600e+03 
2838800000 1.145200e+03 
2839200000 1.151250e+03 
2839600000 1.146050e+03 
2840000000 1.148950e+03 
2.840400e+09 1156 
2840800000 1153 
2841200000 1.139150e+03 
2841600000 1.176200e+03 
2842000000 1.152050e+03 
2842400000 1.147700e+03 
2842800000 1.151300e+03 
2843200000 1.156550e+03 
2843600000 1.149250e+03 
2.844000e+09 1.147500e+03 
2.844400e+09 1139 
2844800000 1.152950e+03 
2845200000 1.140900e+03 
2845600000 1.144250e+03 
2846000000 1.133400e+03 
2846400000 1.141350e+03 
2846800000 1.146900e+03 
2847200000 1.143600e+03 
2847600000 1.134900e+03 
2848000000 1.140650e+03 
2.848400e+09 1.143650e+03 
2848800000 1.141050e+03 
2849200000 1.140800e+03 
2849600000 1.137850e+03 
2850000000 1.135350e+03 
2850400000 1147 
2850800000 1.139950e+03 
2851200000 1.139850e+03 
2851600000 1.124050e+03 
2.852000e+09 1.143750e+03 
2.852400e+09 1.124150e+03 
2852800000 1.113850e+03 
2853200000 1.115800e+03 
2853600000 1.132750e+03 
2854000000 1.111300e+03 
2854400000 1.107400e+03 
2854800000 1119 
2855200000 1.096800e+03 
2855600000 1.125950e+03 
2856000000 1.108100e+03 
2.856400e+09 1.113550e+03 
2856800000 1.089350e+03 
2857200000 1.111650e+03 
2857600000 1.114050e+03 
2858000000 1.081500e+03 
2858400000 1.082250e+03 
2858800000 1.086450e+03 
2859200000 1.089900e+03 
2859600000 1.097200e+03 
2.860000e+09 1.078100e+03 
2.860400e+09 1.087100e+03 
2860800000 1.084600e+03 
2861200000 1.085150e+03 
2861600000 1.071700e+03 
2862000000 1.081600e+03 
2862400000 1.092550e+03 
2862800000 1.098250e+03 
2863200000 1.078550e+03 
2863600000 1.081800e+03 
2864000000 1.077450e+03 
2.864400e+09 1.072850e+03 
2864800000 1.081450e+03 
2865200000 1.088650e+03 
2865600000 1.098100e+03 
2866000000 1.083600e+03 
2866400000 1.088150e+03 
2866800000 1.094500e+03 
2867200000 1.074500e+03 
2867600000 1.085300e+03 
2.868000e+09 1.082800e+03 
2.868400e+09 1.105900e+03 
2.868800e+09 1.097700e+03 
2869200000 1.086900e+03 
2869600000 1.106700e+03 
2870000000 1.119550e+03 
2870400000 1.091850e+03 
2870800000 1.087400e+03 
2871200000 1.094500e+03 
2871600000 1.101400e+03 
2872000000 1.090250e+03 
2.872400e+09 1.083850e+03 
2.872800e+09 1.090750e+03 
2873200000 1.092800e+03 
2873600000 1.090600e+03 
2874000000 1.095900e+03 
2874400000 1.072400e+03 
2874800000 1.092700e+03 
2875200000 1.091450e+03 
2875600000 1.083500e+03 
2.876000e+09 1.071050e+03 
2.876400e+09 1.080250e+03 
2.876800e+09 1.074700e+03 
2877200000 1.086700e+03 
2877600000 1.086250e+03 
2878000000 1.076700e+03 
2878400000 1.069350e+03 
2878800000 1.073250e+03 
2879200000 1089 
2879600000 1.077700e+03 
2880000000 1.072800e+03 
2.880400e+09 1.081550e+03 
2.880800e+09 1.079500e+03 
2881200000 1.080200e+03 
2881600000 1.067500e+03 
2882000000 1.082800e+03 
2882400000 1.092750e+03 
2882800000 1.104100e+03 
2883200000 1.097850e+03 
2883600000 1091 
2.884000e+09 1.105950e+03 
2.884400e+09 1.097350e+03 
2.884800e+09 1092 
2885200000 1.109850e+03 
2885600000 1.107300e+03 
2886000000 1.115500e+03 
2886400000 1.115250e+03 
2886800000 1.109650e+03 
2887200000 1.108450e+03 
2887600000 1.124400e+03 
2888000000 1.111400e+03 
2.888400e+09 1.122350e+03 
2.888800e+09 1.117450e+03 
2889200000 1.138700e+03 
2889600000 1144 
2890000000 1.129500e+03 
2890400000 1.132050e+03 
2890800000 1.136150e+03 
2891200000 1.131850e+03 
2891600000 1.140050e+03 
2.892000e+09 1.156150e+03 
2.892400e+09 1.144750e+03 
2.892800e+09 1.143400e+03 
2893200000 1.136300e+03 
2893600000 1.152850e+03 
2894000000 1.140050e+03 
2894400000 1.158500e+03 
2894800000 1.148200e+03 
2895200000 1.142450e+03 
2895600000 1.155450e+03 
2896000000 1152 
2.896400e+09 1.144100e+03 
2.896800e+09 1.146400e+03 
2897200000 1.144550e+03 
2897600000 1.139300e+03 
2898000000 1.144150e+03 
2898400000 1.152500e+03 
2898800000 1.164350e+03 
2899200000 1.156950e+03 
2899600000 1.152850e+03 
2.900000e+09 1141 
2.900400e+09 1155 
2.900800e+09 1.147200e+03 
2901200000 1.146200e+03 
2901600000 1.166600e+03 
2902000000 1.155650e+03 
2902400000 1.156850e+03 
2902800000 1.144100e+03 
2903200000 1.159650e+03 
2903600000 1.150800e+03 
2904000000 1.162850e+03 
2.904400e+09 1.155200e+03 
2.904800e+09 1.159200e+03 
2905200000 1.158800e+03 
2905600000 1.168450e+03 
2906000000 1163 
2906400000 1.156850e+03 
2906800000 1.151700e+03 
2907200000 1.167950e+03 
2907600000 1.162450e+03 
2.908000e+09 1.157500e+03 
2.908400e+09 1.150100e+03 
2.908800e+09 1.156400e+03 
2909200000 1.162850e+03 
2909600000 1.159900e+03 
2910000000 1.159800e+03 

END
