IGOR
WAVES/D/O sweep,sig(1) 
BEGIN
2830000000 955 
2830400000 958 
2830800000 9.409500e+02 
2831200000 9.386500e+02 
2831600000 9.417500e+02 
2832000000 9.473500e+02 
2.832400e+09 9.454500e+02 
2832800000 9.374000e+02 
2833200000 9.484500e+02 
2833600000 9.457500e+02 
2834000000 9.424500e+02 
2834400000 9.638000e+02 
2834800000 9.548000e+02 
2835200000 944 
2835600000 9.464000e+02 
2.836000e+09 9.498500e+02 
2.836400e+09 9.444500e+02 
2836800000 9.478000e+02 
2837200000 9.466500e+02 
2837600000 9.546000e+02 
2838000000 9.431000e+02 
2838400000 9.370500e+02 
2838800000 9.574500e+02 
2839200000 9.486500e+02 
2839600000 9.465500e+02 
2840000000 9.545000e+02 
2.840400e+09 9.382500e+02 
2840800000 9.484500e+02 
2841200000 9.537000e+02 
2841600000 9.488500e+02 
2842000000 9.486000e+02 
2842400000 9.401500e+02 
2842800000 9.363500e+02 
2843200000 9.414000e+02 
2843600000 9.429500e+02 
2.844000e+09 9.421500e+02 
2.844400e+09 9.348500e+02 
2844800000 9.482500e+02 
2845200000 9.360500e+02 
2845600000 9.411500e+02 
2846000000 9.515000e+02 
2846400000 9.371000e+02 
2846800000 9.458000e+02 
2847200000 9.467500e+02 
2847600000 9.346000e+02 
2848000000 9.311000e+02 
2.848400e+09 927 
2848800000 9.335000e+02 
2849200000 9.411000e+02 
2849600000 9.334500e+02 
2850000000 9.422000e+02 
2850400000 9.263000e+02 
2850800000 9.381000e+02 
2851200000 9.373000e+02 
2851600000 9.443000e+02 
2.852000e+09 9.350500e+02 
2.852400e+09 9.356500e+02 
2852800000 9.421000e+02 
2853200000 9.200500e+02 
2853600000 9.354000e+02 
2854000000 9.339000e+02 
2854400000 9.377000e+02 
2854800000 9.229000e+02 
2855200000 9.288000e+02 
2855600000 9.389500e+02 
2856000000 9.303500e+02 
2.856400e+09 9.251500e+02 
2856800000 9.311000e+02 
2857200000 9.372500e+02 
2857600000 9.116000e+02 
2858000000 9.363500e+02 
2858400000 9.431500e+02 
2858800000 9.313500e+02 
2859200000 939 
2859600000 9.281000e+02 
2.860000e+09 9.346000e+02 
2.860400e+09 9.416000e+02 
2860800000 9.418500e+02 
2861200000 9.411500e+02 
2861600000 9.328500e+02 
2862000000 9.406000e+02 
2862400000 9.486000e+02 
2862800000 9.416500e+02 
2863200000 9.331000e+02 
2863600000 9.398500e+02 
2864000000 930 
2.864400e+09 9.397000e+02 
2864800000 9.429500e+02 
2865200000 9.399500e+02 
2865600000 9.325500e+02 
2866000000 9.248500e+02 
2866400000 9.353500e+02 
2866800000 9.508000e+02 
2867200000 9.522000e+02 
2867600000 9.335000e+02 
2.868000e+09 9.477500e+02 
2.868400e+09 9.396500e+02 
2.868800e+09 9.379500e+02 
2869200000 9.596500e+02 
2869600000 9.518000e+02 
2870000000 9.442500e+02 
2870400000 9.377000e+02 
2870800000 9.395000e+02 
2871200000 9.529000e+02 
2871600000 9.383500e+02 
2872000000 9.418500e+02 
2.872400e+09 9.559000e+02 
2.872800e+09 940 
2873200000 9.443000e+02 
2873600000 9.523000e+02 
2874000000 9.377000e+02 
2874400000 9.383000e+02 
2874800000 9.565500e+02 
2875200000 9.377500e+02 
2875600000 9.412500e+02 
2.876000e+09 9.412000e+02 
2.876400e+09 9.546000e+02 
2.876800e+09 9.519500e+02 
2877200000 9.572000e+02 
2877600000 9.509000e+02 
2878000000 9.612500e+02 
2878400000 9.482000e+02 
2878800000 9.535000e+02 
2879200000 9.525500e+02 
2879600000 9.582000e+02 
2880000000 9.575000e+02 
2.880400e+09 9.436500e+02 
2.880800e+09 9.521000e+02 
2881200000 9.441000e+02 
2881600000 9.423000e+02 
2882000000 9.467500e+02 
2882400000 9.496000e+02 
2882800000 9.592500e+02 
2883200000 9.502000e+02 
2883600000 9.532000e+02 
2.884000e+09 9.326500e+02 
2.884400e+09 9.396000e+02 
2.884800e+09 9.358500e+02 
2885200000 9.554000e+02 
2885600000 9.428500e+02 
2886000000 9.556500e+02 
2886400000 9.378500e+02 
2886800000 934 
2887200000 9.527000e+02 
2887600000 9.435500e+02 
2888000000 9.497000e+02 
2.888400e+09 944 
2.888800e+09 9.543500e+02 
2889200000 9.474000e+02 
2889600000 9.474500e+02 
2890000000 9.526500e+02 
2890400000 9.413500e+02 
2890800000 9.448000e+02 
2891200000 9.388500e+02 
2891600000 9.487000e+02 
2.892000e+09 9.268500e+02 
2.892400e+09 9.411000e+02 
2.892800e+09 9.453000e+02 
2893200000 9.373500e+02 
2893600000 9.357000e+02 
2894000000 9.348500e+02 
2894400000 9.301500e+02 
2894800000 9.474500e+02 
2895200000 9.448000e+02 
2895600000 9.348000e+02 
2896000000 9.364000e+02 
2.896400e+09 9.311000e+02 
2.896800e+09 9.237000e+02 
2897200000 9.331000e+02 
2897600000 9.427500e+02 
2898000000 9.218500e+02 
2898400000 9.387000e+02 
2898800000 9.257500e+02 
2899200000 9.252000e+02 
2899600000 9.270500e+02 
2.900000e+09 9.326000e+02 
2.900400e+09 9.294500e+02 
2.900800e+09 9.287500e+02 
2901200000 9.376000e+02 
2901600000 9.349000e+02 
2902000000 938 
2902400000 9.226500e+02 
2902800000 9.311000e+02 
2903200000 9.374500e+02 
2903600000 9.384500e+02 
2904000000 935 
2.904400e+09 9.278000e+02 
2.904800e+09 9.341500e+02 
2905200000 9.416000e+02 
2905600000 9.331000e+02 
2906000000 9.395500e+02 
2906400000 9.421000e+02 
2906800000 9.413000e+02 
2907200000 9.293500e+02 
2907600000 9.202000e+02 
2.908000e+09 9.329000e+02 
2.908400e+09 9.379000e+02 
2.908800e+09 9.359000e+02 
2909200000 9.361500e+02 
2909600000 9.546500e+02 
2910000000 9.378000e+02 

END
