IGOR
WAVES/D/O sweep,sig(1) 
BEGIN
2830000000 1.201400e+03 
2830400000 1.184550e+03 
2830800000 1182 
2831200000 1.185500e+03 
2831600000 1.184650e+03 
2832000000 1.172650e+03 
2.832400e+09 1.173650e+03 
2832800000 1.158750e+03 
2833200000 1.183750e+03 
2833600000 1.187600e+03 
2834000000 1.192450e+03 
2834400000 1.189250e+03 
2834800000 1.179700e+03 
2835200000 1.192550e+03 
2835600000 1.199500e+03 
2.836000e+09 1.181850e+03 
2.836400e+09 1.181150e+03 
2836800000 1.181750e+03 
2837200000 1.182050e+03 
2837600000 1.170450e+03 
2838000000 1.165550e+03 
2838400000 1.174900e+03 
2838800000 1.185950e+03 
2839200000 1.179450e+03 
2839600000 1.181400e+03 
2840000000 1.177800e+03 
2.840400e+09 1.180350e+03 
2840800000 1.189300e+03 
2841200000 1.185100e+03 
2841600000 1.182750e+03 
2842000000 1.174800e+03 
2842400000 1.176550e+03 
2842800000 1.164400e+03 
2843200000 1.175200e+03 
2843600000 1.169250e+03 
2.844000e+09 1.170600e+03 
2.844400e+09 1.174950e+03 
2844800000 1.169200e+03 
2845200000 1.169900e+03 
2845600000 1.167150e+03 
2846000000 1168 
2846400000 1.166550e+03 
2846800000 1.174850e+03 
2847200000 1.165050e+03 
2847600000 1.159350e+03 
2848000000 1.155450e+03 
2.848400e+09 1.160600e+03 
2848800000 1.155650e+03 
2849200000 1.154900e+03 
2849600000 1.163850e+03 
2850000000 1.155650e+03 
2850400000 1.166650e+03 
2850800000 1169 
2851200000 1158 
2851600000 1.154150e+03 
2.852000e+09 1.147900e+03 
2.852400e+09 1.150400e+03 
2852800000 1.165200e+03 
2853200000 1.135750e+03 
2853600000 1.139950e+03 
2854000000 1.146800e+03 
2854400000 1.119350e+03 
2854800000 1.132300e+03 
2855200000 1.128150e+03 
2855600000 1.146350e+03 
2856000000 1.141050e+03 
2.856400e+09 1.138250e+03 
2856800000 1.141150e+03 
2857200000 1.128900e+03 
2857600000 1.141600e+03 
2858000000 1.120150e+03 
2858400000 1.111050e+03 
2858800000 1.112700e+03 
2859200000 1.116400e+03 
2859600000 1.127800e+03 
2.860000e+09 1.109750e+03 
2.860400e+09 1.115700e+03 
2860800000 1.106950e+03 
2861200000 1.114900e+03 
2861600000 1.123750e+03 
2862000000 1.125650e+03 
2862400000 1.127650e+03 
2862800000 1.109700e+03 
2863200000 1.111300e+03 
2863600000 1.094100e+03 
2864000000 1.098950e+03 
2.864400e+09 1.096700e+03 
2864800000 1.108800e+03 
2865200000 1.097300e+03 
2865600000 1.112800e+03 
2866000000 1.112850e+03 
2866400000 1.118200e+03 
2866800000 1.117800e+03 
2867200000 1.124850e+03 
2867600000 1.122950e+03 
2.868000e+09 1.132550e+03 
2.868400e+09 1.129150e+03 
2.868800e+09 1123 
2869200000 1.108800e+03 
2869600000 1121 
2870000000 1.117200e+03 
2870400000 1.111500e+03 
2870800000 1.115450e+03 
2871200000 1.118800e+03 
2871600000 1.118650e+03 
2872000000 1.122450e+03 
2.872400e+09 1.130400e+03 
2.872800e+09 1.120400e+03 
2873200000 1.105250e+03 
2873600000 1.124100e+03 
2874000000 1.119700e+03 
2874400000 1.100150e+03 
2874800000 1.093400e+03 
2875200000 1.103600e+03 
2875600000 1.094850e+03 
2.876000e+09 1.105850e+03 
2.876400e+09 1103 
2.876800e+09 1.111500e+03 
2877200000 1.110100e+03 
2877600000 1.099500e+03 
2878000000 1.112400e+03 
2878400000 1.109600e+03 
2878800000 1100 
2879200000 1.093650e+03 
2879600000 1.110550e+03 
2880000000 1.105150e+03 
2.880400e+09 1.108650e+03 
2.880800e+09 1.109400e+03 
2881200000 1.111600e+03 
2881600000 1.108250e+03 
2882000000 1.118850e+03 
2882400000 1.096950e+03 
2882800000 1.119150e+03 
2883200000 1.135700e+03 
2883600000 1.136200e+03 
2.884000e+09 1.141250e+03 
2.884400e+09 1.129600e+03 
2.884800e+09 1.147750e+03 
2885200000 1.118950e+03 
2885600000 1.135450e+03 
2886000000 1.148950e+03 
2886400000 1.134450e+03 
2886800000 1.138850e+03 
2887200000 1.159700e+03 
2887600000 1.143550e+03 
2888000000 1.175200e+03 
2.888400e+09 1.166550e+03 
2.888800e+09 1162 
2889200000 1.168150e+03 
2889600000 1.168950e+03 
2890000000 1.159100e+03 
2890400000 1.167700e+03 
2890800000 1.159400e+03 
2891200000 1.162150e+03 
2891600000 1.158550e+03 
2.892000e+09 1.164750e+03 
2.892400e+09 1.172850e+03 
2.892800e+09 1.169450e+03 
2893200000 1.178250e+03 
2893600000 1.166250e+03 
2894000000 1.172600e+03 
2894400000 1.185350e+03 
2894800000 1.170550e+03 
2895200000 1.183350e+03 
2895600000 1.178200e+03 
2896000000 1170 
2.896400e+09 1.173350e+03 
2.896800e+09 1.164750e+03 
2897200000 1.175450e+03 
2897600000 1176 
2898000000 1.173750e+03 
2898400000 1.186050e+03 
2898800000 1.185350e+03 
2899200000 1.178900e+03 
2899600000 1.193100e+03 
2.900000e+09 1.183250e+03 
2.900400e+09 1.197600e+03 
2.900800e+09 1.178550e+03 
2901200000 1.181300e+03 
2901600000 1.174750e+03 
2902000000 1.187450e+03 
2902400000 1.181050e+03 
2902800000 1.170700e+03 
2903200000 1.179700e+03 
2903600000 1.172600e+03 
2904000000 1.187250e+03 
2.904400e+09 1.191850e+03 
2.904800e+09 1.187200e+03 
2905200000 1.194600e+03 
2905600000 1.185950e+03 
2906000000 1.184600e+03 
2906400000 1.180250e+03 
2906800000 1.183400e+03 
2907200000 1.173600e+03 
2907600000 1.187250e+03 
2.908000e+09 1.177850e+03 
2.908400e+09 1.180050e+03 
2.908800e+09 1.190500e+03 
2909200000 1.193650e+03 
2909600000 1.188200e+03 
2910000000 1.188750e+03 

END
