IGOR
WAVES/D/O sweep,sig(1) 
BEGIN
2830000000 9.586500e+02 
2830400000 9.329500e+02 
2830800000 9.319500e+02 
2831200000 9.453000e+02 
2831600000 9.280500e+02 
2832000000 9.434500e+02 
2.832400e+09 9.393500e+02 
2832800000 9.321000e+02 
2833200000 9.205500e+02 
2833600000 9.490500e+02 
2834000000 9.603500e+02 
2834400000 9.427500e+02 
2834800000 9.569500e+02 
2835200000 9.283000e+02 
2835600000 9.338000e+02 
2.836000e+09 9.470500e+02 
2.836400e+09 9.370500e+02 
2836800000 9.336000e+02 
2837200000 9.399500e+02 
2837600000 9.506500e+02 
2838000000 9.424000e+02 
2838400000 9.442000e+02 
2838800000 9.326500e+02 
2839200000 9.319000e+02 
2839600000 9.435500e+02 
2840000000 9.409000e+02 
2.840400e+09 9.444500e+02 
2840800000 9.402000e+02 
2841200000 9.503000e+02 
2841600000 9.449500e+02 
2842000000 9.256500e+02 
2842400000 9.393000e+02 
2842800000 9.436500e+02 
2843200000 9.254500e+02 
2843600000 9.321000e+02 
2.844000e+09 9.335500e+02 
2.844400e+09 9.341000e+02 
2844800000 9.421000e+02 
2845200000 9.359000e+02 
2845600000 9.375000e+02 
2846000000 9.403000e+02 
2846400000 9.459000e+02 
2846800000 9.352500e+02 
2847200000 9.258000e+02 
2847600000 9.296000e+02 
2848000000 9.336500e+02 
2.848400e+09 9.324500e+02 
2848800000 9.286000e+02 
2849200000 9.336000e+02 
2849600000 9.155500e+02 
2850000000 9.322000e+02 
2850400000 9.412500e+02 
2850800000 9.185000e+02 
2851200000 9.226000e+02 
2851600000 9.403000e+02 
2.852000e+09 9.248500e+02 
2.852400e+09 9.383500e+02 
2852800000 9.244500e+02 
2853200000 9.187000e+02 
2853600000 9.267500e+02 
2854000000 9.355500e+02 
2854400000 9.264000e+02 
2854800000 9.204500e+02 
2855200000 9.206500e+02 
2855600000 9.249000e+02 
2856000000 9.317000e+02 
2.856400e+09 9.334000e+02 
2856800000 9.326000e+02 
2857200000 9.226000e+02 
2857600000 9.311000e+02 
2858000000 9.148500e+02 
2858400000 9.199000e+02 
2858800000 9.221500e+02 
2859200000 9.177000e+02 
2859600000 9.338500e+02 
2.860000e+09 9.203000e+02 
2.860400e+09 9.265500e+02 
2860800000 9.255500e+02 
2861200000 9.192000e+02 
2861600000 9.409500e+02 
2862000000 9.267500e+02 
2862400000 9.311500e+02 
2862800000 9.281000e+02 
2863200000 9.251000e+02 
2863600000 9.257000e+02 
2864000000 9.229500e+02 
2.864400e+09 9.326000e+02 
2864800000 9.153500e+02 
2865200000 9.292000e+02 
2865600000 9.297000e+02 
2866000000 934 
2866400000 9.265000e+02 
2866800000 934 
2867200000 9.377500e+02 
2867600000 9.303500e+02 
2.868000e+09 9.362000e+02 
2.868400e+09 9.462000e+02 
2.868800e+09 9.275500e+02 
2869200000 9.422500e+02 
2869600000 9.452500e+02 
2870000000 9.444000e+02 
2870400000 9.408000e+02 
2870800000 9.298000e+02 
2871200000 9.370500e+02 
2871600000 9.476500e+02 
2872000000 9.426000e+02 
2.872400e+09 9.334500e+02 
2.872800e+09 9.414000e+02 
2873200000 9.305000e+02 
2873600000 9.483500e+02 
2874000000 9.373500e+02 
2874400000 9.302000e+02 
2874800000 9.345500e+02 
2875200000 9.471500e+02 
2875600000 9.207000e+02 
2.876000e+09 9.333000e+02 
2.876400e+09 9.540500e+02 
2.876800e+09 9.257500e+02 
2877200000 9.437000e+02 
2877600000 9.446500e+02 
2878000000 9.412500e+02 
2878400000 9.466500e+02 
2878800000 9.417500e+02 
2879200000 9.464000e+02 
2879600000 9.383000e+02 
2880000000 938 
2.880400e+09 9.367500e+02 
2.880800e+09 9.526000e+02 
2881200000 9.324000e+02 
2881600000 9.316000e+02 
2882000000 9.265000e+02 
2882400000 9.408500e+02 
2882800000 9.316000e+02 
2883200000 936 
2883600000 9.474000e+02 
2.884000e+09 9.407500e+02 
2.884400e+09 9.405000e+02 
2.884800e+09 9.355500e+02 
2885200000 9.416000e+02 
2885600000 9.472000e+02 
2886000000 9.445000e+02 
2886400000 9.327000e+02 
2886800000 9.331000e+02 
2887200000 9.403000e+02 
2887600000 9.294000e+02 
2888000000 9.351000e+02 
2.888400e+09 9.444500e+02 
2.888800e+09 9.339000e+02 
2889200000 9.439000e+02 
2889600000 926 
2890000000 9.334000e+02 
2890400000 9.324500e+02 
2890800000 9.324000e+02 
2891200000 9.255000e+02 
2891600000 9.386500e+02 
2.892000e+09 9.458000e+02 
2.892400e+09 9.300500e+02 
2.892800e+09 9.367500e+02 
2893200000 9.393500e+02 
2893600000 9.388000e+02 
2894000000 9.466000e+02 
2894400000 9.269000e+02 
2894800000 9.326500e+02 
2895200000 9.469000e+02 
2895600000 9.351000e+02 
2896000000 9.274000e+02 
2.896400e+09 9.302500e+02 
2.896800e+09 9.334000e+02 
2897200000 9.284000e+02 
2897600000 9.247000e+02 
2898000000 9.265500e+02 
2898400000 9.211500e+02 
2898800000 9.272500e+02 
2899200000 9.322000e+02 
2899600000 9.217500e+02 
2.900000e+09 9.465500e+02 
2.900400e+09 9.288000e+02 
2.900800e+09 9.320500e+02 
2901200000 9.300500e+02 
2901600000 9.291500e+02 
2902000000 9.291000e+02 
2902400000 9.356000e+02 
2902800000 9.362000e+02 
2903200000 9.425000e+02 
2903600000 9.352500e+02 
2904000000 9.191500e+02 
2.904400e+09 9.292000e+02 
2.904800e+09 9.308500e+02 
2905200000 9.421000e+02 
2905600000 9.286500e+02 
2906000000 9.420500e+02 
2906400000 9.228000e+02 
2906800000 9.324000e+02 
2907200000 9.306500e+02 
2907600000 9.335000e+02 
2.908000e+09 9.276000e+02 
2.908400e+09 9.289000e+02 
2.908800e+09 9.331500e+02 
2909200000 9.496500e+02 
2909600000 9.347500e+02 
2910000000 9.358000e+02 

END
