IGOR
WAVES/D/O sweep,sig(1) 
BEGIN
2830000000 1.180350e+03 
2830400000 1.172550e+03 
2830800000 1.160700e+03 
2831200000 1.183800e+03 
2831600000 1.155850e+03 
2832000000 1.166650e+03 
2.832400e+09 1.173700e+03 
2832800000 1.157450e+03 
2833200000 1.156750e+03 
2833600000 1.171600e+03 
2834000000 1.160750e+03 
2834400000 1.164350e+03 
2834800000 1.177300e+03 
2835200000 1.177200e+03 
2835600000 1.170900e+03 
2.836000e+09 1.162400e+03 
2.836400e+09 1.160550e+03 
2836800000 1.158700e+03 
2837200000 1.171350e+03 
2837600000 1.166250e+03 
2838000000 1.159100e+03 
2838400000 1.173700e+03 
2838800000 1.176650e+03 
2839200000 1.169500e+03 
2839600000 1.167600e+03 
2840000000 1.173150e+03 
2.840400e+09 1.163200e+03 
2840800000 1170 
2841200000 1.167300e+03 
2841600000 1.154500e+03 
2842000000 1.157800e+03 
2842400000 1.170650e+03 
2842800000 1.157200e+03 
2843200000 1.162500e+03 
2843600000 1.164850e+03 
2.844000e+09 1156 
2.844400e+09 1.177450e+03 
2844800000 1.165100e+03 
2845200000 1.152100e+03 
2845600000 1.159550e+03 
2846000000 1.161450e+03 
2846400000 1.156200e+03 
2846800000 1.166650e+03 
2847200000 1.147250e+03 
2847600000 1.144750e+03 
2848000000 1.152150e+03 
2.848400e+09 1.138800e+03 
2848800000 1.138750e+03 
2849200000 1.141400e+03 
2849600000 1.148050e+03 
2850000000 1.137650e+03 
2850400000 1.131950e+03 
2850800000 1.147700e+03 
2851200000 1145 
2851600000 1.152950e+03 
2.852000e+09 1.146100e+03 
2.852400e+09 1.147050e+03 
2852800000 1.130550e+03 
2853200000 1.129250e+03 
2853600000 1.136750e+03 
2854000000 1.132200e+03 
2854400000 1.131950e+03 
2854800000 1.123100e+03 
2855200000 1.128850e+03 
2855600000 1.104750e+03 
2856000000 1.126950e+03 
2.856400e+09 1.122850e+03 
2856800000 1.123550e+03 
2857200000 1.105100e+03 
2857600000 1.103900e+03 
2858000000 1.099900e+03 
2858400000 1.109350e+03 
2858800000 1.099750e+03 
2859200000 1.083550e+03 
2859600000 1101 
2.860000e+09 1.122600e+03 
2.860400e+09 1.106200e+03 
2860800000 1.096350e+03 
2861200000 1.090950e+03 
2861600000 1104 
2862000000 1.091900e+03 
2862400000 1.085800e+03 
2862800000 1.089050e+03 
2863200000 1.084400e+03 
2863600000 1.088350e+03 
2864000000 1.086750e+03 
2.864400e+09 1.100350e+03 
2864800000 1.085700e+03 
2865200000 1.101250e+03 
2865600000 1.088350e+03 
2866000000 1.099450e+03 
2866400000 1.099400e+03 
2866800000 1.100550e+03 
2867200000 1.112400e+03 
2867600000 1.101100e+03 
2.868000e+09 1108 
2.868400e+09 1.109250e+03 
2.868800e+09 1.100900e+03 
2869200000 1.124050e+03 
2869600000 1.111800e+03 
2870000000 1.114550e+03 
2870400000 1.101750e+03 
2870800000 1.110200e+03 
2871200000 1.108450e+03 
2871600000 1.111400e+03 
2872000000 1.103900e+03 
2.872400e+09 1.099350e+03 
2.872800e+09 1.109100e+03 
2873200000 1.097150e+03 
2873600000 1.102300e+03 
2874000000 1.100050e+03 
2874400000 1.095900e+03 
2874800000 1.087700e+03 
2875200000 1.094350e+03 
2875600000 1.092950e+03 
2.876000e+09 1.090500e+03 
2.876400e+09 1.096600e+03 
2.876800e+09 1.082600e+03 
2877200000 1.085950e+03 
2877600000 1.079050e+03 
2878000000 1.099800e+03 
2878400000 1.093700e+03 
2878800000 1.080300e+03 
2879200000 1.086350e+03 
2879600000 1.077150e+03 
2880000000 1.087150e+03 
2.880400e+09 1.089200e+03 
2.880800e+09 1.103050e+03 
2881200000 1.098800e+03 
2881600000 1.104050e+03 
2882000000 1.099500e+03 
2882400000 1.109450e+03 
2882800000 1.102850e+03 
2883200000 1.108200e+03 
2883600000 1.122700e+03 
2.884000e+09 1.105550e+03 
2.884400e+09 1.119250e+03 
2.884800e+09 1.120950e+03 
2885200000 1.128900e+03 
2885600000 1.113550e+03 
2886000000 1.118050e+03 
2886400000 1.127700e+03 
2886800000 1.137950e+03 
2887200000 1.124300e+03 
2887600000 1.150400e+03 
2888000000 1.130150e+03 
2.888400e+09 1.151300e+03 
2.888800e+09 1.142550e+03 
2889200000 1.150550e+03 
2889600000 1150 
2890000000 1.126200e+03 
2890400000 1.141250e+03 
2890800000 1.137200e+03 
2891200000 1.131800e+03 
2891600000 1.147050e+03 
2.892000e+09 1.160350e+03 
2.892400e+09 1.144750e+03 
2.892800e+09 1.156150e+03 
2893200000 1.149800e+03 
2893600000 1.164150e+03 
2894000000 1174 
2894400000 1.163250e+03 
2894800000 1.144500e+03 
2895200000 1.153650e+03 
2895600000 1.141600e+03 
2896000000 1.162350e+03 
2.896400e+09 1.161100e+03 
2.896800e+09 1.150100e+03 
2897200000 1.159100e+03 
2897600000 1.171100e+03 
2898000000 1.147750e+03 
2898400000 1.162450e+03 
2898800000 1.156650e+03 
2899200000 1.161600e+03 
2899600000 1.178800e+03 
2.900000e+09 1.180600e+03 
2.900400e+09 1.163200e+03 
2.900800e+09 1.173400e+03 
2901200000 1.165100e+03 
2901600000 1.170100e+03 
2902000000 1.154650e+03 
2902400000 1.171200e+03 
2902800000 1.168650e+03 
2903200000 1.162400e+03 
2903600000 1.167950e+03 
2904000000 1.168250e+03 
2.904400e+09 1.167250e+03 
2.904800e+09 1.183750e+03 
2905200000 1.167100e+03 
2905600000 1.161950e+03 
2906000000 1.172300e+03 
2906400000 1.184250e+03 
2906800000 1.176200e+03 
2907200000 1.159550e+03 
2907600000 1.154300e+03 
2.908000e+09 1.178850e+03 
2.908400e+09 1.173500e+03 
2.908800e+09 1.176900e+03 
2909200000 1.176600e+03 
2909600000 1.181600e+03 
2910000000 1.182800e+03 

END
